cores,time,running_job_len
1.0,0.0,1.0
2.0,0.97,2.0
70.0,2.91,70.0
69.0,76.59958363906323,69.0
143.0,137.74,70.0
152.0,227.74,69.0
166.0,300.72508491589616,68.0
163.0,300.89638660761983,67.0
160.0,302.0127717499264,66.0
157.0,302.6252682140008,65.0
154.0,302.62768166037165,64.0
152.0,303.6456602973003,63.0
149.0,305.17393390757786,62.0
146.0,307.20175827450464,61.0
142.0,307.85837676908693,60.0
142.0,313.89302411699424,59.0
139.0,315.04506791795234,58.0
137.0,316.885518388188,57.0
134.0,317.43927624946195,56.0
131.0,318.4569412316353,55.0
128.0,319.48383300479685,54.0
126.0,321.3872543336455,53.0
123.0,323.64572336819543,52.0
121.0,324.6897964699427,51.0
118.0,324.75808543384335,50.0
116.0,328.34635645121017,49.0
113.0,329.28233387254136,48.0
110.0,330.8095899079064,47.0
107.0,331.3121941201732,46.0
104.0,331.98553900798504,45.0
101.0,332.90476890719367,44.0
97.0,336.263392370614,43.0
94.0,336.5747074344341,42.0
91.0,336.7105714702939,41.0
90.0,339.3391585597544,40.0
87.0,339.6371034527731,39.0
84.0,340.0086148491297,38.0
80.0,343.14087165034846,37.0
79.0,346.2190439408529,36.0
76.0,347.9025766255202,35.0
73.0,352.5869174372484,34.0
70.0,353.5701807668903,33.0
67.0,354.20355221807864,32.0
64.0,354.9856568564632,31.0
60.0,357.36448576787575,30.0
57.0,365.07290100529394,29.0
56.0,383.7661885982471,28.0
55.0,396.64294838843495,27.0
52.0,400.133116408127,26.0
51.0,401.3597661144832,25.0
48.0,402.27544503917125,24.0
46.0,404.63738454952306,23.0
44.0,405.4419617623431,22.0
41.0,418.3343985559636,21.0
38.0,418.5376949424368,20.0
35.0,421.63822218636506,19.0
33.0,424.073979138826,18.0
29.0,427.0887654618145,17.0
27.0,428.00382506348996,16.0
25.0,433.05627405008136,15.0
23.0,435.9311093795972,14.0
21.0,455.71823437920216,13.0
19.0,455.8375768573773,12.0
16.0,456.64674926546985,11.0
14.0,463.94832361492354,10.0
11.0,465.5855526050135,9.0
9.0,473.2140973521093,8.0
7.0,480.652509610435,7.0
6.0,529.1498355339412,6.0
5.0,542.6118276811405,5.0
4.0,585.3201770574539,4.0
0.0,602.91,0.0
32.0,1547.15,1.0
0.0,1596.301905722308,0.0
20.0,8504.96,1.0
0.0,8563.96,0.0
48.0,10301.4,1.0
143.0,11122.02,2.0
32.0,13638.108431063996,1.0
80.0,16523.95,2.0
191.0,16544.32,3.0
274.0,16703.399999999998,4.0
320.0,16743.17,5.0
274.0,16751.6883390217,4.0
254.0,16802.17,3.0
274.0,16854.72,4.0
294.0,16870.239999999998,5.0
295.0,16895.482787515088,4.0
254.0,16905.34334607175,3.0
274.0,16939.11,4.0
254.0,16998.11,3.0
274.0,17007.01,4.0
294.0,17012.829999999998,5.0
274.0,17043.431947766883,4.0
254.0,17059.829999999998,3.0
274.0,17227.2,4.0
254.0,17285.2,3.0
274.0,17331.96,4.0
254.0,17430.538528562793,3.0
334.0,17500.739999999998,4.0
254.0,17598.676649998673,3.0
374.0,17694.739999999998,4.0
254.0,17830.739999999998,3.0
414.0,18251.52,4.0
254.0,18394.39828130121,3.0
334.0,20463.12,4.0
254.0,20897.20764496788,3.0
454.0,21034.45,4.0
254.0,21202.920898230772,3.0
454.0,21333.21,4.0
254.0,21495.21,3.0
454.0,21545.64,4.0
884.0,21683.38,5.0
734.0,21694.38,4.0
254.0,21717.987235692137,3.0
1414.0,25543.98,4.0
1315.0,43116.41271428097,3.0
1271.0,48210.555053503056,2.0
2979.0,49887.1,3.0
2779.0,50193.52798336345,2.0
2979.0,50306.14,3.0
2779.0,50539.885807092505,2.0
2979.0,51823.22,3.0
2779.0,55423.22,2.0
3299.0,55564.51,3.0
2779.0,56660.920795614475,2.0
6875.0,56813.87,3.0
6883.0,57532.64,4.0
6875.0,57579.64,3.0
6883.0,57757.68,4.0
6875.0,58095.68,3.0
6883.0,58128.22,4.0
6875.0,58280.22,3.0
6883.0,58427.95,4.0
6899.0,58675.3,5.0
6953.0,58938.17,6.0
6993.0,60043.0,7.0
6882.0,61322.88369971487,6.0
7134.0,63696.02,7.0
6934.0,63821.04111258165,6.0
7134.0,63860.92,7.0
6934.0,63948.91709925017,6.0
7134.0,64068.5,7.0
6934.0,64203.5,6.0
7134.0,64206.24,7.0
7594.0,64383.75,8.0
7196.0,64597.637214584895,7.0
6934.0,64808.378442348476,6.0
7334.0,65341.14,7.0
8254.0,65440.08,8.0
7334.0,65456.0587502271,7.0
8054.0,65503.13,8.0
7134.0,65544.07363869938,7.0
7794.0,65600.13,8.0
7530.0,67238.3368485142,7.0
7690.0,68375.3,11.0
7954.0,68376.27,15.0
7913.0,68416.60789893438,14.0
7821.0,68419.81558420217,13.0
7781.0,68448.02967472062,12.0
7726.0,68450.18065013799,11.0
7650.0,68450.28428148558,10.0
7530.0,68462.27,7.0
8130.0,68551.84,12.0
9178.0,68552.81,15.0
9216.0,68788.48,15.0
8896.0,68644.81,14.0
8616.0,68656.81,13.0
9216.0,68934.02,15.0
8848.0,68950.98915941076,14.0
9216.0,68951.3677434915,20.0
9216.0,68958.04098484755,20.0
9216.0,68979.89654282236,20.0
9216.0,68988.4177434915,20.0
9216.0,69014.69633859172,20.0
9216.0,69017.98083791274,20.0
8815.0,69045.58939229045,19.0
8187.0,69060.10911161746,18.0
7683.0,69088.11450455147,17.0
7301.0,69089.92175917223,16.0
9216.0,69323.95999999999,17.0
9216.0,69362.4560811995,17.0
9216.0,69351.79999999999,17.0
9216.0,69358.06330534308,17.0
9216.0,69365.31516033768,17.0
9164.0,69371.46115719476,16.0
8612.0,69470.20106137078,15.0
8232.0,69554.89616264096,14.0
8004.0,69599.11024507362,13.0
7855.0,69616.87673077961,12.0
7933.0,69785.40512212945,11.0
7749.0,69795.41124341547,10.0
7464.0,69801.9492512185,9.0
7403.0,70427.84009058413,8.0
6455.0,70430.36444127373,7.0
7017.0,70878.87,8.0
6997.0,70930.00157166187,7.0
7017.0,70982.66,8.0
6997.0,71023.4808663967,7.0
7017.0,71155.31999999999,8.0
6954.0,71176.10802778036,7.0
6934.0,71200.31999999999,6.0
6954.0,71629.65,7.0
7234.0,71646.14,8.0
7214.0,71676.9955114593,7.0
6934.0,71767.22094932538,6.0
7214.0,71883.79,7.0
6934.0,71987.79,6.0
7534.0,72394.98,7.0
8594.0,72798.5,8.0
8978.0,72806.26,9.0
8334.0,72879.7647646965,8.0
8640.0,73105.99,9.0
9216.0,73461.98,10.0
8640.0,73513.23784364088,9.0
8594.0,73515.23618320073,8.0
8314.0,73583.98,7.0
8594.0,73717.09,8.0
8818.0,73850.95,9.0
8594.0,73851.53408879632,8.0
8952.0,73950.86,9.0
8594.0,74002.50956895313,8.0
8914.0,74208.88,9.0
9114.0,74255.44,10.0
8975.0,74633.10385263918,9.0
9216.0,74666.59718883577,9.0
8467.0,74784.98052803926,8.0
8546.0,74786.03,9.0
8578.0,74915.04,10.0
8720.0,75077.03,11.0
8795.0,75201.19,12.0
8870.0,75254.54,13.0
8902.0,75332.14,14.0
9182.0,75540.69,15.0
9216.0,75737.59999999999,16.0
8992.0,75962.80619365175,15.0
8932.0,76188.60131632048,15.0
9216.0,76252.43410257148,15.0
9216.0,76269.6758732441,15.0
8428.0,76330.1835536921,14.0
8812.0,76810.42,15.0
9216.0,77205.20999999999,16.0
8812.0,77248.00154368662,15.0
8612.0,77302.20999999999,14.0
8632.0,77311.91,15.0
8612.0,77367.91,14.0
8632.0,77413.76,15.0
8612.0,77469.01022682438,14.0
8812.0,77541.8,15.0
8623.0,77676.8,14.0
8643.0,77802.73,15.0
8623.0,77855.41563889469,14.0
8643.0,77893.91,15.0
8623.0,77971.91,14.0
8643.0,78364.36,15.0
8633.0,78504.36,14.0
8833.0,78637.9,15.0
8853.0,78689.31,16.0
8650.0,78764.71623144826,15.0
8633.0,78765.14266481591,14.0
8653.0,78906.59,15.0
8633.0,78996.59,14.0
8933.0,78998.73999999999,15.0
8892.0,79043.78405328184,14.0
7512.0,79067.91301103854,13.0
8102.0,79144.23999999999,14.0
7412.0,79214.75134080871,13.0
7212.0,79280.23999999999,12.0
7412.0,80665.2,13.0
7212.0,80782.99996353159,12.0
7412.0,80872.78,13.0
7212.0,80994.58006415273,12.0
7213.0,81778.76,13.0
7212.0,81943.76,12.0
7213.0,82146.39,13.0
7212.0,82206.35753527335,12.0
7213.0,82354.94,13.0
7212.0,82417.94,12.0
7277.0,82609.08,14.0
7276.0,82699.08,13.0
7277.0,82733.23999999999,14.0
7276.0,82812.23999999999,13.0
7277.0,83162.95,14.0
7276.0,83209.55250193593,13.0
7296.0,87197.18,14.0
7276.0,87283.63600414581,13.0
7576.0,87305.81999999999,14.0
8271.0,87562.87,15.0
7581.0,87591.69537534202,14.0
7281.0,87863.87,13.0
7431.0,87990.64,14.0
7926.0,88167.18,15.0
7581.0,88189.94328686218,14.0
8271.0,88250.59999999998,15.0
7581.0,88299.14495797656,14.0
8371.0,88330.14,15.0
8033.0,88388.62812887655,14.0
7281.0,88464.41555472612,13.0
7581.0,88603.68,14.0
8181.0,88619.2,15.0
9216.0,88745.3,16.0
8424.0,88746.28217949206,15.0
7821.0,88796.28919143559,14.0
8823.0,88916.02,15.0
7581.0,88957.55936501207,14.0
9171.0,89052.79,15.0
9216.0,89087.82999999999,15.0
8526.0,89141.7042050387,14.0
9216.0,89221.37421387983,14.0
7401.0,89420.3360308013,14.0
7857.0,89750.22,15.0
7977.0,89816.18,16.0
7701.0,89875.8930530236,15.0
7755.0,89956.14396158903,14.0
7281.0,90095.53863762101,13.0
7401.0,90289.54,14.0
7281.0,90417.00791613029,13.0
7581.0,90517.49,14.0
7281.0,90729.26997402194,13.0
7581.0,91172.24,14.0
7281.0,91319.24,13.0
7581.0,92000.62,14.0
7991.0,92702.9,15.0
7971.0,92752.13291708956,14.0
7991.0,92926.0,15.0
7971.0,92974.50800653725,14.0
7991.0,93263.56,15.0
8037.0,93318.85,16.0
7991.0,93328.10696387463,15.0
7971.0,93373.14281279458,14.0
7991.0,93405.18,15.0
7971.0,93451.06679066601,14.0
7991.0,93527.4,15.0
8076.0,93614.7,16.0
8051.0,93617.7393455698,15.0
8235.0,93839.74,16.0
8051.0,93864.93102065321,15.0
7971.0,94141.0189283275,14.0
8051.0,94492.55,15.0
8159.0,94671.03,16.0
7975.0,94690.28847434568,15.0
7971.0,94721.03,14.0
7975.0,94749.6,15.0
7971.0,94788.566266601,14.0
8011.0,95003.74,15.0
7971.0,95324.74,14.0
8011.0,98637.36,15.0
7971.0,98731.36,14.0
8019.0,98837.18,15.0
8067.0,98852.7,16.0
8155.0,98858.52,18.0
8266.0,98862.4,19.0
8226.0,99025.81476689657,18.0
8409.0,99045.73,19.0
8289.0,99483.43442682062,18.0
5621.0,104592.3255345416,17.0
5646.0,124287.13903518961,16.0
5535.0,125915.13253649758,15.0
6821.0,134272.79888769574,14.0
6131.0,136644.87375122675,13.0
6134.0,138767.16076452355,12.0
6059.0,138946.2038070267,11.0
5993.0,141411.10570607174,10.0
5921.0,143378.33792804106,9.0
6293.0,149708.83,10.0
7121.0,149732.11,11.0
7949.0,149743.75,12.0
7121.0,149777.86030023723,11.0
7721.0,152061.08,12.0
7121.0,153434.95852441178,11.0
7721.0,154521.0,12.0
7646.0,155033.99751704186,11.0
8258.0,160400.16999999998,12.0
8415.0,166728.054592806,12.0
8403.0,175530.33889507945,12.0
7591.0,178076.04151208873,11.0
7639.0,182413.35,12.0
7750.0,182423.05,13.0
7798.0,182428.87,14.0
7846.0,182439.54,15.0
7894.0,182444.39,16.0
8005.0,182448.27,17.0
8053.0,182464.76,18.0
8117.0,183349.4,19.0
8059.0,191215.9720670259,18.0
7995.0,191420.40063398212,17.0
7545.0,193929.50053634003,16.0
7483.0,194921.38374461862,15.0
7482.0,199256.13580015147,14.0
2047.0,200582.99421693463,13.0
1974.0,202573.42972311363,12.0
1906.0,206409.39196739835,11.0
1791.0,207702.70382452558,10.0
1662.0,207844.7178512166,9.0
1508.0,212107.1727950955,8.0
1393.0,213394.0423681016,7.0
1753.0,221416.08,8.0
1393.0,221548.24842978406,7.0
1282.0,222439.44634948773,6.0
5378.0,225682.14,7.0
9216.0,226134.16,8.0
9216.0,226196.08000000002,8.0
9216.0,226225.6793121581,8.0
9213.0,226244.36692043027,7.0
9161.0,226344.06858170393,6.0
9216.0,234009.0,6.0
9216.0,239307.36009273116,6.0
9188.0,241894.64231976424,5.0
9162.0,242521.0335448725,4.0
9216.0,244043.03130713527,15.0
9216.0,245133.17787612136,15.0
9216.0,245220.42449158427,15.0
8791.0,245362.85834615916,14.0
8638.0,246869.30270636317,13.0
8191.0,247626.0293854903,12.0
9216.0,248665.32,13.0
9216.0,251028.41129747732,13.0
9123.0,253023.38290303413,12.0
9216.0,260199.47663918766,12.0
9216.0,265251.2336248858,12.0
8679.0,268337.187545882,11.0
7962.0,268464.2037300758,10.0
9216.0,270927.79,11.0
9216.0,279547.05,11.0
9216.0,273143.14999999997,11.0
9147.0,277205.12989781576,10.0
9216.0,296538.69890868734,10.0
8370.0,299252.65865806676,9.0
9216.0,309652.162096036,11.0
9216.0,310099.96787834784,14.0
8334.0,310723.08288276213,13.0
7779.0,315178.3093359924,12.0
9216.0,317004.73,13.0
9216.0,318579.04,14.0
7756.0,323271.3657102916,13.0
9216.0,325725.03,14.0
9213.0,327579.28433008253,13.0
8736.0,327827.27892132575,12.0
8733.0,328486.3171158072,11.0
9216.0,330242.32,12.0
9216.0,333576.548960503,12.0
9216.0,335208.6263882745,12.0
9216.0,336369.8611139985,13.0
9216.0,336422.6611139985,13.0
9216.0,336440.9912332574,13.0
9216.0,336445.0432279477,13.0
9212.0,336451.59494021605,12.0
9211.0,336514.12359678606,11.0
9216.0,337270.8981459179,11.0
9216.0,339729.3471073101,11.0
9100.0,343102.27022221824,10.0
9042.0,343235.2161531638,9.0
8931.0,348465.89937726245,8.0
9216.0,354729.0,9.0
9216.0,359204.15,9.0
9216.0,359903.0269741036,9.0
9216.0,360156.7122692405,9.0
9131.0,361256.53290603025,8.0
9216.0,361257.0597046313,16.0
9216.0,379154.842096036,16.0
9216.0,369737.90970463125,16.0
9216.0,379519.7735240466,16.0
9168.0,380496.53290603025,15.0
9120.0,380887.5603679182,14.0
9080.0,383945.61603153095,13.0
9058.0,386037.69994268875,12.0
8983.0,386561.8437843725,11.0
8893.0,387865.16267109354,10.0
8845.0,388738.79575617745,9.0
8811.0,389969.82577214687,8.0
8145.0,390826.682070931,7.0
8070.0,391520.3866198137,6.0
7990.0,392078.8101069253,5.0
8957.0,399046.77481831284,5.0
9216.0,400414.2716101114,5.0
6096.0,414696.77481831284,4.0
9216.0,414697.2970131369,14.0
9216.0,419929.66646443086,14.0
9216.0,421801.0632987971,14.0
9216.0,422588.0991445696,14.0
9216.0,425579.53216548177,14.0
9216.0,425911.07514471177,14.0
9216.0,427052.78338839015,14.0
9216.0,427872.53129971237,14.0
9216.0,427948.7462002493,15.0
9184.0,428074.7462002493,14.0
9216.0,428137.63,15.0
9125.0,429630.53073753364,14.0
9216.0,429630.538432811,18.0
9216.0,430759.72368180245,18.0
9128.0,431818.51583474653,17.0
9216.0,431819.00877473765,25.0
9216.0,434011.10683947307,25.0
9131.0,435212.4902201543,24.0
9216.0,435212.8375741241,31.0
9105.0,435402.2085020095,30.0
9042.0,437472.7161236743,29.0
8712.0,446593.6464619535,28.0
8612.0,449710.36736676405,27.0
7772.0,463881.83273414895,26.0
7749.0,465479.38447573344,25.0
6949.0,467736.535242403,24.0
9216.0,475360.434416884,26.0
9216.0,475653.14,26.0
9216.0,475782.57,26.0
9216.0,475808.83,26.0
9216.0,475954.14,26.0
9141.0,481165.6851886244,25.0
8001.0,484532.22592263157,25.0
8069.0,486136.84,26.0
8037.0,486694.5205054025,25.0
8069.0,486910.9,26.0
8037.0,487811.26295397413,25.0
8069.0,488327.1,26.0
7958.0,490493.3728030169,25.0
8978.0,501476.9590269538,24.0
8883.0,502529.72716801876,23.0
8772.0,503379.5409983315,22.0
8661.0,504748.5819772272,21.0
8586.0,504952.59409289056,20.0
8477.0,506452.0051102627,19.0
8402.0,509074.79307355575,18.0
8327.0,509504.4735363775,17.0
8276.0,512587.2843923208,16.0
8201.0,512975.51289291074,15.0
8126.0,514090.7480897204,14.0
8081.0,517016.2635047972,13.0
8038.0,518666.64396537084,12.0
7996.0,522933.0427903529,11.0
8087.0,523971.69,12.0
8198.0,523973.63,13.0
8309.0,523984.3,14.0
8198.0,526260.2450828032,13.0
8087.0,527086.5811581077,12.0
8087.0,530296.731789221,12.0
8012.0,532847.3886819417,11.0
8011.0,535833.5016075588,10.0
7916.0,538316.4787796754,9.0
8012.0,545668.6917137511,8.0
7937.0,548785.3510189067,7.0
7938.0,552217.12,8.0
7937.0,552275.12,7.0
7938.0,552432.46,8.0
7937.0,552490.46,7.0
7938.0,552632.28,8.0
7940.0,552652.65,9.0
7939.0,552669.785641252,8.0
7937.0,552745.65,7.0
7939.0,555521.91,8.0
7940.0,555589.8099999999,9.0
7938.0,555606.4794607281,8.0
7937.0,555622.6252555687,7.0
7938.0,555684.87,8.0
7939.0,555716.88,9.0
7939.0,555763.88,8.0
7937.0,555764.9801685509,7.0
7938.0,555954.53,8.0
7941.0,555976.84,9.0
7942.0,556011.76,10.0
7941.0,556025.6084032074,9.0
7942.0,556423.04,10.0
7941.0,556466.04,9.0
7940.0,556467.76,8.0
7937.0,557253.2100901683,7.0
7938.0,559227.3099999999,8.0
7937.0,559271.3604207819,7.0
7938.0,559388.33,8.0
7937.0,559438.33,7.0
7938.0,559612.4,8.0
7937.0,559650.7063516564,7.0
8057.0,559689.03,8.0
7937.0,560159.03,7.0
7938.0,560406.83,8.0
7937.0,560462.5155863177,7.0
7938.0,560610.53,8.0
7937.0,560668.53,7.0
7938.0,560696.86,8.0
7937.0,560742.1723232549,7.0
7957.0,560856.91,8.0
7958.0,560868.5499999999,9.0
7968.0,560925.5935204285,8.0
7937.0,561053.8698499294,7.0
7938.0,561062.5499999999,8.0
7937.0,561109.2805886618,7.0
7938.0,561218.72,8.0
7937.0,561282.72,7.0
7938.0,561315.72,8.0
7937.0,561373.72,7.0
7938.0,561397.2,8.0
7937.0,561455.2,7.0
7957.0,561677.53,8.0
7984.0,561869.59,9.0
7983.0,561916.59,8.0
7937.0,562009.8684809518,7.0
8337.0,562245.95,8.0
7937.0,562385.6794787376,7.0
7938.0,562600.0,8.0
7937.0,562642.4079061147,7.0
7957.0,563154.84,8.0
8116.0,563468.034416884,8.0
8096.0,563635.84,7.0
8496.0,564106.41,8.0
8096.0,564223.41,7.0
8236.0,564417.78,8.0
8237.0,564912.48,9.0
8309.0,564960.48,8.0
8096.0,565183.9302755048,7.0
8097.0,565958.14,8.0
8096.0,566016.14,7.0
8116.0,566034.77,8.0
8117.0,566071.63,9.0
8116.0,566112.9881629354,8.0
8476.0,566137.59,9.0
8607.0,566274.36,10.0
8494.0,566366.36,9.0
8614.0,566374.27,10.0
8576.0,566396.5307797418,9.0
8456.0,566467.27,8.0
8576.0,566555.66,9.0
8733.0,566592.52,10.0
8457.0,566626.7258890682,9.0
8456.0,566639.52,8.0
8856.0,566689.52,9.0
8936.0,566750.63,10.0
9216.0,566770.8228572683,10.0
9040.0,566822.4116165732,10.0
8856.0,566833.097333139,9.0
8456.0,566864.4116165732,8.0
8856.0,566910.6799999999,9.0
9108.0,567001.1658356468,9.0
8456.0,567057.4550203029,8.0
8457.0,567524.69,9.0
8456.0,567561.2345773951,8.0
8536.0,567892.32,9.0
8456.0,567985.32,8.0
8536.0,568084.38,9.0
8456.0,568171.0996415522,8.0
8536.0,568191.08,9.0
8720.0,568270.62,10.0
8536.0,568280.0916505648,9.0
8456.0,568431.62,8.0
8576.0,568467.53,9.0
8456.0,569047.53,8.0
8457.0,569463.72,9.0
8456.0,569493.6357906666,8.0
8458.0,569509.3099999999,9.0
8456.0,569599.3099999999,8.0
8457.0,570268.82,9.0
8456.0,570326.82,8.0
8576.0,570506.47,9.0
8733.0,570619.96,10.0
8457.0,570644.9932108601,9.0
8456.0,570677.96,8.0
8457.0,571104.96,9.0
8456.0,571162.96,8.0
8458.0,571172.86,9.0
8456.0,571238.8958720423,8.0
8576.0,571444.46,9.0
8456.0,571580.7897787938,8.0
8458.0,571667.5599999999,9.0
8456.0,571734.9654092409,8.0
8856.0,571794.63,9.0
8456.0,571856.63,8.0
8460.0,571861.5599999999,9.0
8586.0,572249.5599999999,10.0
8556.0,572329.3132375083,9.0
8456.0,572411.0202796184,8.0
8457.0,572785.97,9.0
8456.0,572833.084659662,8.0
8576.0,572988.7,9.0
8456.0,573078.7,8.0
8576.0,573293.28,9.0
8456.0,573378.28,8.0
8576.0,573453.33,9.0
8733.0,573832.6,10.0
8732.0,573881.6,9.0
8456.0,573923.4872009164,8.0
8458.0,573928.63,9.0
8456.0,574027.63,8.0
8458.0,574297.23,9.0
8456.0,574400.23,8.0
8460.0,574442.73,9.0
8456.0,574483.7165697246,8.0
8458.0,575203.21,9.0
8456.0,575272.2652999675,8.0
8460.0,575592.1799999999,9.0
8456.0,575639.599187658,8.0
8457.0,575661.0499999999,9.0
8456.0,575699.9564152966,8.0
8458.0,575937.5,9.0
8456.0,576029.5,8.0
8458.0,576051.96,9.0
8456.0,576094.1023000423,8.0
8460.0,576115.01,9.0
8456.0,576211.01,8.0
8576.0,577239.24,9.0
8456.0,577788.24,8.0
8576.0,577894.96,9.0
8733.0,578282.96,10.0
8732.0,578318.7572423874,9.0
8456.0,578360.0852656971,8.0
8457.0,578391.6,9.0
8456.0,578440.6,8.0
8460.0,578524.49,9.0
8470.0,578560.38,10.0
8460.0,578571.3289661576,9.0
8456.0,578655.38,8.0
8840.0,578734.98,9.0
8456.0,578816.7378789131,8.0
8458.0,578864.96,9.0
8846.0,578908.61,10.0
8840.0,578914.4909006926,9.0
9216.0,578980.39,10.0
9216.0,579013.4500000001,10.0
9216.0,579021.4513907443,10.0
9211.0,579037.5035772162,9.0
9216.0,579523.6298198067,11.0
9215.0,579581.59,10.0
9216.0,579622.53,11.0
9215.0,579670.53,10.0
9216.0,579967.85,11.0
9216.0,579978.25,11.0
9216.0,579988.1267476139,11.0
9213.0,579996.9967099457,10.0
9216.0,580005.7063379801,12.0
9215.0,580049.6799999999,11.0
9216.0,580200.6787875228,13.0
9216.0,580215.5498633907,13.0
9216.0,580227.8187875228,13.0
9214.0,580234.7663293971,12.0
9207.0,580246.8424184967,11.0
9216.0,585088.5631907396,13.0
9216.0,585104.1382335178,13.0
9216.0,585113.5079725615,13.0
9213.0,585122.5005274009,12.0
9216.0,585163.17,13.0
9215.0,585222.17,12.0
9216.0,585592.8852011886,14.0
9216.0,585614.8018687975,14.0
9216.0,585615.1430166895,14.0
9216.0,585627.4378100137,14.0
9212.0,585645.88,13.0
9216.0,585739.5264287705,13.0
9216.0,589363.7880631012,13.0
9216.0,592908.9864287705,13.0
9216.0,598537.59,13.0
9216.0,598640.7869413985,19.0
9174.0,598675.3682814278,18.0
9172.0,598679.8810235685,17.0
9175.0,598684.9706490271,16.0
9164.0,598688.6634965307,15.0
9162.0,598698.7810287705,13.0
9135.0,603938.9320595966,12.0
9216.0,605261.1455099288,12.0
9216.0,606313.59,12.0
9216.0,605310.1655099288,12.0
9216.0,605329.0097099289,12.0
9216.0,605388.8097017234,12.0
9216.0,605492.8097017234,12.0
9216.0,606092.8097017234,12.0
9216.0,606720.8313861169,12.0
9216.0,607256.8313861169,12.0
9216.0,621611.8956794174,15.0
8916.0,621889.8956794174,14.0
9216.0,621889.979885323,16.0
9216.0,623500.6956794175,16.0
9216.0,622015.9445188426,16.0
9216.0,622076.8274250438,16.0
9216.0,622189.8956794174,16.0
9216.0,622437.8956794174,16.0
9171.0,622557.1282184132,16.0
8916.0,622636.3233728865,15.0
9216.0,627907.8956794174,15.0
8856.0,630937.59,14.0
9216.0,634957.15,15.0
9215.0,635004.15,14.0
9216.0,638231.87,15.0
9216.0,638263.73,15.0
9214.0,638278.2465263383,14.0
9216.0,638455.94,15.0
9215.0,638514.94,14.0
9216.0,639406.5665347159,16.0
9215.0,639464.54,15.0
9211.0,639464.5665347159,14.0
9216.0,640631.65,15.0
9215.0,640681.65,14.0
9216.0,640802.4109859314,16.0
9216.0,640815.2909859314,16.0
9210.0,640848.9113437304,15.0
9209.0,640860.37,14.0
9216.0,643001.394281992,17.0
9215.0,643048.36,16.0
9215.0,643076.144281992,16.0
8879.0,643227.3684646625,15.0
8615.0,643336.1376364053,14.0
9216.0,643574.63,15.0
9212.0,643632.63,14.0
9216.0,645015.08,15.0
9215.0,645062.08,14.0
9216.0,646723.8550095317,14.0
9216.0,649528.8852011886,14.0
9212.0,646781.8550095317,13.0
9216.0,649785.54,14.0
9215.0,649835.54,13.0
9216.0,651540.278246699,15.0
9216.0,651598.278246699,15.0
9215.0,651603.27,14.0
9216.0,651624.598246699,14.0
9216.0,651630.1777638281,14.0
9216.0,651633.04542933,14.0
9206.0,651636.8548177234,13.0
9216.0,652737.25,14.0
9215.0,652786.25,13.0
9216.0,653939.1173693609,15.0
9216.0,653961.6594320677,15.0
9214.0,653975.1715438588,14.0
9216.0,653997.1173693609,14.0
9212.0,654049.1173693609,13.0
9216.0,654724.78,14.0
9215.0,654782.78,13.0
8798.0,654886.7565756374,12.0
9216.0,655260.22,13.0
9216.0,655276.4199999999,13.0
9214.0,655286.949704425,12.0
9216.0,655289.32,13.0
9216.0,655301.5599999999,13.0
9216.0,655307.9304027095,13.0
9213.0,655317.2383389436,12.0
9216.0,655536.6699999999,13.0
9215.0,655590.6699999999,12.0
9216.0,656504.8313861169,12.0
9216.0,656546.6520581673,15.0
9216.0,656570.0202761935,15.0
9210.0,656616.5294439174,14.0
9216.0,656674.2358756891,14.0
9216.0,656854.0520581673,14.0
9216.0,656950.093372331,14.0
9037.0,656993.9835601657,13.0
8836.0,657048.3894061836,12.0
9216.0,657374.82,13.0
9216.0,657631.34,13.0
9027.0,657780.8056045828,12.0
9216.0,657857.922099909,14.0
9046.0,657868.284770634,13.0
9045.0,657894.8585571047,12.0
8745.0,658095.922099909,11.0
9216.0,658095.9316160145,13.0
8916.0,658139.922099909,12.0
8616.0,658388.9316160145,11.0
9216.0,658587.32,12.0
9215.0,658646.32,11.0
8807.0,660253.8012931006,10.0
8993.0,660482.7,11.0
9216.0,661638.1078169658,14.0
9216.0,662130.3985556705,14.0
9216.0,662564.4862934555,15.0
9216.0,662594.5762934554,15.0
9216.0,662598.582484147,15.0
9216.0,662600.2887930546,15.0
9212.0,662605.776043068,14.0
9211.0,662612.4862934555,13.0
9216.0,662871.8099999999,14.0
9215.0,662929.8099999999,13.0
9216.0,662960.1110697032,15.0
9215.0,663011.08,14.0
9213.0,663056.1110697032,13.0
9216.0,663165.7876262526,15.0
9142.0,663260.72,14.0
9142.0,663272.6429072525,14.0
9216.0,663370.39,15.0
8888.0,663398.3992848732,14.0
9216.0,663411.13,15.0
9216.0,663426.63,15.0
9215.0,663434.39,14.0
9213.0,663443.141694942,13.0
9216.0,663566.4430176172,16.0
9216.0,663597.4585612704,16.0
9215.0,663624.33,15.0
9200.0,663636.0607935421,14.0
9168.0,663703.8789507669,13.0
9216.0,664002.83,14.0
9216.0,664054.33,14.0
9216.0,664064.384049964,14.0
9144.0,664092.2230174476,13.0
9216.0,664191.98,14.0
9216.0,664215.1799999999,14.0
9214.0,664233.7307291334,13.0
9216.0,664247.27,14.0
9215.0,664305.27,13.0
9216.0,664467.8449256044,14.0
9216.0,664545.7249256044,14.0
9152.0,664612.3916964497,13.0
9216.0,667631.7805460887,16.0
9216.0,668202.545992748,18.0
9216.0,668231.637143452,18.0
9216.0,670020.6378398956,18.0
8816.0,671831.637143452,17.0
9216.0,671831.661241632,19.0
9216.0,671965.3078169657,19.0
9215.0,671887.661241632,18.0
9215.0,672953.8956794174,18.0
9216.0,673195.0713737218,18.0
9216.0,673235.6518433418,19.0
9216.0,674597.9970827649,19.0
9216.0,675492.4438169658,19.0
9216.0,675701.2042651153,20.0
9216.0,677910.2042651153,20.0
8983.0,678473.8860871779,19.0
9216.0,678473.9402284935,21.0
9175.0,679801.2115347179,20.0
9216.0,679801.2381473873,22.0
9076.0,680532.86970085,21.0
9216.0,680532.9509587446,23.0
9216.0,681498.1078169658,23.0
9215.0,682381.545992748,22.0
9214.0,682405.6,21.0
9216.0,682663.178712348,21.0
9215.0,682806.545992748,20.0
9214.0,683011.545992748,19.0
9151.0,684122.8718844021,18.0
9216.0,684122.933197638,20.0
9216.0,684393.8718844021,20.0
9216.0,684918.6956794175,21.0
9216.0,684933.5213575949,21.0
9216.0,686024.453197638,21.0
9216.0,687130.8356794175,21.0
8761.0,687163.3145036723,20.0
9216.0,687163.3539737328,22.0
9216.0,687177.7144953719,22.0
9216.0,687431.4319808733,22.0
9216.0,687972.7474866988,22.0
9216.0,688083.8483721628,22.0
9216.0,690185.6956794175,22.0
9216.0,690285.6083721628,22.0
9216.0,691094.8878055568,22.0
9216.0,691556.1358203285,22.0
9216.0,691770.3400545993,22.0
9216.0,691923.3550976901,22.0
9216.0,692259.4606487335,24.0
9188.0,693765.7717301473,24.0
9154.0,693878.2374446766,23.0
9106.0,694413.9509587446,22.0
9216.0,695390.8777710525,22.0
9216.0,695783.6006816291,22.0
9216.0,696560.7106487335,22.0
9216.0,696961.4973297569,22.0
9216.0,698716.3973297569,22.0
9216.0,699024.1327956985,22.0
9216.0,699044.8521652234,22.0
9216.0,701426.0758856216,22.0
9124.0,702203.1711582723,21.0
9216.0,702730.8806428844,21.0
9216.0,702792.3239208373,21.0
9216.0,703731.4806428844,21.0
9216.0,703843.3758856216,21.0
9216.0,705404.1108856216,21.0
9216.0,705928.8312459426,21.0
9076.0,706105.8382025587,20.0
9216.0,706358.147904387,20.0
9216.0,706662.7856476486,20.0
9172.0,707529.2329840154,20.0
9216.0,707766.3356476487,20.0
9216.0,708108.715623547,20.0
9216.0,708622.5964548298,20.0
9216.0,709088.0344375466,20.0
9040.0,709917.5264607224,19.0
9216.0,710547.5684850948,19.0
9216.0,711286.5964548298,19.0
9216.0,712807.4421103548,19.0
9216.0,713003.3975481105,19.0
9216.0,713233.5619621229,19.0
9216.0,715130.3975481105,19.0
9216.0,715618.2275481104,19.0
9216.0,716279.810048323,19.0
9161.0,716324.5364093921,18.0
9216.0,717251.3975481105,18.0
9216.0,717676.3975481105,18.0
9216.0,718876.4385088284,24.0
9216.0,718903.1385088284,24.0
9216.0,718904.3385088284,24.0
9216.0,718912.4385088284,24.0
9216.0,718914.2385088284,24.0
9216.0,718928.2580156191,24.0
9216.0,718928.391635453,24.0
9216.0,718932.0934401576,24.0
9216.0,718937.7494547077,24.0
9207.0,718943.6166806903,23.0
9174.0,718945.6482497404,22.0
9143.0,718946.9305585754,21.0
9124.0,718955.0304051118,20.0
9122.0,718966.4385088284,19.0
9115.0,718998.7179493172,18.0
9216.0,719299.4825940272,18.0
9216.0,719716.8385088284,18.0
9216.0,719533.4084385671,18.0
9216.0,719722.061907445,18.0
9216.0,720659.9266539713,18.0
9216.0,721293.5266539713,18.0
9216.0,721855.3186539713,18.0
9216.0,722181.6972701253,18.0
9216.0,722508.0758862792,19.0
9208.0,722568.0758862792,18.0
9216.0,722717.4805887323,18.0
9216.0,723583.9558862792,18.0
8816.0,724577.0758862792,17.0
9216.0,724577.3010322304,22.0
9216.0,724613.7776879375,22.0
9210.0,724649.3005495055,21.0
9206.0,724666.3010322304,20.0
9203.0,724683.3500336339,19.0
9200.0,724695.232192956,18.0
9216.0,725213.833488445,18.0
9216.0,725665.0156794174,18.0
9216.0,725724.4465819435,18.0
9216.0,725960.8212825183,18.0
9216.0,726179.3938716918,18.0
9216.0,726343.1699437039,19.0
9216.0,726553.1699437039,21.0
9216.0,726597.9199437039,21.0
9216.0,726601.3099437039,21.0
9216.0,726613.5154625045,21.0
9214.0,726657.1347569651,20.0
9211.0,726664.9253498579,19.0
9216.0,726838.46,20.0
9215.0,726979.46,19.0
9115.0,727026.8298151451,18.0
9216.0,727035.839943704,18.0
9216.0,728025.6538654045,24.0
9177.0,728077.8187695349,24.0
9176.0,728084.6538654045,23.0
9176.0,728090.7718357278,23.0
9175.0,728125.6538654045,22.0
9216.0,728134.1364486343,22.0
9215.0,728139.6538654045,21.0
9214.0,728140.6538654045,20.0
9213.0,728143.6538654045,19.0
9216.0,728161.6864486344,19.0
9216.0,728175.9772002463,19.0
9216.0,728186.2360763877,19.0
9216.0,728225.3473424966,19.0
8936.0,728955.2739817546,18.0
9216.0,729117.1243031771,18.0
9216.0,729243.8902227713,18.0
9216.0,729375.5520475595,18.0
9216.0,730836.7999999998,19.0
9216.0,730854.7999999998,19.0
9216.0,730878.8492734164,19.0
9213.0,730891.3819290716,18.0
9216.0,731044.38,19.0
9215.0,731111.38,18.0
9216.0,731239.35,19.0
9215.0,731302.35,18.0
9216.0,731467.2999999998,19.0
9216.0,731492.6499999998,19.0
9216.0,731505.1781375571,19.0
9213.0,731512.6757416661,18.0
9216.0,731626.38,19.0
9216.0,731657.74,19.0
9214.0,731670.8974484493,18.0
9216.0,731698.0746552479,18.0
8936.0,732216.1940339549,17.0
9216.0,732216.4640624261,22.0
9216.0,732231.5902118199,22.0
9216.0,732248.6151129256,22.0
9216.0,732248.8784116182,22.0
9213.0,732261.7757679217,21.0
9211.0,732268.1842709096,20.0
9210.0,732273.4619700082,19.0
9209.0,732283.2684101865,18.0
9216.0,732312.1699999998,19.0
9215.0,732370.1699999998,18.0
9216.0,732388.7999999998,19.0
9216.0,732867.4606487335,19.0
9215.0,732451.7999999998,18.0
9216.0,734500.434416884,18.0
8893.0,735599.090245998,17.0
9216.0,735599.1009492195,21.0
9216.0,735658.090245998,21.0
9215.0,735666.090245998,20.0
9216.0,735694.090245998,20.0
9216.0,735697.2416123663,20.0
9214.0,735704.2191941323,19.0
9216.0,735712.99,20.0
9216.0,735739.660245998,20.0
9216.0,735748.4167614874,20.0
9211.0,735763.3805345562,19.0
9216.0,735769.8292957073,19.0
9215.0,735803.99,18.0
8767.0,735908.3816048165,17.0
9216.0,735908.3981263567,19.0
9134.0,736001.3981263567,18.0
9216.0,736700.3459249759,18.0
9216.0,736907.4994650235,18.0
9216.0,737204.1838885329,18.0
9216.0,737501.954936478,18.0
8768.0,742070.403882641,17.0
9216.0,742070.569678975,21.0
9215.0,742130.467776999,20.0
9213.0,742162.569678975,19.0
9216.0,742180.9807807171,21.0
9216.0,742193.5186317344,21.0
9216.0,742204.1684684303,21.0
9156.0,742224.8893030694,21.0
9154.0,742225.5222195743,20.0
9216.0,742401.2701055814,20.0
9216.0,742617.5320102664,20.0
9006.0,743796.8533678128,19.0
9216.0,743796.9403570085,22.0
9215.0,743853.874123059,21.0
9214.0,743865.9403570085,20.0
9216.0,744977.4038099793,20.0
9006.0,745080.6522475842,19.0
9216.0,745414.9299999998,20.0
8768.0,745821.878407844,19.0
9216.0,745821.9684101506,21.0
9216.0,745975.3523094817,21.0
9216.0,746350.878407844,21.0
9216.0,746712.3644759605,21.0
9212.0,747130.558407844,21.0
8957.0,747754.98196285,20.0
9216.0,747755.009655862,22.0
9216.0,748122.878407844,22.0
9216.0,748202.3654340464,22.0
9216.0,748822.6232470548,22.0
9215.0,748870.6232470548,21.0
9215.0,749006.558407844,21.0
9216.0,749329.819655862,21.0
9216.0,749616.718407844,21.0
8816.0,750226.878407844,20.0
9216.0,750228.0673246019,30.0
9216.0,750248.7260854322,30.0
9216.0,750253.5877557816,30.0
9216.0,750259.8873246019,30.0
9216.0,750261.5225985342,30.0
9216.0,750264.0226861953,30.0
9216.0,750278.4844131174,30.0
9216.0,750279.1341525957,30.0
9216.0,750280.1751823801,30.0
9216.0,750280.64565293,30.0
9216.0,750281.8686401641,30.0
9214.0,750286.0631649701,29.0
9210.0,750286.2915222456,28.0
9206.0,750287.0980241905,27.0
9205.0,750293.9976432548,26.0
9202.0,750297.3149044984,25.0
9201.0,750304.6030841426,24.0
9202.0,750305.6699999998,25.0
9201.0,750305.8245430125,24.0
9200.0,750345.9238461453,23.0
9216.0,750360.96,24.0
9215.0,750391.6699999998,23.0
9074.0,750407.5969428493,23.0
9073.0,750409.96,22.0
9071.0,750491.5969428493,21.0
9216.0,751016.4868712394,21.0
9216.0,751298.72067578,21.0
9216.0,751425.7209217931,21.0
9216.0,751570.8825016132,21.0
9216.0,752054.9480602436,21.0
8936.0,752187.21715496,20.0
8404.0,752317.044192184,19.0
9216.0,752317.0899506113,21.0
9216.0,753109.0899506113,21.0
9150.0,753254.9579245765,20.0
9216.0,753705.52,21.0
9215.0,753757.52,20.0
9216.0,754230.29,21.0
9216.0,754249.49,21.0
9216.0,754256.3143532024,21.0
9216.0,754259.3025248068,21.0
9212.0,754265.4964621118,20.0
9216.0,754402.95,21.0
9212.0,754449.95,20.0
9216.0,755914.21,21.0
9216.0,755917.0899506113,21.0
9216.0,755934.5699506113,21.0
9132.0,755972.21,20.0
9216.0,755988.5127708053,20.0
9216.0,756025.0467203668,20.0
9216.0,756060.5667203668,20.0
9216.0,756094.4355203668,20.0
9216.0,756105.0800003668,20.0
9216.0,756121.0467203668,20.0
9216.0,756176.4867203668,20.0
9216.0,756191.3043203668,20.0
8816.0,756247.0467203668,19.0
9216.0,756247.1803024492,22.0
9216.0,756272.5603024492,22.0
9216.0,756277.2023667247,22.0
9216.0,756278.3852368183,22.0
9212.0,756281.3850311429,21.0
9216.0,756326.46,22.0
9213.0,756333.26104475,21.0
9212.0,756374.46,20.0
9216.0,756538.89,21.0
9216.0,756569.15,21.0
9216.0,756584.7646688181,21.0
9216.0,756590.495097855,21.0
9212.0,756594.3472011647,20.0
9216.0,756817.28,21.0
9216.0,756844.1900000001,21.0
9214.0,756867.4022500773,20.0
9216.0,757399.28,21.0
9215.0,757470.28,20.0
9216.0,757649.54,21.0
9167.0,757708.54,20.0
9216.0,757907.5705799686,22.0
9216.0,757953.3305799686,22.0
9215.0,757967.5599999998,21.0
9216.0,758011.5705799686,21.0
9056.0,758132.5705799686,20.0
9216.0,758132.5926438575,22.0
9216.0,758162.6826438574,22.0
9214.0,758190.4101416965,21.0
9216.0,758447.1208993873,21.0
9216.0,758858.9779442695,21.0
9216.0,760139.8327901233,22.0
9216.0,760166.0527901233,22.0
9216.0,760186.6338733719,22.0
9216.0,760207.2149566205,22.0
9193.0,760220.4563164035,21.0
9053.0,760251.749317641,20.0
9216.0,760251.8329216503,22.0
9216.0,760268.6329216503,22.0
9216.0,760310.7080096314,22.0
9216.0,760310.8672637341,22.0
9216.0,760354.2717764495,22.0
9216.0,762435.3445328726,25.0
9215.0,762485.3445328726,24.0
9214.0,762498.3445328726,23.0
9213.0,762526.3445328726,22.0
9216.0,764235.3445328726,22.0
9144.0,766259.7249325251,21.0
8818.0,766856.6068093176,20.0
9216.0,766856.6186407935,23.0
9216.0,767613.3439750837,23.0
9216.0,767666.0266138134,23.0
9216.0,767827.5314407027,23.0
9216.0,768020.827659254,23.0
9193.0,768205.6569565583,22.0
9172.0,768338.3995163881,21.0
9172.0,768905.7986407935,21.0
9172.0,770181.811541908,21.0
9216.0,771572.6223263658,21.0
9216.0,772018.4299148238,21.0
9216.0,772098.8829565338,21.0
9216.0,773906.4721025211,21.0
9216.0,774651.0587473158,21.0
9216.0,774703.0429565338,21.0
9216.0,774877.4687009816,21.0
9193.0,775060.5261681199,20.0
9216.0,775167.0529923755,20.0
9216.0,775400.419613656,20.0
9216.0,775870.525585381,20.0
9216.0,776071.8266334846,20.0
9216.0,776278.3226175212,21.0
9216.0,777657.1310231595,21.0
9176.0,778952.8622775786,21.0
9216.0,779552.8856206476,21.0
9216.0,779783.0976405987,21.0
9216.0,780190.2938469846,21.0
9216.0,780941.1317896214,21.0
9216.0,781377.3069340469,22.0
9216.0,781758.6056206475,22.0
9216.0,781878.7607532417,22.0
9216.0,782084.5104396485,22.0
9216.0,782413.044192184,22.0
9216.0,782432.044192184,23.0
9216.0,782566.5773224271,23.0
9216.0,782988.8122923488,23.0
9104.0,783164.0391956471,22.0
9216.0,783430.5773224271,22.0
9216.0,783488.226934047,22.0
9216.0,783687.1143296276,22.0
9104.0,783727.2675256031,21.0
8904.0,784565.8856206476,20.0
9216.0,784565.8973390443,22.0
9216.0,785182.4373390443,22.0
9216.0,785264.5071606901,22.0
9216.0,785628.8973390443,22.0
9216.0,786403.3069340469,22.0
9216.0,787286.4110111101,22.0
9216.0,787288.3067942136,22.0
9216.0,787922.29321165,22.0
9216.0,788329.274585402,22.0
9216.0,789196.5869340469,22.0
9216.0,789223.2805574668,22.0
9216.0,789249.558459096,22.0
9216.0,789673.4569203493,22.0
9216.0,789764.1346762928,22.0
9216.0,789955.4914551052,22.0
9216.0,790478.213968807,22.0
9216.0,790899.694027984,22.0
9216.0,791525.5962660338,22.0
9216.0,792305.294027984,22.0
9216.0,792751.8956794174,23.0
9216.0,793021.2748001794,23.0
9216.0,793495.9197544293,23.0
9216.0,794972.5521571108,23.0
9216.0,795001.1652889848,23.0
9216.0,795171.7714226795,23.0
9216.0,795676.4356794175,23.0
9216.0,796087.1583422472,23.0
9216.0,796132.3921571107,23.0
9216.0,796361.4651110357,23.0
9216.0,796411.6292458827,23.0
9216.0,796614.2480929673,23.0
9216.0,796758.9327141362,23.0
9216.0,797502.0135763902,23.0
9216.0,797632.2578833686,23.0
9216.0,798147.3505571107,23.0
9076.0,798953.4286808771,22.0
9216.0,799376.3013457502,22.0
9216.0,799505.0092780135,22.0
9216.0,799661.689811857,22.0
9216.0,799733.7288119256,22.0
9216.0,799798.3214846286,22.0
9076.0,799892.6411468453,21.0
8936.0,800592.7330067558,20.0
9216.0,800592.7589964315,22.0
9216.0,800749.1571720118,22.0
9216.0,801944.3692780135,22.0
9076.0,802240.0176692843,21.0
9054.0,802482.3519670275,20.0
9216.0,803062.0396780135,20.0
9216.0,803174.5562614904,20.0
9216.0,803181.0616948445,20.0
9182.0,803246.3736429838,19.0
9216.0,803448.4413664483,19.0
9076.0,803481.5671971749,18.0
9216.0,803568.9918271361,18.0
9216.0,803639.5904167955,18.0
9216.0,803681.1589964315,18.0
9216.0,803814.5121268836,18.0
9076.0,804106.7697843045,17.0
9216.0,804242.7687274442,18.0
8826.0,804253.531740569,17.0
9216.0,804253.5755258853,19.0
9216.0,805074.3918271362,19.0
9076.0,805222.9581898522,18.0
9216.0,805256.1699999998,19.0
8898.0,805301.7647460015,18.0
9216.0,805301.7731310448,20.0
9215.0,805323.1699999998,19.0
9215.0,805846.9616948445,19.0
9215.0,805965.8006388778,19.0
9216.0,806107.7589964315,19.0
9216.0,806947.6287274442,19.0
9216.0,807194.5387274442,19.0
9216.0,807256.0598608779,19.0
9216.0,807272.4189964315,19.0
9180.0,807912.4692274443,19.0
9216.0,808211.0616948445,19.0
9216.0,808411.5673964315,19.0
9216.0,808514.911338343,19.0
9216.0,808586.9918271361,19.0
9216.0,809245.7687274442,19.0
9216.0,809289.531740569,19.0
9216.0,809655.0291576213,19.0
9216.0,810312.7647460015,19.0
9216.0,810351.0841502988,19.0
9216.0,810796.6718271362,19.0
9216.0,810845.5913383431,19.0
9216.0,810867.7490059435,19.0
9216.0,810956.9220891393,19.0
9216.0,811128.3619320691,19.0
9216.0,811181.601932069,19.0
9216.0,811195.1084404659,19.0
9213.0,811212.0897425115,18.0
9216.0,811307.03,19.0
9216.0,811331.81,19.0
9214.0,811350.526048471,18.0
9216.0,811508.7899999998,19.0
9216.0,811537.1099999998,19.0
9216.0,811543.1235442803,19.0
9213.0,811551.5780542875,18.0
9216.0,811653.7589964315,18.0
9216.0,811851.7947460015,18.0
9216.0,811928.5272509117,18.0
9216.0,812024.91526051,18.0
9216.0,812074.151740569,18.0
9216.0,812832.1349352169,18.0
8946.0,813389.59486584,17.0
9216.0,813389.6380185065,19.0
9216.0,813476.36526051,19.0
9216.0,813506.392140569,19.0
9216.0,813811.911338343,19.0
9216.0,813823.3836334783,19.0
9216.0,813854.5836334783,19.0
9216.0,813891.7116334783,19.0
9216.0,813927.3836334783,19.0
9216.0,814045.704732569,19.0
9216.0,814033.5842927011,19.0
9216.0,814186.3635424417,19.0
9216.0,814203.2635424418,19.0
9214.0,814230.8334999033,18.0
9216.0,814255.83,19.0
9216.0,814309.5989964315,19.0
9216.0,814327.83,19.0
9216.0,814358.36,19.0
9216.0,814369.5422497145,19.0
9213.0,814377.9152935119,18.0
9216.0,814407.845814856,18.0
9216.0,815091.7778017928,18.0
9216.0,815157.3042096532,18.0
9216.0,815917.6185676515,18.0
9216.0,815986.0232297137,18.0
9216.0,816031.2985676515,18.0
9216.0,816121.1953214869,18.0
9216.0,816179.4907873715,19.0
9216.0,816209.0655933855,19.0
9216.0,816221.0907873715,19.0
9216.0,816251.9312076172,19.0
9216.0,816269.2359485361,19.0
9216.0,816269.295578983,19.0
9216.0,816293.5022230177,19.0
9178.0,816672.245814856,19.0
9178.0,816737.1007465397,19.0
9178.0,816777.0167406009,19.0
9216.0,817029.91526051,19.0
9216.0,817273.0106024414,19.0
9216.0,818107.9023350499,19.0
9216.0,818228.1690981194,19.0
9216.0,818775.9390981194,19.0
9216.0,818804.4812076172,19.0
9216.0,818913.59486584,19.0
9216.0,818967.2843771672,19.0
9216.0,819089.6357017326,19.0
9216.0,819156.6122230177,19.0
9054.0,819175.8361516425,18.0
8878.0,819210.5206006377,17.0
9216.0,819210.5309735661,19.0
9216.0,819319.4957076171,19.0
9216.0,819591.64526051,19.0
9046.0,819633.926873815,18.0
9192.0,820960.72486584,18.0
9192.0,821078.835045376,18.0
9216.0,821121.49,19.0
9216.0,821234.2761527275,19.0
9016.0,821256.9312076172,18.0
9015.0,821296.49,17.0
9216.0,821578.36,18.0
8920.0,821705.9377192726,17.0
9216.0,821792.8549753504,17.0
9216.0,822154.675475914,17.0
9216.0,822259.4357017326,17.0
9216.0,822646.1058241517,21.0
9216.0,822697.7258241517,21.0
9216.0,822704.1058241517,21.0
9216.0,822704.4212622251,21.0
9215.0,822705.1058241517,20.0
9212.0,822712.339302022,19.0
9211.0,822724.1058241517,18.0
9216.0,822739.45,19.0
9215.0,822768.1058241517,18.0
9216.0,822771.46,19.0
9215.0,822805.45,18.0
9214.0,822948.46,17.0
9216.0,823063.4299999998,18.0
9179.0,823245.4299999998,17.0
9216.0,823383.9721665187,17.0
9216.0,823719.0457828699,17.0
9216.0,823851.5324945229,17.0
9038.0,823902.2901247612,17.0
9216.0,823906.59486584,17.0
9104.0,823995.2155396305,16.0
9216.0,824070.59486584,16.0
8956.0,824099.1197217427,15.0
9148.0,826200.5241079405,15.0
9216.0,827089.7393587679,15.0
9216.0,829053.9489652634,20.0
9216.0,829072.2596187302,20.0
9216.0,829075.4431670791,20.0
9213.0,829083.8348487405,19.0
9212.0,829101.8993587679,17.0
9216.0,829103.62,18.0
9214.0,829113.687521598,17.0
9213.0,829192.62,16.0
9216.0,829197.5039730548,16.0
9216.0,829394.0639730549,16.0
9056.0,829561.5039730548,15.0
9216.0,829561.5417377885,17.0
9215.0,829623.5417377885,16.0
9216.0,830229.7899999998,17.0
9216.0,830240.8299999998,17.0
9216.0,830250.6835980893,17.0
9213.0,830257.6796226435,16.0
9216.0,830373.35,17.0
9216.0,830402.9299999999,17.0
9214.0,830418.9880355025,16.0
9057.0,830674.586947597,15.0
9216.0,830686.095486021,15.0
9216.0,830817.9101298632,15.0
9216.0,831982.5567376127,18.0
9216.0,832016.7167376127,18.0
9216.0,832022.8304340726,18.0
9213.0,832031.2110390173,17.0
9212.0,832043.5567376127,16.0
9216.0,832211.8767376126,16.0
9216.0,832354.4712886211,16.0
9216.0,832395.7207761736,16.0
9216.0,832538.8320784784,16.0
9216.0,832831.2120784784,16.0
8992.0,832835.750864223,15.0
9216.0,832835.8965398589,19.0
9154.0,832897.7042203245,18.0
9153.0,832959.8168886346,17.0
9216.0,832987.5,18.0
9215.0,833046.5,17.0
9216.0,833070.9199999998,18.0
9215.0,833128.9199999998,17.0
9216.0,833218.36,18.0
9216.0,833283.96,18.0
9214.0,833337.1998299462,17.0
9216.0,833388.651668303,17.0
9216.0,833435.461668303,17.0
9216.0,833512.9291703625,17.0
9216.0,833529.1069336892,17.0
9216.0,833962.6069336892,17.0
9202.0,834119.7116695507,16.0
9202.0,834145.1501298632,16.0
9216.0,834160.23,17.0
9216.0,834172.41,17.0
9216.0,834186.018585159,17.0
9213.0,834195.1066260638,16.0
9216.0,834396.1069336892,16.0
9216.0,834518.6669336893,16.0
9216.0,834760.8239677709,16.0
8896.0,834779.1069336892,15.0
9216.0,834944.037369684,17.0
9216.0,835003.2903689641,17.0
9056.0,835047.99,16.0
9216.0,835059.4199999998,17.0
9216.0,835089.5799999998,17.0
9195.0,835138.9626178928,17.0
8998.0,835167.416556868,16.0
9216.0,835180.6699999998,17.0
9216.0,835236.0399999998,17.0
9216.0,835267.5383488802,17.0
9216.0,835291.3002611935,17.0
9216.0,835484.5581237243,17.0
9216.0,835528.9509050073,17.0
9196.0,837155.9509050073,16.0
9216.0,837341.9101298632,16.0
9104.0,839768.2858798988,15.0
9216.0,839768.3204192136,17.0
9215.0,839815.2858798988,16.0
9215.0,840036.2204192136,16.0
9117.0,840349.6035086685,16.0
8703.0,840563.1736609834,15.0
8591.0,841438.0153665701,14.0
9216.0,841723.4107360339,14.0
9216.0,843668.3507360339,14.0
9216.0,845287.1432519248,22.0
9216.0,845324.3432519247,22.0
9216.0,845327.9432519248,22.0
9216.0,845328.096176913,22.0
9213.0,845335.363251607,21.0
9216.0,845335.4075533155,24.0
9216.0,845341.337433988,24.0
9213.0,845348.1470690304,23.0
9214.0,845357.1432519248,22.0
9213.0,845362.1432519248,21.0
9212.0,845377.1432519248,20.0
9210.0,845380.8294641759,19.0
9211.0,845385.07,20.0
9210.0,845386.1432519248,19.0
9208.0,845386.2961262774,18.0
9207.0,845467.07,17.0
9216.0,845666.8392724899,17.0
9216.0,845828.402912058,19.0
9216.0,845882.4509735662,19.0
9216.0,845945.252912058,19.0
9216.0,845983.0895174715,19.0
9216.0,846009.9535073151,19.0
9216.0,846038.2607155484,19.0
9216.0,846075.723965208,19.0
9216.0,846156.1432519248,19.0
9216.0,846347.3383753025,19.0
9216.0,846553.63877922,19.0
9216.0,846666.8913184375,19.0
9216.0,846829.8644846285,19.0
9216.0,846984.6738816173,22.0
9175.0,848078.0808813262,21.0
9136.0,848446.6582849243,20.0
9114.0,849218.934703977,19.0
9080.0,849379.9623513591,18.0
9216.0,849475.8626169786,18.0
9182.0,849789.8445418457,17.0
9134.0,849814.6738816173,16.0
9216.0,849839.3099999998,17.0
9182.0,850383.8396216822,16.0
9216.0,850383.9974398317,19.0
9216.0,851211.7138816173,19.0
9216.0,851570.1148974204,19.0
9216.0,851872.1274398317,19.0
9216.0,852173.3664570568,19.0
9216.0,852864.6322816173,19.0
9216.0,852954.2674992323,19.0
9216.0,852987.8275036283,19.0
9216.0,853709.4572416173,19.0
9168.0,853772.9044615135,18.0
9120.0,853784.8275036283,17.0
9086.0,854078.9182384334,16.0
9216.0,854272.6738816173,16.0
9216.0,854307.0738816173,16.0
9216.0,854327.7138816173,16.0
9216.0,854358.6738816173,16.0
9216.0,854495.9602518767,16.0
9216.0,854540.0602518767,16.0
9216.0,854562.0922518767,16.0
9216.0,854585.9602518767,16.0
9145.0,854637.1048979389,16.0
9216.0,854751.923482188,16.0
9216.0,854828.643482188,16.0
9152.0,854973.4858553241,16.0
9216.0,855072.1121343815,16.0
9216.0,855083.8621343815,16.0
9216.0,855119.1121343815,16.0
9216.0,855189.3121343815,16.0
9216.0,855275.1121343815,16.0
9216.0,855315.5121343816,16.0
9216.0,855426.6679423531,16.0
9216.0,855456.3379423531,16.0
9216.0,855541.6784864119,16.0
9216.0,856598.6784864119,16.0
9216.0,857595.480058756,16.0
8688.0,858100.3427015201,15.0
8654.0,859076.9445601517,14.0
9216.0,873906.816333467,14.0
9216.0,875120.5071606901,14.0
8817.0,876594.9307529364,13.0
9216.0,885496.5432960521,13.0
9216.0,887734.2842825509,13.0
8947.0,889503.6164428502,12.0
9216.0,891291.3390779326,14.0
9216.0,893427.0965020836,14.0
9216.0,894402.4927623457,14.0
9118.0,894941.5121691169,13.0
9216.0,894942.4275510784,22.0
9216.0,894965.2177188229,22.0
9216.0,894967.3875510783,22.0
9216.0,894969.7697722708,22.0
9216.0,894972.9682240697,22.0
9216.0,894975.290395717,22.0
9205.0,894981.213277968,21.0
9200.0,894985.3199896727,20.0
9192.0,894997.7169228757,19.0
9189.0,895008.1849866586,18.0
9216.0,895901.7,19.0
9216.0,895935.9199999999,19.0
9209.0,895951.5770185466,18.0
9216.0,896001.61,19.0
9216.0,896025.58,19.0
9216.0,896032.941635213,19.0
9208.0,896040.3469839158,18.0
9216.0,896357.6,19.0
9216.0,896478.2901247612,19.0
9216.0,896375.0,19.0
9216.0,896383.1513327578,19.0
9216.0,896386.9889241428,19.0
9204.0,896395.0151622576,18.0
9142.0,896749.4122011971,17.0
9216.0,896856.1799999998,18.0
9212.0,896908.1799999998,17.0
9216.0,897280.07,18.0
9216.0,897476.72,18.0
9216.0,897515.9978488764,18.0
9187.0,897544.2246255242,19.0
9184.0,897544.3463387069,18.0
9181.0,897602.2246255242,17.0
9179.0,897602.3527156283,16.0
9216.0,899568.341577988,18.0
9216.0,899619.301577988,18.0
9215.0,899636.2999999998,17.0
9216.0,899641.0499999998,18.0
9216.0,899643.169577988,18.0
9216.0,899689.0627062356,18.0
9215.0,899708.0499999998,17.0
9216.0,899820.966484409,17.0
9216.0,900453.966484409,17.0
9216.0,900685.027869587,17.0
9056.0,900789.027869587,16.0
9216.0,901160.1037654472,18.0
9160.0,901238.0285601468,17.0
9160.0,901240.4191361226,17.0
8928.0,901287.0603138914,16.0
9216.0,902057.32,17.0
9212.0,902115.32,16.0
9178.0,902402.8392252501,15.0
9216.0,903019.56,16.0
9216.0,903052.6200000001,16.0
9216.0,903062.6829311418,16.0
9208.0,903069.039894614,15.0
9216.0,903615.152275147,17.0
9216.0,903675.922275147,17.0
8968.0,903709.1670594349,16.0
9216.0,903781.98,17.0
9215.0,903915.14,16.0
9216.0,904321.3385560587,18.0
9212.0,904379.3385560587,17.0
9211.0,904412.3,16.0
9216.0,905689.0341448075,18.0
9215.0,905749.0,17.0
9207.0,905782.0341448075,16.0
9216.0,905803.46,17.0
9212.0,905862.46,16.0
9216.0,906772.49,17.0
9212.0,906830.49,16.0
9216.0,906967.46,17.0
9215.0,907306.46,16.0
9215.0,909127.5471606902,16.0
9063.0,911306.0814629366,15.0
9216.0,911733.2666463763,18.0
9216.0,912259.2666463763,18.0
8936.0,912281.2666463763,17.0
9216.0,912281.3496463221,19.0
9216.0,912417.669646322,19.0
9216.0,912495.5489363421,20.0
9216.0,912552.3671495897,20.0
9215.0,912588.5489363421,19.0
9216.0,912594.6584463221,19.0
9215.0,912628.3671495897,18.0
9216.0,912718.5505295644,18.0
9216.0,912741.6457500447,18.0
9216.0,912809.8144410162,18.0
9216.0,912852.1344410161,18.0
9216.0,912864.6985938413,18.0
9216.0,912909.2442265853,18.0
9216.0,912935.4702052585,18.0
8992.0,912989.7536861366,17.0
9216.0,913113.2293597998,17.0
9216.0,913186.4442265852,17.0
9216.0,913267.1407391047,17.0
9216.0,913329.2693597998,17.0
9216.0,913351.1309868292,17.0
9216.0,913564.195064627,17.0
9216.0,913685.6342404925,17.0
9216.0,913754.7509868292,17.0
9216.0,913790.9142404925,17.0
9182.0,913838.34448261,16.0
9216.0,913873.6342404925,16.0
9216.0,914061.8342404924,16.0
9216.0,914186.7142963251,17.0
9216.0,914325.3142404924,17.0
9215.0,914358.7142963251,16.0
8627.0,914687.508020937,15.0
9216.0,915266.9451472409,15.0
9216.0,915451.4023979867,15.0
9182.0,916356.6909089689,14.0
9216.0,916815.87,15.0
9216.0,916895.67,15.0
9216.0,916903.8620679231,15.0
9216.0,916911.2425595105,15.0
9212.0,916919.009000639,14.0
9216.0,917330.94,15.0
9215.0,917419.94,14.0
9216.0,917561.8,15.0
9216.0,917577.2100000001,15.0
9216.0,917588.8562221491,15.0
9216.0,917593.146200486,15.0
9212.0,917598.793846055,14.0
9012.0,930343.5309735661,13.0
9216.0,930343.5671404066,15.0
8816.0,931362.5671404066,14.0
9216.0,931689.85,15.0
9216.0,931867.0003165988,15.0
9216.0,934722.2049273526,16.0
8896.0,934769.2049273526,15.0
8894.0,934788.8657887605,14.0
9216.0,937021.6143606901,14.0
8857.0,937146.880474825,13.0
9216.0,939200.6335612398,15.0
9216.0,940648.6926237526,15.0
9216.0,940746.2133644996,15.0
9216.0,940944.2100199556,15.0
8656.0,942705.2100199556,14.0
9216.0,942705.257024368,16.0
9215.0,942796.2100199556,15.0
9216.0,942802.17,16.0
9215.0,942894.17,15.0
9216.0,942967.07,16.0
9128.0,943180.07,15.0
9128.0,943617.8380499894,15.0
9216.0,943733.37,16.0
9216.0,943769.04,16.0
9216.0,943780.4669897923,16.0
9213.0,943807.6141615573,15.0
9216.0,944102.94,16.0
9215.0,944160.94,15.0
9216.0,944180.54,16.0
9215.0,944239.54,15.0
9216.0,944396.85,16.0
9215.0,944518.85,15.0
9216.0,944721.8,16.0
9215.0,944812.8,15.0
9216.0,944815.7978600027,15.0
8704.0,945039.7978600027,14.0
9216.0,945039.806135945,16.0
9216.0,945072.3543979971,16.0
9215.0,945161.806135945,15.0
9216.0,945194.7978600027,15.0
9216.0,947172.598898253,15.0
9216.0,949526.7163996246,15.0
9216.0,950725.3974746261,15.0
9216.0,954521.9167785258,15.0
9216.0,957360.0491953025,15.0
9097.0,960766.6408929102,14.0
9216.0,963835.4023979867,14.0
9006.0,965857.8045964084,13.0
9216.0,967388.3974746261,13.0
9216.0,976538.208798514,14.0
9216.0,976965.618798514,14.0
9216.0,977202.4534714457,14.0
7513.0,977912.9574902406,13.0
9216.0,984793.47,14.0
9216.0,984917.22,14.0
9214.0,984994.2604734038,13.0
9216.0,985207.66,14.0
9216.0,985238.86,14.0
9214.0,985289.4036540594,13.0
9216.0,985920.6287961202,15.0
9215.0,986541.61,14.0
9216.0,986663.63,15.0
9215.0,986725.63,14.0
8193.0,987267.0195446273,13.0
9216.0,987759.73,14.0
8936.0,987825.1333986275,13.0
9216.0,988476.56,14.0
9215.0,988940.56,13.0
8801.0,989720.3763262223,12.0
9216.0,1005923.95,13.0
9216.0,1010734.5787961201,13.0
5116.0,1018250.4369707949,12.0
9216.0,1018252.2294272399,23.0
9216.0,1018743.7293361172,23.0
9114.0,1018936.5308792006,22.0
9216.0,1023629.3428391167,22.0
9216.0,1031894.2697175127,22.0
9216.0,1034369.8618552575,23.0
8196.0,1034473.8618552575,22.0
9216.0,1036276.370628924,24.0
9216.0,1045690.2894272399,24.0
9216.0,1050219.8394627383,24.0
8510.0,1051798.5257450456,23.0
8086.0,1052606.7686683214,22.0
8118.0,1058546.8252293682,21.0
9216.0,1062606.3815385497,21.0
9216.0,1064149.8754223618,21.0
9216.0,1064520.8265364477,23.0
9216.0,1066904.561980729,23.0
9215.0,1064640.8265364477,22.0
9214.0,1064809.3954662466,21.0
9216.0,1070967.1839339575,21.0
9216.0,1073319.7084370214,21.0
9216.0,1075562.1041201586,21.0
9133.0,1080087.4808014005,20.0
8993.0,1084423.170507647,19.0
9216.0,1084423.250575395,22.0
9216.0,1084541.3729604904,22.0
9216.0,1084642.4250121473,22.0
9216.0,1084775.899586898,22.0
9216.0,1084777.250575395,22.0
9216.0,1084829.8191555704,22.0
9216.0,1084960.170507647,22.0
9216.0,1084973.953472165,22.0
9216.0,1085003.297732938,22.0
9216.0,1085124.8266352871,22.0
9085.0,1085229.2961955054,21.0
9216.0,1085229.3402540118,23.0
9216.0,1085293.0502540118,23.0
9216.0,1085393.2965540118,23.0
9216.0,1085506.3402540118,23.0
9216.0,1085693.6026736733,23.0
9104.0,1085709.5091755805,22.0
9216.0,1085813.15,23.0
9104.0,1085845.2531484792,22.0
9216.0,1085845.327425205,24.0
9216.0,1085942.5481132562,24.0
9216.0,1085985.5603379984,24.0
9216.0,1086072.4841340003,24.0
9216.0,1086125.15,24.0
9216.0,1086138.0582257211,24.0
9216.0,1086193.327425205,24.0
9216.0,1086218.6203576755,24.0
9216.0,1086319.327425205,24.0
9216.0,1086364.6739515667,24.0
9216.0,1086410.0204779282,24.0
9143.0,1086440.9396991113,23.0
9031.0,1086484.9709439815,22.0
9216.0,1086485.0311692283,24.0
9216.0,1086769.0704543525,24.0
9216.0,1086782.8732209604,24.0
9216.0,1086811.2929520668,24.0
9104.0,1086894.3081118048,23.0
8856.0,1086952.6465313705,22.0
9216.0,1087014.98,23.0
9216.0,1087056.98,23.0
9216.0,1087348.66,24.0
9104.0,1087358.2713410913,23.0
9103.0,1087409.3509484034,22.0
9216.0,1087465.2940282372,22.0
9216.0,1087711.2940282372,22.0
9216.0,1087763.2565217102,22.0
9216.0,1087816.659190765,22.0
9216.0,1087929.7619228673,23.0
9215.0,1088007.7619228673,22.0
9150.0,1088637.5523245437,21.0
9068.0,1090823.3688238033,20.0
9216.0,1091924.15,21.0
9182.0,1092012.0431588155,20.0
9216.0,1092012.06295644,22.0
9145.0,1092377.6482499554,21.0
9111.0,1092563.276897927,20.0
9063.0,1093213.15,19.0
9063.0,1093413.1715385497,19.0
9015.0,1093441.06295644,18.0
8981.0,1094444.1016407106,17.0
8947.0,1095734.8250719684,16.0
8924.0,1098891.284568162,15.0
8924.0,1099559.991123582,15.0
9216.0,1121149.2065360344,15.0
9216.0,1121227.3019385496,15.0
9216.0,1121562.8670438575,15.0
9182.0,1131155.4194409947,14.0
9148.0,1131284.866817291,13.0
9114.0,1131451.1790934925,12.0
9080.0,1131540.2530694003,11.0
9046.0,1132434.2538758828,10.0
8365.0,1133043.0076272318,9.0
9216.0,1140406.69,10.0
9216.0,1140912.69,10.0
9216.0,1140973.44,10.0
9216.0,1141038.0570575718,10.0
9216.0,1141051.0494850127,10.0
9216.0,1141082.1931467266,10.0
9216.0,1141437.1931467266,12.0
9215.0,1141511.1931467266,11.0
9214.0,1141540.1931467266,10.0
9213.0,1141546.1931467266,9.0
9216.0,1141690.97,10.0
9215.0,1141811.97,9.0
9215.0,1142854.8808190161,9.0
9216.0,1144434.13,10.0
9215.0,1144543.13,9.0
9216.0,1144592.24,10.0
9216.0,1144616.02,10.0
9216.0,1144620.5792049756,10.0
9213.0,1144630.8414365656,9.0
9216.0,1145072.677700584,10.0
9216.0,1145414.677700584,10.0
9216.0,1145555.40854952,10.0
9216.0,1145593.9714896097,11.0
9216.0,1145960.6314896096,11.0
9216.0,1146441.4732118354,11.0
9216.0,1146716.607755559,11.0
9141.0,1146950.3556209982,10.0
9216.0,1146950.3798212896,12.0
9216.0,1147571.527755559,12.0
9216.0,1147147.3798212896,12.0
9216.0,1147190.2927046884,12.0
9216.0,1147269.2748576442,13.0
9216.0,1148005.7467236058,13.0
9216.0,1148106.5132872108,13.0
9160.0,1148065.572347552,12.0
9119.0,1148591.7452413822,11.0
9216.0,1148804.2748576442,11.0
9168.0,1149313.7467236058,10.0
9100.0,1150336.2299481276,9.0
9216.0,1153324.9476981482,9.0
8916.0,1153502.9476981482,8.0
7697.0,1154348.7135452135,7.0
9216.0,1154348.7257857753,9.0
9176.0,1154486.9371464632,9.0
9216.0,1156067.34,10.0
9216.0,1156325.34,10.0
9157.0,1156590.33964182,9.0
9216.0,1160072.2428391166,9.0
9216.0,1167286.077700584,9.0
9216.0,1174737.663700584,9.0
9216.0,1176735.546976895,9.0
9216.0,1182137.2313906248,22.0
9216.0,1182159.0713906249,22.0
9216.0,1182161.2013906247,22.0
9216.0,1182163.0713906249,22.0
9216.0,1182167.2608611833,22.0
9213.0,1182171.7714996033,21.0
9216.0,1182180.9113906247,21.0
9212.0,1182183.0578164528,20.0
9208.0,1182184.2313906248,19.0
9205.0,1182186.133122941,18.0
9204.0,1182194.0492956406,17.0
9203.0,1182195.2313906248,16.0
9202.0,1182196.2313906248,15.0
9199.0,1182196.6030602725,14.0
9198.0,1182197.2313906248,13.0
9197.0,1182202.2313906248,12.0
9195.0,1182227.6852193323,11.0
9191.0,1182246.2313906248,10.0
9190.0,1182327.1626321243,9.0
9216.0,1184186.436970795,12.0
9216.0,1187365.2775083927,12.0
8929.0,1184416.770234162,11.0
9216.0,1184416.839224906,13.0
9216.0,1184522.0555697153,13.0
9076.0,1184969.839224906,12.0
9076.0,1184969.9655697152,12.0
9076.0,1185237.6632697154,12.0
9216.0,1185465.6683595043,12.0
9216.0,1185546.1195770106,12.0
9216.0,1186212.6683595043,12.0
9216.0,1186554.1490814595,12.0
9216.0,1186662.8386294278,12.0
9216.0,1186781.8028960964,12.0
9216.0,1186863.8380073418,12.0
9216.0,1187012.8050954044,12.0
9216.0,1198079.2265360344,12.0
9216.0,1187048.8850954045,12.0
9216.0,1187176.8050954044,12.0
9216.0,1199276.7257857753,12.0
9216.0,1187263.8561733325,12.0
9216.0,1187285.1501305138,12.0
9216.0,1187317.0910662855,12.0
8916.0,1187419.0910662855,11.0
9216.0,1209305.3815385497,11.0
9216.0,1229966.0057857754,11.0
9216.0,1235702.9371464632,11.0
8604.0,1235886.2280315503,10.0
9216.0,1235887.0585622836,23.0
9216.0,1236776.4062647007,23.0
9216.0,1235911.6794618117,23.0
9216.0,1235912.4685622836,23.0
9216.0,1235914.904848335,23.0
9216.0,1235917.9795934223,23.0
9216.0,1235935.3531951604,23.0
9214.0,1235937.291241967,22.0
9214.0,1235940.9044871416,22.0
9211.0,1235941.4800597571,21.0
9216.0,1235944.9632704328,21.0
9214.0,1235948.6417899986,20.0
9213.0,1235966.5354788366,19.0
9216.0,1235972.7322257902,19.0
9216.0,1235999.8416022244,19.0
9216.0,1236005.2822257902,19.0
9215.0,1236006.8447811103,18.0
9216.0,1236017.7625279652,18.0
9216.0,1236050.2280315503,18.0
9216.0,1236058.2611106504,18.0
9216.0,1236097.6580315502,18.0
9216.0,1236117.2280315503,18.0
9216.0,1236122.9948315502,18.0
9216.0,1236176.5811106504,18.0
9216.0,1236195.6537843905,18.0
9216.0,1236203.2280315503,18.0
9205.0,1236253.6280315502,18.0
9202.0,1236269.9835098556,17.0
9199.0,1236274.9095637836,16.0
9216.0,1236275.1073810738,16.0
9216.0,1236280.1160315503,16.0
9216.0,1236291.3780315502,16.0
9216.0,1236297.6720315502,17.0
9216.0,1236305.6577942453,17.0
9216.0,1236356.7252491543,17.0
9216.0,1236367.0907297537,17.0
9216.0,1236412.3054695046,17.0
9216.0,1236433.6752491542,17.0
9157.0,1236440.505036707,16.0
9070.0,1236441.212051006,15.0
9216.0,1236490.5457613142,16.0
9208.0,1236580.2157613141,16.0
9216.0,1236673.5457613142,16.0
9216.0,1236726.8624715551,16.0
9188.0,1236730.8339187396,15.0
9216.0,1236810.14,16.0
9216.0,1236811.3383757935,16.0
9188.0,1236864.5791865443,15.0
8978.0,1236867.572512907,14.0
9216.0,1236899.5081782362,14.0
9188.0,1237114.3407664276,13.0
9160.0,1237659.6572068864,12.0
9216.0,1238115.76,13.0
9216.0,1238382.1915385497,13.0
9216.0,1238385.76,13.0
9156.0,1238644.046570986,12.0
9216.0,1239141.05,13.0
9215.0,1239230.05,12.0
9216.0,1239526.14,13.0
9215.0,1239595.14,12.0
9216.0,1240477.9559861973,13.0
9216.0,1240771.9953638907,15.0
9215.0,1240860.9559861973,14.0
9216.0,1240949.13,15.0
9216.0,1241015.4359861973,15.0
9216.0,1240987.8399999999,15.0
9214.0,1241010.7295779916,14.0
9214.0,1241095.9953638907,14.0
9180.0,1241132.6295313516,13.0
9180.0,1241371.4432132167,13.0
9216.0,1241371.9953638907,13.0
9216.0,1241477.4775225976,13.0
9216.0,1241533.9953638907,13.0
9216.0,1241658.4992297732,13.0
9216.0,1241710.9034157395,13.0
9216.0,1241713.48937251,13.0
9146.0,1241827.5449909552,12.0
9216.0,1241922.04,13.0
9216.0,1242136.19937251,13.0
9216.0,1242234.04,13.0
9216.0,1242288.214750093,13.0
9216.0,1242319.1724501024,13.0
9216.0,1242385.5982725099,15.0
9118.0,1242395.1316961024,14.0
9117.0,1242441.9451061815,13.0
9116.0,1242474.5982725099,12.0
9216.0,1242843.8380046708,12.0
9216.0,1243340.8380046708,12.0
9216.0,1243552.9091583712,12.0
8596.0,1243694.2899275047,11.0
9216.0,1243694.3144866214,14.0
9216.0,1243805.8028960964,14.0
9216.0,1244182.3144866214,14.0
9176.0,1244665.3144866214,13.0
9216.0,1244665.418889787,16.0
9216.0,1244682.546542273,16.0
9216.0,1244686.175164496,16.0
9213.0,1244695.1156483856,15.0
9212.0,1244715.418889787,14.0
9216.0,1244919.642939519,14.0
9176.0,1245252.642939519,13.0
9216.0,1245252.690096392,15.0
9216.0,1245271.0200963921,15.0
9216.0,1245276.0268872576,15.0
9213.0,1245283.585050938,14.0
9216.0,1245474.18,15.0
9216.0,1245506.94,15.0
9216.0,1245520.3986598277,15.0
9213.0,1245528.1725475437,14.0
9216.0,1245604.16,15.0
9216.0,1245627.66,15.0
9214.0,1245674.651892478,14.0
9216.0,1245840.84,15.0
9216.0,1245888.72,15.0
9216.0,1245899.6611386542,15.0
9213.0,1245919.856310112,14.0
9180.0,1245926.04180254,13.0
9180.0,1247695.1026982453,13.0
9216.0,1250457.07,14.0
9216.0,1250476.57,14.0
9216.0,1250492.4515776075,14.0
9213.0,1250504.1723834963,13.0
9216.0,1250752.92,14.0
9216.0,1250787.3699999999,14.0
9214.0,1250803.9658652202,13.0
9216.0,1252029.2899275047,13.0
9216.0,1252113.4473206273,13.0
9216.0,1253600.5957613143,13.0
8970.0,1255546.9588325866,12.0
9216.0,1255547.3532849376,18.0
9216.0,1255659.796601815,18.0
9216.0,1255679.2665054204,18.0
9216.0,1255824.332653753,18.0
9216.0,1255931.8203620901,18.0
9188.0,1256003.7963512992,17.0
9216.0,1256075.3154874097,17.0
9216.0,1256133.2899275047,17.0
9184.0,1256219.8907484182,16.0
9216.0,1256469.13,17.0
9216.0,1256502.13,17.0
9214.0,1256534.091490415,16.0
9216.0,1256539.94,17.0
9215.0,1256597.94,16.0
9216.0,1256606.87,17.0
9216.0,1256631.27,17.0
9216.0,1256637.1010868354,17.0
9213.0,1256646.6163555752,16.0
9216.0,1257129.7,17.0
9216.0,1257152.32,17.0
9214.0,1257183.1999172852,16.0
9216.0,1257284.9,17.0
9140.0,1257366.7022906935,16.0
9139.0,1258162.9,15.0
9216.0,1258306.341282904,17.0
9170.0,1258877.6719115335,16.0
9169.0,1258988.31,15.0
9216.0,1259096.86,16.0
9216.0,1259159.86,16.0
9114.0,1259313.5717995309,15.0
9113.0,1259592.461827733,14.0
9216.0,1260117.3197894425,16.0
9216.0,1260159.3197894425,16.0
9215.0,1260176.3,15.0
9216.0,1260204.6,16.0
9215.0,1260251.6,15.0
9216.0,1260367.56,16.0
9215.0,1260428.56,15.0
9216.0,1260436.43,16.0
9215.0,1260496.43,15.0
9216.0,1260575.14,16.0
9216.0,1260602.0199999998,16.0
9216.0,1260621.51084294,16.0
9216.0,1260646.8608429402,16.0
9214.0,1260668.4646815008,15.0
9216.0,1260727.43,16.0
9216.0,1260747.15,16.0
9216.0,1260756.8680764912,16.0
9213.0,1260765.8335029033,15.0
9057.0,1260950.3651605728,14.0
9216.0,1261002.91,15.0
9216.0,1261029.5899999999,15.0
9214.0,1261046.4479529648,14.0
9216.0,1261090.21,15.0
9216.0,1261125.55,15.0
9214.0,1261140.7446597817,14.0
9200.0,1261140.8522772375,13.0
9216.0,1261683.85,14.0
9216.0,1261747.85,14.0
9216.0,1261810.85,14.0
9215.0,1261899.85,13.0
9216.0,1262237.72,14.0
9215.0,1262293.72,13.0
9216.0,1262379.34,14.0
8916.0,1262829.2899275047,13.0
9216.0,1262829.3286720105,15.0
9216.0,1264091.34,15.0
9216.0,1263178.7086720103,15.0
9216.0,1263267.9946720104,15.0
9216.0,1263476.3286720105,15.0
9020.0,1263611.9591279714,14.0
9216.0,1266223.0981131399,14.0
9214.0,1267675.4033413003,13.0
9216.0,1268543.69,14.0
9216.0,1268576.45,14.0
9214.0,1268600.7116556354,13.0
9214.0,1269171.8002191174,13.0
9216.0,1269211.05,14.0
9215.0,1269281.05,13.0
9216.0,1269514.66,14.0
9216.0,1270013.5981131399,14.0
9215.0,1269604.66,13.0
9216.0,1270416.76,14.0
9215.0,1270495.76,13.0
9215.0,1270614.09311314,13.0
9216.0,1270769.84,14.0
9215.0,1270839.84,13.0
9216.0,1271125.83,14.0
9216.0,1271495.10506314,14.0
9215.0,1271307.83,13.0
9216.0,1272157.91,14.0
9215.0,1272246.91,13.0
9216.0,1272816.54,14.0
9216.0,1272873.0981131399,14.0
9215.0,1272894.54,13.0
9216.0,1272959.13,14.0
9215.0,1273039.13,13.0
9215.0,1273340.7602613142,13.0
9216.0,1273745.8,14.0
9215.0,1276010.8,13.0
9216.0,1276010.906831237,17.0
9216.0,1276048.1770337757,17.0
9216.0,1276048.346831237,17.0
9216.0,1276060.443751545,17.0
9214.0,1276069.7083670865,16.0
9211.0,1276071.7761369862,15.0
9210.0,1276084.8461323301,14.0
9209.0,1276099.8,13.0
9216.0,1276140.73,14.0
9215.0,1276209.73,13.0
9216.0,1276351.22,14.0
9215.0,1276418.22,13.0
9216.0,1276533.58,14.0
9216.0,1276804.58,14.0
9216.0,1277126.58,14.0
9215.0,1277449.58,13.0
9216.0,1281166.6582751835,13.0
9054.0,1296416.5048253383,13.0
9216.0,1296419.103930636,14.0
9216.0,1296514.3344883455,14.0
9216.0,1299659.103930636,14.0
9216.0,1297280.649852666,14.0
9216.0,1301804.8920332794,14.0
9216.0,1301825.0217385497,14.0
9216.0,1302403.5689974152,14.0
9216.0,1302823.8797005592,14.0
9216.0,1302447.6689974153,14.0
9216.0,1302469.7679974153,14.0
9216.0,1302501.5689974152,14.0
9216.0,1302629.8189974152,14.0
9216.0,1303058.3603670443,14.0
9216.0,1304388.5941700195,14.0
9216.0,1304892.7334492786,14.0
9216.0,1310617.1525130575,26.0
9216.0,1310626.7334492786,26.0
9216.0,1310634.4309845616,26.0
9216.0,1310641.7525130576,26.0
9216.0,1310649.9751873675,26.0
9216.0,1310654.7878408774,26.0
9216.0,1310658.7853414088,26.0
9216.0,1310663.4026450398,26.0
9193.0,1310665.89200902,26.0
9216.0,1310669.552637995,26.0
9141.0,1310674.8382955699,25.0
9216.0,1310677.58,26.0
9216.0,1310691.6920090201,26.0
9188.0,1310692.4154065899,25.0
9160.0,1310697.0148300068,24.0
9159.0,1310699.7334492786,23.0
9158.0,1310705.7334492786,22.0
9130.0,1310710.6856514844,21.0
9074.0,1310717.8475676584,20.0
9039.0,1310744.9794145369,19.0
9011.0,1310746.2416016648,18.0
9010.0,1310836.6510639961,17.0
9216.0,1310869.64,18.0
9216.0,1310910.1848875459,18.0
9216.0,1310894.24,18.0
9216.0,1310908.3320633993,18.0
9215.0,1310911.7334492786,17.0
9136.0,1310921.6408999285,16.0
9135.0,1311097.1328259157,15.0
9216.0,1311116.02,16.0
9213.0,1311129.5950008216,15.0
9214.0,1311183.92,16.0
9213.0,1311184.1102239543,15.0
9212.0,1311289.92,14.0
9216.0,1311595.2,15.0
9216.0,1311653.2,15.0
9215.0,1311709.2,14.0
9216.0,1311896.87,15.0
9216.0,1311921.2300000002,15.0
9216.0,1311926.5292164134,15.0
9213.0,1311939.3807770268,14.0
9216.0,1311984.17,15.0
9215.0,1312073.17,14.0
9216.0,1312111.24,15.0
9216.0,1312515.0,15.0
9216.0,1312594.932899917,15.0
9216.0,1312646.3021857936,15.0
9212.0,1312685.9231954485,14.0
9216.0,1313134.59,15.0
9216.0,1313152.76,15.0
9216.0,1313169.8183020637,15.0
9216.0,1313174.026104516,15.0
9212.0,1313179.1174017182,14.0
9216.0,1313776.73,15.0
9215.0,1313835.73,14.0
9216.0,1313848.51,15.0
9215.0,1314155.51,14.0
9216.0,1314277.25,15.0
9215.0,1314410.25,14.0
9216.0,1314410.2770979584,16.0
9215.0,1314468.25,15.0
9214.0,1314488.2770979584,14.0
9216.0,1315614.88,15.0
9215.0,1315673.88,14.0
9216.0,1315900.06,15.0
9215.0,1315959.06,14.0
9216.0,1316058.17,15.0
9216.0,1316840.6655971878,15.0
9216.0,1317063.9655971879,15.0
9216.0,1317217.4716459296,16.0
9216.0,1317278.5457613142,16.0
9216.0,1317782.4716459296,16.0
9216.0,1318009.4716459296,16.0
9216.0,1318392.8103101945,16.0
9215.0,1318494.17,15.0
9187.0,1318536.082556797,14.0
9187.0,1319128.820545583,14.0
9216.0,1319255.0871324567,14.0
9216.0,1319926.164967254,14.0
9216.0,1319968.084967254,14.0
9216.0,1320000.1564767514,14.0
9216.0,1320042.669873062,14.0
9216.0,1320065.8466330788,14.0
9216.0,1320216.8466330788,14.0
9216.0,1320341.0496443217,14.0
9216.0,1320777.0496443217,14.0
9216.0,1320903.0496443217,14.0
9216.0,1321009.8696443217,14.0
9216.0,1321104.5445333915,15.0
9216.0,1321174.5445333915,15.0
9216.0,1321201.696280017,15.0
9216.0,1321204.288102596,15.0
9216.0,1321247.7521839056,15.0
9216.0,1321482.292212688,15.0
9216.0,1321524.4124330096,15.0
9216.0,1321633.1248215928,15.0
9216.0,1321642.0545333915,15.0
9216.0,1321704.2966130276,15.0
9216.0,1321750.2748215927,15.0
9216.0,1321787.3164497558,15.0
9216.0,1321797.322200673,15.0
9216.0,1321859.0111646198,15.0
9216.0,1321859.665692501,15.0
9143.0,1321918.4208170394,14.0
9216.0,1322684.7037752687,14.0
9216.0,1326423.316970795,14.0
9216.0,1327092.7891672426,18.0
9216.0,1327117.2731102477,18.0
9216.0,1327128.978949589,18.0
9216.0,1327136.208697227,18.0
9212.0,1327141.4529886108,17.0
9174.0,1327220.2315056103,16.0
9216.0,1327286.9371464632,17.0
9177.0,1327312.3091286803,16.0
9216.0,1327401.8871464632,16.0
9216.0,1327426.8393360274,16.0
9216.0,1327473.2972954907,16.0
9176.0,1327648.2242823192,16.0
9062.0,1327704.6347030443,15.0
9216.0,1327738.862021115,15.0
9216.0,1327775.7208935788,15.0
9216.0,1327836.842021115,15.0
8755.0,1327931.0418327395,14.0
9216.0,1328023.6442732634,14.0
9216.0,1328313.9573508333,14.0
8314.0,1335547.1375960542,13.0
9216.0,1335547.1453216006,21.0
9215.0,1335626.1375960542,20.0
9214.0,1335636.1375960542,19.0
9216.0,1335652.7453216007,19.0
9216.0,1335706.4902246676,19.0
9216.0,1335720.1809952946,19.0
9216.0,1335747.0067381859,19.0
9215.0,1335780.1375960542,18.0
9212.0,1335782.2001660634,17.0
9211.0,1335803.1375960542,16.0
9155.0,1336106.6278528844,15.0
9216.0,1336406.8365266137,17.0
9216.0,1336495.9773508334,17.0
9216.0,1336442.4339159683,17.0
9216.0,1336456.3799242915,17.0
9216.0,1336459.4711285082,17.0
9212.0,1336464.752904174,16.0
9212.0,1336598.2365266136,16.0
9212.0,1336795.0485266137,16.0
9212.0,1336857.5597666136,16.0
9216.0,1337066.8365266137,16.0
9216.0,1337874.4365266138,16.0
9104.0,1338015.7363853492,15.0
9216.0,1338015.8058952813,18.0
9216.0,1338132.9858952812,18.0
9216.0,1338177.9165723291,18.0
9216.0,1338181.0829294035,18.0
9216.0,1338192.0925266137,18.0
9216.0,1338192.436141744,18.0
9212.0,1338208.415506688,17.0
9212.0,1338238.4487666136,17.0
9211.0,1338240.747469722,16.0
9216.0,1338311.479969292,16.0
9216.0,1338412.8365266137,16.0
9196.0,1338482.8365266137,15.0
9084.0,1338489.9086328163,14.0
9216.0,1338489.949896131,16.0
9216.0,1338618.0455836235,16.0
9216.0,1339715.0188280225,16.0
9216.0,1343495.469896131,16.0
9216.0,1345011.9573508333,17.0
9216.0,1345035.795404162,17.0
9216.0,1345322.1783901209,18.0
9208.0,1345363.5983901208,18.0
9216.0,1345373.8383901208,18.0
9216.0,1345380.4933901208,18.0
9216.0,1345431.1783901209,18.0
9216.0,1345487.8883901208,18.0
9216.0,1345499.455090121,18.0
9216.0,1345514.5571771208,18.0
9216.0,1345523.8581405652,18.0
9216.0,1345538.1783901209,18.0
9216.0,1345558.978390121,18.0
9216.0,1345642.1783901209,18.0
9216.0,1345726.6139653937,18.0
9216.0,1345781.6783901209,18.0
9216.0,1345964.873390121,18.0
9216.0,1346092.1783901209,18.0
9216.0,1346146.0783901208,18.0
9104.0,1346149.261485621,17.0
9216.0,1346202.1783901209,17.0
9216.0,1346234.4183901208,17.0
9216.0,1346256.2173315573,17.0
9216.0,1346277.1787240712,17.0
9216.0,1346296.5277017762,17.0
9076.0,1346421.274082227,16.0
9216.0,1346648.2323116516,16.0
9216.0,1346805.8523116517,16.0
9216.0,1347074.2323116516,16.0
9216.0,1347289.9623116516,16.0
9216.0,1347331.4163116515,16.0
9216.0,1347371.2121516515,16.0
9216.0,1347497.2323116516,16.0
9104.0,1347529.2192148915,15.0
9216.0,1347559.2923116516,15.0
9216.0,1347600.2119725305,15.0
9216.0,1347617.6870747646,15.0
8778.0,1347679.6442554132,14.0
9216.0,1347679.668402619,16.0
9216.0,1347705.668402619,16.0
9216.0,1347783.668402619,16.0
9216.0,1347841.988402619,16.0
9216.0,1347862.854002619,16.0
9216.0,1347905.3795390807,16.0
9216.0,1347932.1595390807,16.0
9216.0,1347958.0743390806,16.0
9216.0,1347980.7116790807,16.0
9216.0,1348008.3795390807,16.0
9216.0,1348854.3795390807,16.0
9198.0,1349404.0753863053,16.0
9056.0,1349882.5020284064,15.0
9216.0,1350692.9009720227,15.0
9076.0,1362407.3924776851,14.0
8912.0,1378759.974182988,13.0
9216.0,1378760.0168767811,15.0
9216.0,1379363.103930636,15.0
9216.0,1381268.2648253383,15.0
9216.0,1398270.5609720226,15.0
8796.0,1405600.5896806442,14.0
9216.0,1405600.6229750738,17.0
9216.0,1405668.4729750738,17.0
9216.0,1405695.3484750737,17.0
9216.0,1405700.4171000738,17.0
9216.0,1405715.6229750738,17.0
9216.0,1405792.3079925803,17.0
9210.0,1405860.7504851911,17.0
9216.0,1406026.5896806442,18.0
9216.0,1406056.5069397788,18.0
9216.0,1406173.5896806442,18.0
9215.0,1406238.5896806442,17.0
9216.0,1406294.7773574993,17.0
9216.0,1406498.7773574993,17.0
9216.0,1406573.6917400605,17.0
9216.0,1406728.4573574993,17.0
9216.0,1406783.3429574992,17.0
9216.0,1406894.7773574993,17.0
9216.0,1407029.7773574993,17.0
9216.0,1407194.7773574993,17.0
9216.0,1407557.7773574993,17.0
9196.0,1409927.7773574993,16.0
9216.0,1409927.8200001323,19.0
9216.0,1409981.4465441504,19.0
9215.0,1410050.7773574993,18.0
9214.0,1410211.7773574993,17.0
9174.0,1411427.8200001323,16.0
9174.0,1411496.3768767812,16.0
9216.0,1412172.56,17.0
9215.0,1412326.56,16.0
9187.0,1413325.308261719,15.0
9216.0,1420556.27,16.0
9215.0,1420804.27,15.0
9216.0,1421395.32,16.0
9215.0,1421532.32,15.0
9216.0,1421532.3631761419,17.0
9216.0,1422083.7897720225,25.0
9216.0,1422106.4097720226,25.0
9216.0,1422114.442540514,25.0
9213.0,1422122.7298725042,24.0
9212.0,1422160.7897720225,23.0
9216.0,1422186.84,24.0
9216.0,1422209.4600000002,24.0
9216.0,1422216.6364707449,24.0
9216.0,1422220.2770441314,24.0
9213.0,1422237.6042265436,23.0
9216.0,1422740.71,24.0
9215.0,1422779.71,23.0
9216.0,1423022.01,24.0
9215.0,1423069.01,23.0
9214.0,1423181.32,22.0
9213.0,1423241.3631761419,21.0
9216.0,1423312.04,22.0
9216.0,1423337.42,22.0
9216.0,1423339.7100023786,22.0
9216.0,1423341.502250286,22.0
9212.0,1423345.2399409823,21.0
9210.0,1423397.1549599885,20.0
9216.0,1423546.78,21.0
9215.0,1423586.78,20.0
9216.0,1423781.52,21.0
9216.0,1423831.1831255264,21.0
9215.0,1423820.52,20.0
9214.0,1423884.7897720225,19.0
9212.0,1423908.6193893414,18.0
9209.0,1424064.2350433117,17.0
9208.0,1424164.7897720225,16.0
9216.0,1424727.8061879112,16.0
9216.0,1424860.039049676,16.0
9216.0,1425010.4304771202,16.0
9216.0,1426178.4490766074,16.0
9216.0,1426317.824370356,16.0
9216.0,1426609.2283868217,16.0
9006.0,1427266.1043003022,15.0
9216.0,1427266.1500024863,17.0
9216.0,1427360.3704514198,17.0
9216.0,1427381.7900024862,17.0
9216.0,1427386.5340067218,17.0
9216.0,1427493.8477476405,17.0
9216.0,1427525.9048767812,17.0
9216.0,1427536.4172024862,17.0
9216.0,1427536.5447314342,17.0
9216.0,1427610.1043003022,17.0
9216.0,1427648.5843003022,17.0
9216.0,1427679.1500024863,17.0
9216.0,1427714.1043003022,17.0
9216.0,1427741.5500024862,17.0
9216.0,1427792.91344697,17.0
9216.0,1427861.5043003021,17.0
9216.0,1427939.1500024863,17.0
9216.0,1428074.05580087,17.0
9195.0,1428193.4713614224,17.0
9216.0,1428344.5710280184,17.0
9216.0,1428639.2779273288,17.0
9216.0,1429422.436970795,17.0
9216.0,1429479.589013815,17.0
9104.0,1429584.469769214,16.0
9216.0,1429623.8176032377,16.0
9216.0,1430591.6558008702,16.0
9216.0,1429593.9092522669,16.0
9216.0,1431088.7169049608,16.0
9216.0,1431726.6610280185,16.0
9216.0,1431747.611856895,16.0
9216.0,1432893.080307094,16.0
9216.0,1433106.521856895,16.0
9216.0,1434580.9707178173,16.0
9216.0,1434757.0710025493,16.0
9216.0,1434938.2637374676,16.0
9216.0,1434956.7394370954,16.0
9216.0,1434972.2433650095,16.0
9216.0,1434987.7167573748,16.0
9216.0,1435004.7201874815,16.0
9216.0,1435021.6325259951,16.0
9077.0,1437196.5197199387,15.0
8853.0,1437533.8036735929,14.0
9216.0,1437533.848258971,16.0
9216.0,1437559.528258971,16.0
9216.0,1437583.924258971,16.0
9216.0,1437607.8323389709,16.0
9216.0,1437640.848258971,16.0
9216.0,1438023.1184501878,16.0
9216.0,1437684.848258971,16.0
9216.0,1437707.808258971,16.0
9216.0,1437723.997858971,16.0
9056.0,1437740.848258971,15.0
9216.0,1439757.8036735929,15.0
9216.0,1439874.4436735928,15.0
9216.0,1440189.8036735929,15.0
9216.0,1440253.403673593,15.0
9216.0,1440285.551673593,15.0
9216.0,1440309.8036735929,15.0
9216.0,1440343.4436735928,15.0
9216.0,1440366.5044735929,15.0
9216.0,1440425.8036735929,15.0
9216.0,1440804.8036735929,15.0
9216.0,1441701.3,16.0
9216.0,1441954.26,16.0
9216.0,1442053.3162662133,16.0
9216.0,1442094.9702664397,16.0
9216.0,1442082.7573954512,16.0
9216.0,1442096.4894537374,16.0
9216.0,1442101.3011554724,16.0
9216.0,1442135.8142293305,16.0
9213.0,1442173.2535107052,15.0
9153.0,1442370.3933577014,15.0
9216.0,1442486.5267362096,15.0
9216.0,1445478.976236781,15.0
9216.0,1442490.2667362096,15.0
9216.0,1442497.5267362096,15.0
9216.0,1442500.4067362095,15.0
9216.0,1442509.5267362096,15.0
9216.0,1447937.5048253383,15.0
9216.0,1448009.8648253384,15.0
9216.0,1448072.8984253383,15.0
9216.0,1448088.6439613383,15.0
9216.0,1448138.5048253383,15.0
9216.0,1452118.1943087664,15.0
9216.0,1453133.7997658036,15.0
9216.0,1453244.7197658035,15.0
9216.0,1453287.7897231795,15.0
9216.0,1453313.2009980313,15.0
9216.0,1453349.7684423304,16.0
9216.0,1453353.6184423305,16.0
9216.0,1453357.5684423305,16.0
9216.0,1453358.9204423304,16.0
9216.0,1453359.7670023304,16.0
9216.0,1453359.7746471986,16.0
9216.0,1453362.7684423304,16.0
9216.0,1453364.4698795457,16.0
9216.0,1453368.6335761554,16.0
9216.0,1453416.8884423305,16.0
9156.0,1453385.5255094601,16.0
9216.0,1453402.5134006413,16.0
9216.0,1453413.5134006413,16.0
9216.0,1453474.5907573598,16.0
9216.0,1453417.0334006413,16.0
9216.0,1453445.842531098,16.0
9216.0,1453450.6825310981,16.0
9216.0,1453453.454531098,16.0
9216.0,1453478.1548278306,16.0
9216.0,1453511.4411423954,16.0
9216.0,1453517.6745277857,16.0
8936.0,1453526.9087626797,15.0
9216.0,1453533.0459684967,15.0
9216.0,1453538.6559684968,15.0
9216.0,1453550.1600023923,15.0
9216.0,1453561.769757969,15.0
9216.0,1453600.6372005525,15.0
9216.0,1453605.4772005526,15.0
9216.0,1453608.9268005525,15.0
9216.0,1453611.6372005525,15.0
9216.0,1453614.7172005526,15.0
8640.0,1453637.389453561,14.0
9216.0,1459564.988485511,14.0
9176.0,1459636.988485511,14.0
9176.0,1459667.228485511,14.0
9216.0,1459744.988485511,14.0
9216.0,1459750.488485511,14.0
9216.0,1459755.988485511,14.0
9216.0,1459761.268485511,14.0
9216.0,1459780.6560529987,14.0
9216.0,1459812.2883999527,14.0
9216.0,1459818.5283999527,14.0
9216.0,1459836.3030891689,14.0
8128.0,1459850.8460167092,13.0
9216.0,1469555.4487591325,13.0
9216.0,1469620.2187591325,13.0
9216.0,1469636.3985591326,13.0
9216.0,1469650.2136191325,13.0
9216.0,1469682.4487591325,13.0
9216.0,1469688.9387591325,13.0
9216.0,1469690.9231591325,13.0
9216.0,1469693.4487591325,13.0
9216.0,1469697.7387591326,13.0
9216.0,1469699.6846591325,13.0
8056.0,1469704.4487591325,12.0
9216.0,1470525.82,13.0
9216.0,1471605.7992522668,13.0
8616.0,1472030.4261259127,12.0
9216.0,1472045.81,13.0
9216.0,1472098.46,13.0
8640.0,1472163.0736290796,12.0
9216.0,1472163.0960204932,14.0
8932.0,1479169.177315032,13.0
9216.0,1479169.4123857536,20.0
9216.0,1479173.436682568,20.0
9216.0,1479182.9714595769,20.0
9006.0,1479184.593462607,19.0
8810.0,1479200.470121029,18.0
9216.0,1479211.1763841354,18.0
9216.0,1479215.9662534487,18.0
9216.0,1479217.8963841354,18.0
9216.0,1479223.9010240673,18.0
9213.0,1479227.3676519662,17.0
9185.0,1479235.6678109232,16.0
8237.0,1479236.0922627167,15.0
8236.0,1479260.177315032,14.0
8208.0,1479288.735040582,13.0
9216.0,1480987.27,14.0
9216.0,1480989.58,14.0
8400.0,1481026.0232709446,13.0
7550.0,1481072.7378219191,12.0
9216.0,1481899.07,13.0
9216.0,1482854.4994308036,13.0
9168.0,1483920.07,12.0
9216.0,1483920.8336062343,19.0
9216.0,1483926.4521485344,19.0
9216.0,1483937.6036062343,19.0
8782.0,1483937.8136863983,18.0
8780.0,1483947.2900373125,17.0
9216.0,1484234.83,18.0
9215.0,1484273.83,17.0
9216.0,1484832.35,18.0
9216.0,1484872.2326829922,18.0
9215.0,1484910.35,17.0
9216.0,1485007.904833665,17.0
9216.0,1485122.0432601424,17.0
9216.0,1485281.4958443015,17.0
9216.0,1485286.6411953403,17.0
9216.0,1485433.2384030926,17.0
9098.0,1485526.0430521371,16.0
8977.0,1485747.1409895122,15.0
8929.0,1485820.1856387232,14.0
8881.0,1485872.07,13.0
9216.0,1487756.9,14.0
9216.0,1487830.96,14.0
9216.0,1487855.6349848532,14.0
9213.0,1487870.1799959508,13.0
9165.0,1488823.3016852988,12.0
9216.0,1492209.79663763,19.0
9056.0,1492220.5583216064,18.0
9216.0,1492220.8746023234,22.0
9216.0,1492241.29663763,22.0
9216.0,1492253.269640169,22.0
9216.0,1492259.5480900365,22.0
9216.0,1492265.268485029,22.0
9104.0,1492273.7180137674,21.0
9216.0,1492273.9085624241,24.0
9216.0,1492276.108562424,24.0
9216.0,1492282.6928840869,24.0
9178.0,1492295.1098276684,25.0
8934.0,1492299.5091510348,24.0
9216.0,1492299.5544215953,26.0
8892.0,1492306.777394121,25.0
8663.0,1492308.6602919484,24.0
8660.0,1492345.4736013939,23.0
8548.0,1492351.8855551225,22.0
8119.0,1492377.9841393023,21.0
8007.0,1492517.7257252247,20.0
9216.0,1492798.96,21.0
9216.0,1493176.9623524388,21.0
9215.0,1492950.96,20.0
9216.0,1493560.8456813674,20.0
9148.0,1493803.6544287605,19.0
9216.0,1494104.58,20.0
9215.0,1494163.58,19.0
9216.0,1494320.89,20.0
9215.0,1494390.89,19.0
9216.0,1494631.29,20.0
9216.0,1494971.6377119645,20.0
9215.0,1494709.29,19.0
9216.0,1495003.77,20.0
9182.0,1495065.445259811,19.0
9181.0,1495071.77,18.0
9108.0,1495329.9179088678,17.0
9216.0,1495501.3951909067,19.0
9216.0,1495504.8051909066,19.0
9216.0,1495510.4489763603,19.0
9216.0,1495528.927125765,20.0
9216.0,1495534.537125765,20.0
9104.0,1495544.507400084,19.0
9216.0,1495544.6651515611,19.0
9215.0,1495652.38,18.0
9216.0,1495719.63,19.0
9215.0,1495871.63,18.0
9216.0,1496013.54,19.0
9216.0,1496036.31,19.0
9216.0,1496044.0949449516,19.0
9216.0,1496051.8496741985,19.0
9212.0,1496056.168654428,18.0
8997.0,1496381.2050508545,17.0
9216.0,1496744.92,18.0
9216.0,1496777.0499999998,18.0
9214.0,1496845.6075279198,17.0
8990.0,1496858.0185412667,16.0
9216.0,1497001.0,17.0
9216.0,1497020.6651515611,17.0
9216.0,1497024.12,17.0
9216.0,1497032.272154995,17.0
9216.0,1497035.6861104215,17.0
9212.0,1497041.737364992,16.0
9216.0,1497456.9,17.0
9215.0,1497526.9,16.0
9216.0,1497691.64,17.0
9215.0,1497759.64,16.0
9216.0,1497787.67,17.0
9216.0,1497827.2086399877,17.0
9215.0,1497854.67,16.0
8610.0,1498430.5898164336,15.0
9216.0,1498595.68,16.0
9216.0,1499387.68,16.0
9216.0,1500477.3244140632,16.0
8902.0,1501195.343200733,15.0
9216.0,1501195.4344127413,25.0
9216.0,1501201.8144127412,25.0
9056.0,1501206.343200733,24.0
8820.0,1501213.1608160625,23.0
8918.0,1501257.3742661355,22.0
8915.0,1501260.823985762,21.0
8913.0,1501261.522751461,20.0
8911.0,1501265.3316786275,19.0
8909.0,1501266.0104387724,18.0
8952.0,1501291.8455867968,17.0
8343.0,1501307.4512766546,16.0
8045.0,1501316.7552250982,15.0
9216.0,1502226.39,16.0
9216.0,1502257.3805976564,16.0
9216.0,1502232.15,16.0
9216.0,1502242.8285536272,16.0
8134.0,1502288.5921892133,15.0
8132.0,1502592.2818237678,14.0
9216.0,1503137.22,15.0
9056.0,1503283.22,14.0
9216.0,1503314.73,15.0
9136.0,1503325.73,14.0
9216.0,1503492.4111711958,14.0
9216.0,1503566.2111711958,14.0
8963.0,1503656.4534954855,13.0
9216.0,1503656.485504506,15.0
9216.0,1503660.7630209879,15.0
9216.0,1503668.2982164356,15.0
8936.0,1503685.8748854036,14.0
9216.0,1504319.6705019171,16.0
9216.0,1504376.485504506,16.0
9216.0,1504324.9505019172,16.0
9216.0,1504335.8987096471,16.0
9216.0,1504363.159144132,16.0
9216.0,1504483.756722891,16.0
8704.0,1504494.756722891,15.0
9216.0,1504937.54,16.0
9216.0,1505013.2312866456,16.0
9216.0,1504943.26,16.0
9216.0,1504952.8813423086,16.0
8191.0,1504996.7733565692,15.0
7873.0,1506087.4753367016,14.0
9216.0,1506276.14,15.0
9216.0,1510439.1098276684,15.0
8316.0,1506287.14,14.0
7959.0,1510851.166199834,13.0
9216.0,1511500.039410142,13.0
9215.0,1518557.65,12.0
8552.0,1540143.3301356607,11.0
8150.0,1541176.708184398,10.0
7690.0,1554979.6696354703,9.0
7579.0,1555140.62207649,8.0
9216.0,1555619.103930636,8.0
9140.0,1559867.97663846,7.0
9072.0,1559915.06093535,6.0
9072.0,1574065.656970795,6.0
9216.0,1582115.7249449198,9.0
9216.0,1582118.84494492,9.0
9216.0,1582129.7444467954,9.0
8484.0,1582179.3948729835,8.0
9216.0,1582237.81,9.0
9104.0,1582263.5257754747,8.0
9216.0,1582289.262366444,10.0
9216.0,1582294.3900000001,10.0
9216.0,1582348.575337048,10.0
8949.0,1582368.4766741244,9.0
8817.0,1582425.7580433052,8.0
9216.0,1582446.36,9.0
9104.0,1582521.3253010286,8.0
8944.0,1586046.36,7.0
9216.0,1596178.9459096934,10.0
9164.0,1596189.908570795,10.0
9216.0,1596194.41402575,10.0
8816.0,1596200.908570795,9.0
8468.0,1596217.1303970972,8.0
9216.0,1599444.64,9.0
9216.0,1599468.0232634107,9.0
8708.0,1599495.7796095575,8.0
8349.0,1633628.2361370518,7.0
8463.0,1646242.485729003,7.0
9216.0,1667691.9,8.0
9056.0,1667806.9,7.0
9216.0,1668024.61,8.0
9056.0,1668159.61,7.0
9216.0,1668235.1,8.0
9216.0,1668488.1,8.0
9216.0,1668731.1,8.0
9216.0,1668989.1,8.0
9216.0,1669163.4968877106,8.0
9000.0,1669277.8623115085,7.0
9216.0,1669277.9107478512,9.0
9216.0,1669328.5828264044,9.0
8990.0,1669398.808053969,8.0
9216.0,1669919.02,9.0
9086.0,1670302.372005036,8.0
9216.0,1670446.7,9.0
9074.0,1670507.2198584992,8.0
9216.0,1673435.27,9.0
8814.0,1673448.0286167327,8.0
8702.0,1674832.1377914557,7.0
8590.0,1678468.3418700455,6.0
9216.0,1686857.16,7.0
9216.0,1688889.2366415507,7.0
9216.0,1764482.994571273,7.0
8936.0,1773679.4946080118,6.0
9216.0,1773680.1015866254,14.0
9216.0,1773683.4732942565,14.0
9216.0,1773761.416173542,14.0
9216.0,1774274.1751824059,14.0
9216.0,1773779.795686264,15.0
9216.0,1774534.3407330492,15.0
9216.0,1774667.5734232552,15.0
9216.0,1775030.3878239791,15.0
8884.0,1775127.872363084,14.0
8817.0,1776070.0527079927,13.0
8960.0,1776604.5637830324,12.0
8577.0,1776621.3239972298,11.0
8165.0,1776653.3641540627,10.0
9216.0,1777293.4238365625,10.0
9100.0,1777342.0524978293,10.0
9100.0,1777363.4207675748,10.0
8056.0,1777385.6612115956,9.0
7944.0,1778698.8836297526,8.0
7800.0,1791315.9977291333,7.0
9216.0,1794882.18,8.0
8978.0,1797440.873823537,7.0
8222.0,1805617.4100516175,6.0
9216.0,1811158.78,7.0
8816.0,1812048.78,6.0
9216.0,1812436.27,7.0
9215.0,1813812.27,6.0
9216.0,1813988.2960709205,8.0
9215.0,1814246.27,7.0
9216.0,1814984.5360709205,7.0
9216.0,1815591.609882159,7.0
9216.0,1815640.209882159,7.0
8640.0,1815717.9044560005,6.0
9216.0,1817195.09,7.0
9216.0,1817743.34,7.0
9216.0,1818110.4350005365,9.0
9215.0,1818199.4350005365,8.0
9216.0,1819621.4350005365,8.0
9216.0,1820027.5123384173,9.0
9216.0,1820289.4836332782,9.0
9216.0,1820342.0042932916,9.0
9147.0,1820387.9168400834,8.0
9216.0,1820718.222849407,9.0
8672.0,1820787.3938158203,8.0
9216.0,1821352.51,9.0
9216.0,1821430.27,9.0
9076.0,1821447.588421061,8.0
8488.0,1821493.334635566,7.0
9216.0,1821626.05,8.0
9216.0,1821626.0999999999,8.0
9202.0,1824141.2661629093,7.0
9216.0,1836897.7979463008,10.0
8616.0,1836908.7979463008,9.0
8593.0,1836970.9881445086,8.0
8592.0,1837497.73,7.0
8392.0,1837764.7408114586,6.0
9216.0,1838781.47,7.0
9216.0,1839900.19,7.0
9216.0,1840979.5307846416,7.0
9127.0,1841488.359789197,6.0
9216.0,1841881.59,7.0
9136.0,1841974.59,6.0
9216.0,1842158.04,7.0
9216.0,1842213.1400000001,7.0
9088.0,1842241.3941174704,6.0
9216.0,1842259.89,7.0
9216.0,1842359.89,7.0
9216.0,1842399.0499999998,7.0
9165.0,1842440.1330393592,6.0
9216.0,1842735.2687853957,9.0
9216.0,1842775.1238777202,9.0
9174.0,1842800.760154465,8.0
9094.0,1842827.2687853957,7.0
9216.0,1842828.31,8.0
9146.0,1842838.724294503,7.0
9066.0,1842935.035416598,6.0
9216.0,1842951.5,7.0
9104.0,1843127.0180855985,6.0
9216.0,1857846.421106025,7.0
8896.0,1858003.421106025,6.0
8614.0,1883841.1787054304,5.0
9216.0,1898153.23,6.0
9216.0,1898241.78,6.0
9216.0,1898277.7191379578,6.0
9123.0,1898347.0146839572,5.0
9216.0,1898409.31,6.0
9216.0,1898671.31,6.0
9168.0,1898937.31,5.0
9216.0,1902839.318190868,7.0
9216.0,1902861.818190868,7.0
9216.0,1902884.7747061413,7.0
9216.0,1902967.6590055942,7.0
9216.0,1903208.1876401645,7.0
9216.0,1903244.7680396491,7.0
9134.0,1903363.3578384507,6.0
9216.0,1904622.16,7.0
9176.0,1904989.16,6.0
9216.0,1915724.9628213935,10.0
9216.0,1915750.1116314034,10.0
9216.0,1915756.7817752366,10.0
9216.0,1915764.7877666184,10.0
9212.0,1915772.8105219079,9.0
9216.0,1915849.9607369406,11.0
9216.0,1915904.9157425791,11.0
9215.0,1915908.91,10.0
9215.0,1916035.0816889035,10.0
9216.0,1916146.886639684,10.0
9216.0,1916184.886639684,10.0
9216.0,1916195.4953237616,10.0
9216.0,1916207.686665685,10.0
8682.0,1916248.5011582107,9.0
9216.0,1916255.37,10.0
9216.0,1916283.7200000002,10.0
8616.0,1916324.8058920123,9.0
9216.0,1916387.29,10.0
9215.0,1916445.29,9.0
8705.0,1916451.7247906525,8.0
9216.0,1916888.78,9.0
9216.0,1917200.4907959562,9.0
9006.0,1916921.8165365383,8.0
8184.0,1917556.7709835987,7.0
9216.0,1917646.35,8.0
9215.0,1917738.35,7.0
9216.0,1930785.0151930253,9.0
9215.0,1930872.0,8.0
9216.0,1930889.76,9.0
9216.0,1931217.0151930253,9.0
9216.0,1930901.76,9.0
9216.0,1930911.970368431,9.0
9213.0,1930923.8186964726,8.0
9184.0,1932201.760917211,7.0
9216.0,1941012.6858301158,9.0
9215.0,1941094.68,8.0
8915.0,1941129.6858301158,7.0
8701.0,1960621.1896647525,6.0
8435.0,1990339.4593118357,5.0
9216.0,1999165.1921700193,7.0
9216.0,1999189.5344586112,7.0
9216.0,1999194.9540604006,7.0
9213.0,1999204.4117418076,6.0
9216.0,1999301.9856127228,8.0
9216.0,1999321.9593676336,8.0
9216.0,1999327.1538600142,8.0
9216.0,1999334.553915363,8.0
9215.0,1999386.553915363,7.0
9216.0,1999524.05,8.0
9215.0,1999573.05,7.0
8403.0,1999666.600403831,6.0
9216.0,1999686.04,7.0
9216.0,1999740.92,7.0
9165.0,1999770.144753679,6.0
9216.0,2000703.57,7.0
9216.0,2000726.77,7.0
9216.0,2000737.2546469294,7.0
9216.0,2000741.1872631034,7.0
9134.0,2000752.2365587582,6.0
9216.0,2000891.75,7.0
9216.0,2000995.49,7.0
9165.0,2001056.3047492437,6.0
9216.0,2001269.08,7.0
9184.0,2001422.08,6.0
9216.0,2002907.41,7.0
9216.0,2002923.01,7.0
9214.0,2002974.5999931372,6.0
9216.0,2003009.26,7.0
9215.0,2003067.26,6.0
9216.0,2003116.93,7.0
9215.0,2003179.93,6.0
9216.0,2003181.92,7.0
9216.0,2003207.92,7.0
9216.0,2003212.0975709672,7.0
9213.0,2003219.4071416387,6.0
9216.0,2003398.332456812,9.0
9216.0,2003447.3652723883,9.0
9213.0,2003452.2312934033,8.0
9216.0,2003456.2160565413,8.0
8637.0,2003486.1547403985,7.0
8539.0,2003553.6096947351,6.0
9216.0,2003855.1,7.0
9215.0,2003908.1,6.0
9216.0,2003978.3194143192,8.0
9215.0,2004036.29,7.0
9216.0,2004045.5194143192,7.0
9216.0,2004082.2621159975,7.0
9216.0,2004175.755796415,7.0
9216.0,2004195.7905419015,7.0
8961.0,2004221.3429141648,6.0
9216.0,2004229.52,7.0
9216.0,2004270.86,7.0
9216.0,2004281.7523186032,7.0
9213.0,2004287.8128256921,6.0
9216.0,2004474.93,7.0
9216.0,2004504.51,7.0
9216.0,2004511.5617687595,7.0
9213.0,2004519.9613535595,6.0
9216.0,2004738.7967744335,8.0
9215.0,2004797.77,7.0
9216.0,2004853.7967744335,7.0
9216.0,2004936.9267744333,7.0
9216.0,2004952.1495048488,7.0
9216.0,2005004.6444365717,7.0
9216.0,2005034.3144365717,7.0
9216.0,2005041.3580152385,7.0
9213.0,2005051.3875852355,6.0
9216.0,2005219.89,7.0
9216.0,2005245.99,7.0
9214.0,2005271.173932225,6.0
9216.0,2005545.8537882026,8.0
9216.0,2005588.5788289271,8.0
9216.0,2005593.0474938066,8.0
9213.0,2005601.4221944646,7.0
9075.0,2005751.5433921076,6.0
9216.0,2006006.56,7.0
9216.0,2006040.2,7.0
9216.0,2006046.9791967743,7.0
9216.0,2006049.1861382313,7.0
9212.0,2006051.3827531245,6.0
9216.0,2006220.9569981566,8.0
9216.0,2006243.058088765,8.0
9216.0,2006254.2040826618,8.0
9216.0,2006259.920862192,8.0
9212.0,2006263.7443739465,7.0
9216.0,2006348.0,8.0
9215.0,2006406.0,7.0
9078.0,2006446.025575218,6.0
9216.0,2006955.2281971567,8.0
9216.0,2006985.304344493,8.0
9214.0,2007003.0838523956,7.0
9216.0,2007004.5181971567,7.0
8996.0,2007083.1386338577,6.0
9216.0,2008707.04,7.0
9215.0,2008766.04,6.0
9216.0,2009187.2276561796,8.0
9215.0,2009252.19,7.0
9216.0,2009257.1476561795,7.0
9024.0,2009324.4695235684,6.0
9216.0,2009783.74,7.0
9216.0,2009809.2,7.0
9216.0,2009820.5010312297,7.0
9213.0,2009828.5159882007,6.0
9216.0,2009870.07,7.0
9216.0,2009899.07,7.0
9216.0,2009905.281700315,7.0
9213.0,2009912.9715290768,6.0
9216.0,2010050.5374127156,8.0
9216.0,2010072.9241371553,8.0
9214.0,2010102.8072605699,7.0
9075.0,2010213.553442718,6.0
9216.0,2010927.3756102582,8.0
9215.0,2010993.37,7.0
9216.0,2011017.58,8.0
9215.0,2011075.58,7.0
9216.0,2011202.857434763,9.0
9215.0,2011282.85,8.0
9075.0,2011356.857434763,7.0
9216.0,2011583.09,8.0
9215.0,2011635.09,7.0
9216.0,2011822.6969446617,9.0
9216.0,2011838.622369603,9.0
9214.0,2011863.4560978063,8.0
9216.0,2011876.0769446616,8.0
9216.0,2011909.3820979435,8.0
9216.0,2011931.0786641138,8.0
9216.0,2011961.3092787988,8.0
6770.0,2016448.5246013096,7.0
9216.0,2016448.668415725,19.0
9216.0,2016463.382462121,19.0
9216.0,2016469.7038332561,19.0
9216.0,2016471.8108899589,19.0
9216.0,2016475.1954975901,19.0
9216.0,2016475.912328103,19.0
9213.0,2016483.5472303734,18.0
9211.0,2016491.8016620118,17.0
9209.0,2016494.1926654265,16.0
9208.0,2016495.5246013096,15.0
9206.0,2016500.5833407554,14.0
9205.0,2016506.5246013096,13.0
9204.0,2016516.5246013096,12.0
9006.0,2016587.1803308616,11.0
9216.0,2016624.18,12.0
9079.0,2016638.3624106762,11.0
8939.0,2017325.1455063454,10.0
9216.0,2017482.2286511743,10.0
9216.0,2033151.168415725,10.0
9216.0,2017498.993986051,10.0
9216.0,2038743.0729740858,10.0
9216.0,2017720.7454943939,10.0
9216.0,2040931.4921903552,10.0
9216.0,2018167.0904842468,10.0
9216.0,2019102.4302496326,10.0
9216.0,2019224.1433441848,10.0
9216.0,2019258.1862233458,10.0
9216.0,2019695.601618032,10.0
9216.0,2020257.2373039646,10.0
9216.0,2039355.4511580649,10.0
9216.0,2039830.1821492824,10.0
8696.0,2042631.3975998797,9.0
9216.0,2062858.26,10.0
9216.0,2063134.75,10.0
8501.0,2063419.0782964579,9.0
9216.0,2063802.07,10.0
9216.0,2063963.23,10.0
9214.0,2064078.2573322111,9.0
9216.0,2068153.0043343517,15.0
9216.0,2068183.5283427173,15.0
9203.0,2068219.52,14.0
9216.0,2068221.586083822,14.0
9216.0,2068224.6843343517,14.0
9082.0,2068264.6332906282,13.0
9216.0,2068265.8745891592,13.0
9160.0,2068292.2004968647,12.0
9048.0,2068332.1899898874,11.0
9216.0,2068340.7578586298,13.0
8992.0,2068384.930885122,12.0
9216.0,2068477.7578586298,12.0
9213.0,2068487.3738010896,11.0
9216.0,2070336.9982026468,13.0
9215.0,2070428.96,12.0
9075.0,2070431.9982026468,11.0
9216.0,2070498.95,12.0
9076.0,2070591.95,11.0
9216.0,2070599.83,12.0
9184.0,2070688.83,11.0
8764.0,2070998.7609790359,10.0
9216.0,2072861.87,11.0
9216.0,2076776.0,12.0
9216.0,2076808.64,12.0
9216.0,2076815.3546883333,12.0
9216.0,2076818.0174630422,12.0
9212.0,2076821.4590412788,11.0
9216.0,2078513.09,12.0
9216.0,2078527.59,12.0
9216.0,2078532.5908211626,12.0
9213.0,2078549.0370867283,11.0
9216.0,2078968.9999246132,13.0
9215.0,2079047.99,12.0
9075.0,2079061.9999246132,11.0
9216.0,2079980.7823619053,13.0
9188.0,2085826.238726807,12.0
9216.0,2087714.51,13.0
9216.0,2087758.51,13.0
9216.0,2087770.145794084,13.0
9216.0,2087771.650917567,13.0
9212.0,2087775.0478291044,12.0
8813.0,2088998.3547707656,11.0
9216.0,2088998.4391971233,13.0
9216.0,2089120.3547707656,14.0
9216.0,2089252.3547707656,14.0
9216.0,2089280.4147707657,14.0
9216.0,2089263.9547707657,14.0
9214.0,2089289.507094035,13.0
9216.0,2089348.0185325197,13.0
8979.0,2089398.4617624646,12.0
9216.0,2089592.43,13.0
9216.0,2089619.47,13.0
9216.0,2089643.9006328774,13.0
8983.0,2089689.11554253,12.0
9216.0,2091354.0170654259,14.0
9216.0,2091470.9339595381,14.0
9216.0,2091373.499628415,14.0
9216.0,2091384.0080302255,14.0
9213.0,2091398.4711646554,13.0
9216.0,2091529.3902612757,13.0
9216.0,2092743.9064457598,15.0
9216.0,2092765.74644576,15.0
9216.0,2092779.4124240382,15.0
9213.0,2092794.4544648929,14.0
9212.0,2092815.9064457598,13.0
9211.0,2092821.9064457598,12.0
9211.0,2099856.999197123,12.0
9211.0,2105273.3092787988,12.0
9216.0,2114139.962109549,12.0
9216.0,2114387.75530816,12.0
8936.0,2114653.0930037303,11.0
9216.0,2117951.35,12.0
8972.0,2122563.5280733667,11.0
9216.0,2122931.439197123,11.0
9216.0,2123007.099197123,11.0
9164.0,2123171.0538744517,11.0
9216.0,2123228.686724984,11.0
9216.0,2123294.206724984,11.0
9216.0,2123331.502724984,11.0
9216.0,2123406.094724984,11.0
9216.0,2123481.077384094,11.0
9216.0,2123526.617384094,11.0
9216.0,2123654.950008664,11.0
9216.0,2123688.150008664,11.0
9216.0,2123752.8663690398,11.0
8692.0,2123810.2563489955,10.0
8594.0,2132574.8351827576,9.0
9216.0,2147769.5490019736,9.0
9216.0,2148748.002425505,9.0
9216.0,2149770.517166731,9.0
8936.0,2155538.806473406,8.0
9216.0,2184169.825048297,8.0
7863.0,2185181.022026307,7.0
7693.0,2190343.536768394,6.0
8064.0,2209782.6574381916,5.0
9216.0,2224828.9021237614,6.0
9216.0,2257623.8734465353,20.0
9216.0,2257649.9134465354,20.0
9216.0,2257663.068091348,20.0
9213.0,2257692.394182655,19.0
9212.0,2257937.8734465353,18.0
9211.0,2258085.7821765826,17.0
9216.0,2259736.129141799,18.0
9216.0,2259905.1134465355,18.0
9216.0,2259938.359937822,18.0
9216.0,2260421.943446535,18.0
9216.0,2260871.2792677665,18.0
9216.0,2261407.0701681892,18.0
9216.0,2261719.5134465354,18.0
9082.0,2263467.7577743107,17.0
8980.0,2264054.363248404,16.0
8882.0,2266232.991051743,15.0
8871.0,2269515.754036805,14.0
8826.0,2269686.1348227495,13.0
8741.0,2295336.2590893735,12.0
8603.0,2297097.3059353284,11.0
8518.0,2298812.9031657227,10.0
8408.0,2300598.6916604773,9.0
8049.0,2305979.639192665,8.0
9216.0,2312749.66,9.0
9216.0,2312755.733446535,9.0
9216.0,2313080.0700000003,9.0
9214.0,2313292.9983802913,8.0
9216.0,2321566.8256429294,16.0
9216.0,2321577.1278541116,16.0
9216.0,2321588.729088912,16.0
9216.0,2321591.977960041,16.0
9092.0,2321608.065931161,16.0
9090.0,2321609.7078471,15.0
9216.0,2321651.35,16.0
9057.0,2321678.2441896345,15.0
8754.0,2321692.0220990595,14.0
8684.0,2321697.409899789,13.0
8604.0,2321704.065931161,12.0
9216.0,2322603.89,13.0
9216.0,2322604.295664122,13.0
9152.0,2322739.4095897614,12.0
9216.0,2322775.58,13.0
9133.0,2322782.445685834,12.0
9077.0,2322950.7257321905,11.0
9216.0,2323147.4941587397,16.0
9216.0,2323203.6641587396,16.0
9216.0,2323218.003996195,16.0
9216.0,2323243.676897068,16.0
9216.0,2323255.585419717,16.0
9216.0,2323259.0774962185,16.0
9216.0,2323267.066912533,17.0
9216.0,2323277.8639278086,17.0
9216.0,2323286.613773514,17.0
9216.0,2323316.896030418,17.0
9216.0,2323325.5469125328,17.0
9216.0,2323350.0890127886,17.0
9216.0,2323358.71438519,18.0
9216.0,2323372.5127422856,18.0
9216.0,2323392.95634048,18.0
9216.0,2323400.181388531,18.0
9216.0,2323460.493647792,18.0
9104.0,2323472.829350282,17.0
8880.0,2323501.701699121,16.0
9216.0,2323501.7316746474,18.0
9160.0,2323529.5548958736,17.0
9104.0,2323541.4836783186,16.0
8880.0,2323564.289864645,15.0
8823.0,2323599.963192148,14.0
8336.0,2323634.4851421257,13.0
8224.0,2323638.6269912277,12.0
9216.0,2327458.74,13.0
9216.0,2327582.8200000003,13.0
9216.0,2327636.6303550946,13.0
9120.0,2327672.333722507,12.0
9216.0,2327833.16,13.0
9168.0,2328159.16,12.0
9216.0,2328256.08,13.0
9043.0,2328320.5103023457,12.0
8995.0,2328464.7667667437,11.0
9216.0,2328812.86,12.0
9168.0,2329076.86,11.0
9216.0,2329199.89,12.0
9216.0,2329350.7349445233,12.0
9158.0,2329463.103853887,11.0
9088.0,2330628.2732473947,10.0
9018.0,2331009.314634594,9.0
9216.0,2334249.71,10.0
9216.0,2335459.363457923,10.0
9216.0,2334308.9899999998,10.0
9014.0,2334347.6585777975,9.0
9216.0,2337424.9896117714,9.0
8874.0,2352897.914931492,8.0
9216.0,2352898.029388913,15.0
9216.0,2352911.2042082804,15.0
9216.0,2352931.695188868,15.0
9048.0,2352949.0325636948,14.0
9034.0,2352966.4274622565,13.0
8965.0,2353012.3094639406,12.0
8885.0,2353251.5879955883,11.0
8829.0,2353379.579090935,10.0
8772.0,2353407.9602829805,9.0
8716.0,2353472.880668421,8.0
9216.0,2360210.997453255,8.0
9216.0,2363038.7201873558,8.0
9216.0,2391690.4074532553,8.0
9216.0,2402034.4719884526,9.0
9216.0,2411061.3991879444,9.0
9216.0,2420782.0941666085,9.0
8520.0,2454394.651184393,8.0
9216.0,2454394.738388658,27.0
9216.0,2454409.216587592,27.0
9216.0,2454411.708739208,27.0
9216.0,2454421.6101154583,27.0
9216.0,2454428.907810184,27.0
9216.0,2454429.8529210375,27.0
9214.0,2454430.761516527,26.0
9212.0,2454438.9863396427,25.0
9209.0,2454439.4971831003,24.0
9208.0,2454447.558492119,23.0
9207.0,2454472.651184393,22.0
9206.0,2454474.651184393,21.0
9205.0,2454483.651184393,20.0
9204.0,2454489.651184393,19.0
9093.0,2454500.0382486316,18.0
9216.0,2454500.262208009,21.0
9216.0,2454526.7778731906,21.0
9216.0,2454535.458274696,21.0
9160.0,2454538.866428103,20.0
9216.0,2454573.175723407,20.0
9216.0,2454582.234759329,20.0
9216.0,2454603.9974904335,20.0
9191.0,2454607.7654989962,19.0
9216.0,2454609.2218394554,19.0
9143.0,2454632.882918443,18.0
9099.0,2454641.1610932956,17.0
9216.0,2454653.729322651,17.0
9104.0,2454678.065408658,16.0
9200.0,2454742.4691756493,16.0
9183.0,2454746.2343518618,15.0
9216.0,2454817.9491756493,15.0
9202.0,2454829.651871548,14.0
9216.0,2454861.902268276,14.0
9216.0,2454882.6909629004,14.0
9216.0,2454926.7407610198,14.0
9160.0,2454940.7341830777,13.0
9216.0,2454952.7725015124,13.0
9202.0,2454967.3068829384,12.0
9216.0,2455146.3141339887,12.0
8992.0,2455162.140929732,11.0
9216.0,2455327.722592524,11.0
9216.0,2455392.222592524,11.0
9216.0,2455425.3256934304,11.0
9216.0,2455503.1160448547,11.0
8768.0,2455512.6973664626,10.0
9216.0,2455512.7505126745,12.0
9216.0,2455559.8305126745,12.0
9216.0,2455611.15141062,12.0
9216.0,2455694.2914604335,12.0
9216.0,2455694.8855072684,12.0
9216.0,2455761.9855072685,12.0
9216.0,2455785.0435072687,12.0
9216.0,2455816.8855072684,12.0
9216.0,2455873.531475098,12.0
9216.0,2455935.8855072684,12.0
9216.0,2456041.1555072684,12.0
8936.0,2456110.4078744366,11.0
9216.0,2456298.8855072684,11.0
9216.0,2456381.8855072684,11.0
9216.0,2456412.506612419,11.0
9216.0,2456447.0367948236,11.0
9216.0,2456482.1367948237,11.0
9216.0,2456501.6508996743,11.0
8600.0,2456554.411257233,10.0
9216.0,2456586.8112804284,10.0
8488.0,2457197.1403923165,9.0
6655.0,2460956.328199335,8.0
9216.0,2462846.8341732523,8.0
8866.0,2490605.074984514,7.0
9216.0,2490605.719163153,15.0
9116.0,2490690.074984514,14.0
9016.0,2490698.074984514,13.0
8916.0,2490700.074984514,12.0
8776.0,2491056.0943911527,11.0
8754.0,2495013.219186593,10.0
8576.0,2495633.5674958527,9.0
9216.0,2497132.11,10.0
9116.0,2497258.111209148,9.0
9016.0,2497263.719163153,8.0
8916.0,2497426.3414468244,7.0
8915.0,2498834.6837831545,6.0
9216.0,2499360.2,7.0
9215.0,2499418.2,6.0
9216.0,2499463.99,7.0
9171.0,2499546.8749808795,6.0
9170.0,2500341.99,5.0
9216.0,2501019.875771488,7.0
9215.0,2501067.87,6.0
9216.0,2501180.89,7.0
9216.0,2501206.41,7.0
9216.0,2501211.464912171,7.0
9213.0,2501219.65697633,6.0
9216.0,2501554.34,7.0
9216.0,2501571.5,7.0
9216.0,2501588.8646504395,7.0
9216.0,2501594.573072482,7.0
9212.0,2501598.0039411727,6.0
9216.0,2502470.080528885,8.0
9216.0,2502524.080528885,8.0
9215.0,2502528.02,7.0
9215.0,2502550.000528885,7.0
9215.0,2502561.016528885,7.0
9216.0,2502605.080528885,7.0
9216.0,2503008.875771488,7.0
9216.0,2502654.640528885,7.0
9216.0,2502824.286990918,7.0
9168.0,2502964.379932024,7.0
9216.0,2503038.0727890935,7.0
9216.0,2503196.0727890935,7.0
8816.0,2503342.0727890935,6.0
9216.0,2503551.57,7.0
8816.0,2503698.57,6.0
9216.0,2506476.12,7.0
8816.0,2506611.12,6.0
9216.0,2507034.84,7.0
8816.0,2507169.84,6.0
9216.0,2507240.48,7.0
8816.0,2507367.0581834586,6.0
9216.0,2507939.85,7.0
8896.0,2508054.85,6.0
9216.0,2508464.62,7.0
8936.0,2508832.588176691,6.0
9216.0,2509279.4294657847,8.0
9216.0,2509400.029465785,8.0
9216.0,2509517.376271119,8.0
9216.0,2509637.7632551887,8.0
9216.0,2509861.776271119,8.0
9216.0,2510278.0082711186,8.0
9216.0,2510409.431311119,8.0
9216.0,2510747.376271119,10.0
9216.0,2510776.496271119,10.0
9216.0,2510794.1637586765,10.0
9215.0,2510816.376271119,9.0
9136.0,2510823.90358519,8.0
9216.0,2510964.875771488,8.0
9188.0,2511522.5054478194,7.0
9216.0,2514707.550687558,9.0
9188.0,2514715.807971708,8.0
9187.0,2514784.54,7.0
9216.0,2514949.1419761674,9.0
9216.0,2514995.143262364,9.0
9216.0,2515015.7419761675,9.0
9216.0,2515036.494097693,9.0
9216.0,2515047.06406262,9.0
9212.0,2515054.5258433064,8.0
9212.0,2515066.5031681233,8.0
9216.0,2515176.429719803,8.0
9216.0,2516154.5957714883,8.0
9216.0,2516194.310687558,8.0
9157.0,2517551.0063885576,7.0
9216.0,2517814.45,8.0
9144.0,2521414.45,7.0
9216.0,2524779.386696035,7.0
9216.0,2529130.802993322,7.0
8796.0,2529878.633956628,6.0
8698.0,2531103.3921655766,5.0
9216.0,2553579.32,6.0
8624.0,2569946.0909107807,5.0
9216.0,2569946.239168017,15.0
9215.0,2570086.0909107807,14.0
9216.0,2570136.0570215187,14.0
9216.0,2570144.6020042836,14.0
9215.0,2570159.0909107807,13.0
9212.0,2570184.189408727,12.0
9213.0,2570287.8791680173,12.0
9212.0,2570401.460621136,12.0
9212.0,2570406.766521971,12.0
9211.0,2570537.021082203,11.0
9216.0,2570647.766401844,11.0
9216.0,2570886.0909107807,11.0
9216.0,2571039.2915656343,11.0
9216.0,2570975.7105903733,11.0
9216.0,2571135.796401844,11.0
9104.0,2571138.452564485,10.0
9216.0,2571249.8510814817,10.0
9216.0,2571273.8510814817,10.0
8966.0,2571327.1670089397,9.0
9216.0,2571661.09,10.0
9176.0,2571697.0909107807,9.0
9216.0,2571711.53,10.0
8951.0,2571746.8524691425,9.0
8950.0,2571757.09,8.0
8949.0,2571769.53,7.0
9216.0,2572121.8819179214,9.0
9216.0,2572144.8722767993,9.0
9216.0,2572145.2819179213,9.0
9216.0,2572165.3157380763,9.0
9216.0,2572170.241917921,9.0
9216.0,2572179.0611179215,9.0
9213.0,2572179.5178300384,8.0
9216.0,2572186.8819179214,8.0
9216.0,2573551.3619179213,8.0
9216.0,2574670.5683179214,8.0
9216.0,2574924.590715903,8.0
9215.0,2575018.590715903,7.0
9216.0,2575514.8819179214,7.0
9216.0,2584220.4819179215,7.0
9216.0,2594318.9779179213,7.0
9216.0,2600413.0943128397,7.0
9216.0,2604042.548303451,24.0
9216.0,2604061.448303451,24.0
9216.0,2604068.788303451,24.0
9216.0,2604078.5455802497,24.0
9216.0,2604086.008303451,24.0
9213.0,2604091.517195559,23.0
9211.0,2604098.0682925363,22.0
9211.0,2604100.548303451,21.0
9209.0,2604105.9132995075,20.0
9208.0,2604113.548303451,19.0
9207.0,2604114.548303451,18.0
9206.0,2604119.548303451,17.0
9205.0,2604120.548303451,16.0
9203.0,2604121.9685621727,15.0
9202.0,2604123.548303451,14.0
9201.0,2604137.548303451,13.0
9200.0,2604141.548303451,12.0
9200.0,2604215.548303451,11.0
9198.0,2604592.570589007,10.0
9197.0,2604599.548303451,9.0
9216.0,2611144.203153442,9.0
9216.0,2614294.338303451,9.0
9216.0,2611181.253153442,9.0
9216.0,2611226.504157352,9.0
9216.0,2613401.504157352,9.0
9216.0,2613505.504157352,9.0
9216.0,2613607.8978352626,9.0
9104.0,2618620.771384246,8.0
8504.0,2619042.8819179214,7.0
9216.0,2619042.9065355225,9.0
9216.0,2621027.438303451,9.0
9187.0,2619093.6190228257,9.0
9187.0,2619105.915211426,9.0
9216.0,2619156.599356389,9.0
9216.0,2619179.8819179214,9.0
9216.0,2619719.5683397427,9.0
9216.0,2619866.8519179216,9.0
9216.0,2619924.8476511976,9.0
9216.0,2620064.8609179216,9.0
9216.0,2620131.3590582795,9.0
9216.0,2620263.5299479216,9.0
9216.0,2620263.256335872,9.0
9216.0,2620382.339322197,9.0
9216.0,2620518.089608536,9.0
9216.0,2620526.8819179214,9.0
9216.0,2620727.7890408663,9.0
9216.0,2631030.158491234,9.0
9216.0,2632484.579603451,9.0
9216.0,2631235.598491234,9.0
9216.0,2631273.9169381657,9.0
9216.0,2631313.9304138804,9.0
9216.0,2631433.970841024,9.0
9216.0,2634904.4145586663,9.0
9216.0,2631469.860841024,9.0
9216.0,2631563.5769107966,9.0
9216.0,2639259.32,9.0
9216.0,2646425.5494348537,9.0
9216.0,2646613.3876642385,15.0
9216.0,2646631.9876642385,15.0
9216.0,2646643.7476642383,15.0
9216.0,2646656.2276642383,15.0
9216.0,2646662.3476642384,15.0
9216.0,2646667.4076642385,15.0
9216.0,2646683.842092178,15.0
9216.0,2646689.9717826867,15.0
9216.0,2646699.8476753146,15.0
9216.0,2646702.3600642383,15.0
9110.0,2646704.5420914986,15.0
9216.0,2646705.3098736424,15.0
9216.0,2646709.8655354166,15.0
9216.0,2646711.7043217625,15.0
9216.0,2646742.7012373614,16.0
9216.0,2646745.8098736424,16.0
9216.0,2646759.3876642385,16.0
9216.0,2646802.372594986,16.0
9216.0,2646832.782112075,16.0
9216.0,2646833.8476642384,16.0
9216.0,2646849.70301109,16.0
9216.0,2646853.5931606474,16.0
9216.0,2646899.4912532535,16.0
9216.0,2646905.4031606475,16.0
9216.0,2646906.351238226,16.0
9050.0,2646922.26434383,15.0
9216.0,2646936.82237249,15.0
9216.0,2646976.911238226,15.0
9216.0,2646988.5466761095,15.0
9216.0,2647000.083801874,15.0
9216.0,2647007.898021392,15.0
9216.0,2647061.269721539,16.0
8897.0,2647119.703042157,15.0
9216.0,2647119.7138600266,17.0
9216.0,2647139.6366761094,17.0
9216.0,2647166.2638600264,17.0
9216.0,2647178.8608600264,17.0
9216.0,2647184.037703498,17.0
9216.0,2647194.0520914984,17.0
9216.0,2647195.70307803,17.0
9216.0,2647214.7138600266,17.0
9216.0,2647228.191340186,17.0
9216.0,2647245.122521238,17.0
9216.0,2647254.7641905094,17.0
9216.0,2647262.9438600265,17.0
9216.0,2647317.63797041,17.0
8992.0,2647326.53059519,16.0
9216.0,2647344.37,17.0
8992.0,2647392.7647931743,16.0
8768.0,2647394.679391517,15.0
9216.0,2647394.7397913816,17.0
9104.0,2647405.612082841,16.0
9216.0,2647415.425899413,16.0
8992.0,2647416.53857848,15.0
9191.0,2647462.636937332,15.0
9191.0,2647493.9579704097,15.0
9079.0,2647495.98170258,14.0
9216.0,2647504.413779252,14.0
9136.0,2647509.5466761095,14.0
9216.0,2647513.204360096,15.0
9216.0,2647576.28667611,15.0
9216.0,2647581.793779252,15.0
9216.0,2647582.2943600956,15.0
9216.0,2647598.892534668,15.0
9216.0,2647600.2718600957,15.0
9152.0,2647610.51157041,15.0
9152.0,2647627.2381100957,15.0
9152.0,2647632.454360096,15.0
9216.0,2647654.204360096,15.0
8620.0,2647663.2085670815,14.0
9216.0,2647663.2434515543,16.0
8960.0,2647678.7058319496,15.0
9168.0,2647689.2669890705,15.0
9216.0,2647703.5420914986,15.0
8784.0,2647713.020538142,14.0
8867.0,2647778.204360096,13.0
9216.0,2647819.7760644755,13.0
8644.0,2647893.57807813,12.0
8364.0,2648099.101296444,11.0
7564.0,2648615.548303451,10.0
9216.0,2651725.86,11.0
9216.0,2651787.2199999997,11.0
8979.0,2651822.180071732,10.0
9216.0,2651848.08,11.0
9056.0,2651963.08,10.0
8736.0,2652289.0909107807,9.0
9216.0,2652447.54,10.0
9056.0,2652562.54,9.0
9216.0,2653086.77,10.0
9216.0,2653174.540354965,10.0
8986.0,2653200.6188305044,9.0
9216.0,2653611.54,10.0
9216.0,2653716.54,10.0
9216.0,2653967.3483034507,10.0
9176.0,2653822.54,9.0
9216.0,2657373.2,10.0
9216.0,2657434.68,10.0
9160.0,2657477.079985707,9.0
9216.0,2658358.72,10.0
9216.0,2658371.48,10.0
9214.0,2658394.872742486,9.0
9216.0,2658426.62,10.0
9216.0,2658442.46,10.0
9214.0,2658459.2730371444,9.0
9216.0,2665145.0674351007,15.0
9216.0,2665194.3794024005,15.0
9216.0,2665207.646016243,15.0
9216.0,2665231.5935670948,15.0
9216.0,2665256.688500135,15.0
8944.0,2665311.697880238,14.0
8962.0,2665327.5291424654,14.0
8826.0,2665327.589133317,13.0
8893.0,2665432.8766449303,12.0
7939.0,2665500.2102768826,11.0
8019.0,2665523.14,12.0
8005.0,2665526.474799094,11.0
7925.0,2665679.8104014755,10.0
9216.0,2665782.13,11.0
9216.0,2665858.9899999998,11.0
8985.0,2665940.4765972886,10.0
9216.0,2665988.74,11.0
8992.0,2666272.9257006887,10.0
9216.0,2668318.741021081,12.0
9216.0,2668418.5610210807,12.0
9216.0,2668423.68,12.0
9216.0,2668480.586887013,12.0
9215.0,2668494.68,11.0
9215.0,2668497.08810795,11.0
9216.0,2668535.590956802,11.0
9216.0,2672250.0635703932,11.0
9216.0,2668959.086178175,11.0
9216.0,2669103.776178175,11.0
9216.0,2669253.01808228,11.0
9216.0,2669316.1090249177,11.0
8292.0,2669492.8479828066,10.0
9216.0,2674305.52,11.0
9215.0,2674683.52,10.0
9216.0,2675282.31,11.0
9216.0,2677034.1820914987,11.0
9216.0,2675700.31,11.0
9216.0,2675744.411468377,11.0
9216.0,2675765.5713369315,11.0
9212.0,2675823.1563249812,10.0
9216.0,2678895.56,11.0
9216.0,2679059.44,11.0
9214.0,2679238.6499926886,10.0
9216.0,2679722.0,11.0
9216.0,2679762.5,11.0
9214.0,2679828.44064684,10.0
9216.0,2679971.29,11.0
9216.0,2680074.89,11.0
9216.0,2680130.287869625,11.0
9216.0,2680148.5137119126,11.0
9216.0,2680159.7136946507,11.0
9216.0,2685846.8969107964,11.0
9216.0,2686147.602773766,11.0
9216.0,2701585.8633429566,11.0
9216.0,2701908.690558989,15.0
9215.0,2701970.690558989,14.0
9216.0,2702038.54718173,14.0
9216.0,2702172.134856549,14.0
9216.0,2702301.4243135503,14.0
9171.0,2702338.093766079,13.0
9216.0,2702461.3233900773,13.0
9216.0,2702623.5870581456,13.0
9216.0,2702989.564261268,13.0
5210.0,2704081.7693011905,12.0
9216.0,2704081.7873926144,16.0
9216.0,2704133.5373926144,16.0
9216.0,2704145.5898280963,16.0
9216.0,2704159.496449846,16.0
9216.0,2704177.038558626,16.0
9216.0,2704196.8200855483,16.0
8916.0,2704218.2811469925,15.0
9216.0,2704218.3258196954,17.0
9172.0,2704258.296610433,17.0
9172.0,2704264.9658196955,17.0
9172.0,2704281.6098065195,17.0
9172.0,2704284.8186196955,17.0
9172.0,2704289.0276416377,17.0
9172.0,2704306.3258196954,17.0
9172.0,2704311.2811469925,17.0
9216.0,2704316.0833157473,17.0
9216.0,2704351.4458196955,17.0
9216.0,2704356.0733157475,17.0
9177.0,2704380.141620856,17.0
9136.0,2704387.3492157473,17.0
9216.0,2704407.6218973715,17.0
9216.0,2704409.0833157473,17.0
9001.0,2704414.8689639308,16.0
9216.0,2704444.5270452336,17.0
9216.0,2704458.2233157475,17.0
9216.0,2704465.3270452335,17.0
8934.0,2704500.0833157473,16.0
9088.0,2704526.2112395805,16.0
8678.0,2704545.166851474,15.0
8448.0,2704557.1073691454,14.0
8447.0,2706675.7136946507,13.0
9216.0,2712337.28,14.0
8793.0,2717655.0133721065,13.0
8266.0,2723441.5085050794,12.0
9216.0,2725272.442861752,12.0
6976.0,2726601.564795201,11.0
6883.0,2731877.1522954246,10.0
6423.0,2734291.6276680613,9.0
6243.0,2734978.962534156,8.0
9216.0,2740221.87,9.0
8938.0,2740408.2808709936,8.0
9216.0,2745670.3831487265,10.0
9183.0,2771879.690558989,9.0
9216.0,2780191.0231487267,9.0
8928.0,2792831.6630900805,8.0
9216.0,2793964.529832179,9.0
9216.0,2794011.569832179,9.0
9216.0,2794029.502184658,9.0
8500.0,2794110.5055342824,8.0
7170.0,2796234.7160674855,7.0
6670.0,2809483.848090072,6.0
9216.0,2817655.0999420006,8.0
9216.0,2828497.778708731,8.0
9216.0,2837164.529832179,8.0
8904.0,2838152.1696943054,7.0
9216.0,2838152.2336344053,9.0
8992.0,2849118.6985787037,8.0
9216.0,2849118.856390307,19.0
9216.0,2849143.200093638,19.0
9216.0,2849153.3090468263,19.0
9216.0,2849162.8853750858,19.0
9216.0,2849165.8736521094,19.0
9216.0,2849166.5019903253,19.0
9188.0,2849168.628472497,18.0
9216.0,2849176.299342218,18.0
9216.0,2849187.9690702697,18.0
9135.0,2849199.2484670207,17.0
9103.0,2849203.638998345,16.0
9046.0,2849211.8205799125,15.0
9216.0,2849217.4277839637,15.0
9202.0,2849233.3746600035,14.0
9188.0,2849319.679280303,13.0
9178.0,2850213.2942387015,12.0
9140.0,2850418.8015239215,11.0
9139.0,2850603.6985787037,10.0
9083.0,2854129.7172644283,9.0
9083.0,2882411.3749457146,9.0
9216.0,2883376.920470314,9.0
9216.0,2889906.281507425,10.0
9216.0,2889983.681507425,10.0
9216.0,2890104.1204358344,10.0
9216.0,2904760.920470314,10.0
9216.0,2911035.440435834,10.0
9216.0,2918418.281507425,10.0
9216.0,2921878.8852358344,10.0
9216.0,2924225.0970329144,10.0
9216.0,2927276.5110918344,10.0
9216.0,2934303.447041004,13.0
9216.0,2934322.247041004,13.0
9216.0,2934326.7869447772,13.0
9216.0,2934331.476686938,22.0
9208.0,2934339.0072356514,21.0
9216.0,2934339.0169822983,24.0
9216.0,2934340.3036743654,24.0
9216.0,2934351.202336527,24.0
9216.0,2934353.1957281544,24.0
9216.0,2934356.6996155786,24.0
9207.0,2934360.554212583,23.0
9204.0,2934372.305368161,22.0
9197.0,2934375.3952784925,21.0
9196.0,2934382.8706908575,20.0
9186.0,2934385.347777738,19.0
9182.0,2934389.4085549396,18.0
9179.0,2934392.398409977,17.0
9176.0,2934394.435455766,16.0
9173.0,2934404.6596144065,15.0
9216.0,2934481.4564730087,15.0
9216.0,2934594.1504464727,15.0
9214.0,2934972.8102775314,14.0
9216.0,2935870.4482707568,14.0
9216.0,2935946.941043211,14.0
9216.0,2935988.135615124,14.0
9216.0,2936082.161353225,14.0
9216.0,2936122.8701093113,14.0
9216.0,2936222.7672237223,14.0
9212.0,2936225.992287445,13.0
9216.0,2936560.539693818,13.0
9216.0,2937751.0502374335,15.0
9216.0,2937782.392216689,15.0
9216.0,2938007.4602374337,15.0
9216.0,2938063.9321591104,15.0
9216.0,2938127.222648699,15.0
9216.0,2938153.2254374335,15.0
9216.0,2938243.1833894337,15.0
9216.0,2938528.0502374335,15.0
9216.0,2938564.9502374334,15.0
9180.0,2938623.944477871,15.0
9216.0,2938670.5014396217,15.0
9216.0,2938749.701439622,15.0
9216.0,2938762.901439622,15.0
9216.0,2938771.613439622,15.0
9216.0,2938802.5014396217,15.0
9216.0,2939062.8014396215,15.0
9216.0,2939081.3511912543,15.0
9206.0,2939465.321507425,16.0
9216.0,2939279.97988515,16.0
9216.0,2939479.1373371,16.0
9216.0,2939487.5014396217,16.0
9216.0,2939521.861507425,16.0
9216.0,2939526.701439622,16.0
9216.0,2939545.2029895303,16.0
9216.0,2939627.5014396217,16.0
9216.0,2939673.2156761317,16.0
9216.0,2939745.902459904,16.0
9216.0,2939895.7486526454,16.0
9216.0,2939979.0274412953,18.0
9216.0,2940686.2275634757,18.0
9216.0,2940022.887441295,18.0
9216.0,2940030.4807199836,18.0
9216.0,2940060.853834736,18.0
9216.0,2940835.7099420005,18.0
9216.0,2941156.1204358344,18.0
9216.0,2941881.468739752,18.0
9216.0,2942234.7159850136,18.0
9216.0,2942422.9956750656,18.0
9216.0,2942789.891011923,18.0
9216.0,2942804.1514173606,18.0
9216.0,2945736.1514173606,18.0
9216.0,2945783.536575017,18.0
9216.0,2945990.4502374334,18.0
9216.0,2946531.9466870218,18.0
9103.0,2946562.5380910314,17.0
9216.0,2948831.518607358,17.0
9216.0,2949763.2336860783,17.0
9093.0,2950716.449301445,16.0
9216.0,2951454.930330968,16.0
8992.0,2954254.4188918774,15.0
9216.0,2954254.443210831,17.0
9216.0,2954279.083210831,17.0
9216.0,2954318.3295196956,17.0
9216.0,2954333.29034199,17.0
9171.0,2956528.8688333193,16.0
8468.0,2957205.588217347,15.0
9216.0,2957205.644278139,18.0
9216.0,2957272.5740053114,18.0
9216.0,2957290.8185531627,18.0
9216.0,2957311.3664751803,18.0
9216.0,2957329.588217347,18.0
9216.0,2957516.363664359,18.0
9216.0,2957517.3645576877,18.0
8992.0,2960940.2366137034,17.0
5872.0,2963281.7693011905,16.0
9216.0,2963281.7800040427,18.0
9216.0,2963597.4995949636,18.0
9216.0,2963683.4206613284,18.0
9001.0,2963713.339850026,17.0
9216.0,2971453.782177825,17.0
9216.0,2972989.652177825,17.0
9216.0,2973957.3855880243,17.0
9216.0,2974717.747553181,17.0
9216.0,2980231.5926366993,17.0
9171.0,2981503.4778546942,16.0
9126.0,2981896.229262598,15.0
9216.0,2986251.7,16.0
9216.0,2988576.992301196,16.0
9216.0,2989554.8981420007,16.0
9216.0,2993509.747553181,16.0
9216.0,2993936.288217347,17.0
9216.0,2995464.9206613284,17.0
9182.0,2993715.3238510764,16.0
9137.0,2996643.205774694,15.0
9137.0,3002140.2309559183,15.0
9216.0,3003025.91,16.0
9216.0,3003078.393720549,16.0
9159.0,3003117.022128924,15.0
9216.0,3003253.86,16.0
9216.0,3003398.94,16.0
9160.0,3003500.1679152474,15.0
9216.0,3004722.44,16.0
9216.0,3007022.2600040426,16.0
9216.0,3007644.385383872,16.0
9216.0,3008063.1946217157,16.0
9216.0,3008636.7546217158,16.0
9188.0,3009023.162568401,15.0
9216.0,3009049.61,16.0
9216.0,3011726.288500077,16.0
9216.0,3015311.3486526455,16.0
9216.0,3019353.7631882518,16.0
8919.0,3022320.8789988025,15.0
9216.0,3022320.9910234236,20.0
9216.0,3022331.7752577607,20.0
9216.0,3022342.4356437325,20.0
9216.0,3022345.5576546714,20.0
9198.0,3022353.8055648254,19.0
9189.0,3022391.0464299293,18.0
9183.0,3022394.3435903257,17.0
9177.0,3022395.4206313025,16.0
9216.0,3023236.0837122435,18.0
9216.0,3023675.2837122437,18.0
9216.0,3024011.2380040702,18.0
9216.0,3024136.476347094,18.0
9171.0,3024686.6015101774,17.0
9171.0,3024735.1237122435,17.0
9171.0,3024993.892004043,17.0
9216.0,3025319.7493122434,17.0
9216.0,3025508.8791695703,17.0
9216.0,3026142.053039752,17.0
9216.0,3026630.7310929922,17.0
9216.0,3027105.9310929924,17.0
9216.0,3027251.768305079,17.0
9216.0,3027352.355028238,17.0
9171.0,3028032.936954473,16.0
8906.0,3033387.1168077686,15.0
9216.0,3033696.422089077,17.0
9216.0,3035836.176151016,18.0
9216.0,3041005.8828674867,18.0
8899.0,3043048.4783644103,17.0
9216.0,3055553.3985195304,17.0
9216.0,3055961.994477412,17.0
8960.0,3058369.7800040427,16.0
9145.0,3065157.8933563996,15.0
9087.0,3067444.899158196,14.0
9216.0,3067937.1775584416,14.0
9171.0,3068015.645425793,13.0
9216.0,3069044.0999420006,13.0
9216.0,3069087.3099420005,13.0
9216.0,3069193.0999420006,13.0
9216.0,3069344.6852864,13.0
9216.0,3069513.1052864,13.0
9216.0,3069641.0242864,13.0
9036.0,3069701.932428453,12.0
9216.0,3069745.6852864,12.0
9216.0,3071513.4200303387,12.0
9202.0,3074458.51131176,11.0
9216.0,3075711.6177147394,11.0
9036.0,3081268.2531954236,10.0
9216.0,3081268.299928028,12.0
9216.0,3083150.82,13.0
9216.0,3083289.903256805,13.0
9216.0,3083259.06,13.0
9146.0,3083372.415805519,12.0
9146.0,3083639.0949243186,12.0
9216.0,3083777.44,13.0
9216.0,3083906.8,13.0
9216.0,3083948.945798127,13.0
9216.0,3083960.70065493,13.0
9117.0,3084000.676186912,12.0
9216.0,3084233.6645203545,12.0
9216.0,3085161.9445203543,12.0
9216.0,3085576.0381203545,12.0
9036.0,3086064.2875918853,11.0
9216.0,3086064.3696387596,15.0
9216.0,3086096.224512979,15.0
9216.0,3086096.7745129787,15.0
9216.0,3086106.7118111337,15.0
9216.0,3086108.5227557183,15.0
9193.0,3086114.7380450843,14.0
9176.0,3086116.5047315797,13.0
9169.0,3086121.9343126793,12.0
9216.0,3086204.791763845,12.0
8716.0,3086251.6645203545,11.0
9216.0,3086251.6722980076,13.0
9216.0,3086281.7622980075,13.0
9201.0,3086302.1799155325,12.0
9216.0,3087121.03,13.0
9216.0,3087229.0528543796,13.0
9216.0,3088601.6327117267,17.0
9216.0,3088626.9020090825,17.0
9216.0,3088637.148588776,17.0
9216.0,3088643.329543442,17.0
9190.0,3088648.3234622944,16.0
9216.0,3089136.775905149,18.0
9216.0,3089155.9841202437,18.0
9216.0,3089180.208588928,18.0
9202.0,3089190.1679868065,17.0
9188.0,3089356.000964048,16.0
9216.0,3089383.07,17.0
8866.0,3090410.8346648854,16.0
9216.0,3090410.8885445427,18.0
9206.0,3090920.8885445427,17.0
9216.0,3090920.8989296695,19.0
9216.0,3090964.0958141317,19.0
9216.0,3090988.0989296697,19.0
9216.0,3090995.341560559,19.0
9216.0,3091014.1192462347,19.0
9216.0,3091017.1389296697,19.0
9188.0,3091026.898103785,18.0
9216.0,3091038.3573185797,18.0
9216.0,3091064.8885445427,18.0
9216.0,3091086.8885445427,18.0
9216.0,3091096.2689476297,18.0
9197.0,3091108.463025169,17.0
9216.0,3091144.59,18.0
9216.0,3091173.59,18.0
9216.0,3091182.3932723203,18.0
9207.0,3091189.5646463493,17.0
9216.0,3091594.840986605,17.0
9216.0,3091606.440986605,17.0
9202.0,3091640.6392074917,16.0
9174.0,3091718.6554656457,15.0
9216.0,3091735.3525584093,17.0
9182.0,3091793.4410252133,16.0
9216.0,3091793.52,17.0
9206.0,3091851.52,16.0
9186.0,3091855.32,15.0
9216.0,3091892.46,16.0
9206.0,3091942.46,15.0
9216.0,3092742.248735924,18.0
9216.0,3092780.248735924,18.0
9210.0,3092796.7732333364,17.0
9178.0,3092818.653742977,16.0
9216.0,3092895.608591466,16.0
9216.0,3093535.216156053,18.0
9208.0,3093594.216156053,17.0
9216.0,3093607.136156053,17.0
9216.0,3093640.8146558995,17.0
9093.0,3093715.569940263,16.0
9048.0,3093842.261107882,15.0
9216.0,3094196.21,16.0
9216.0,3094223.4699999997,16.0
9216.0,3094229.6524493573,16.0
9207.0,3094235.513959411,15.0
9216.0,3094790.82,16.0
9209.0,3094868.916211476,15.0
9216.0,3095051.75,16.0
9212.0,3095110.75,15.0
9216.0,3095758.88,16.0
9212.0,3095806.88,15.0
9212.0,3098764.285043953,15.0
9216.0,3103284.5125584095,15.0
9116.0,3116530.2753863716,14.0
9216.0,3116530.288227219,18.0
9216.0,3118311.489833008,18.0
9209.0,3115861.4624310425,17.0
9177.0,3116242.9283254175,16.0
9167.0,3116570.951899533,15.0
9103.0,3116815.965254934,14.0
8783.0,3124037.691608915,13.0
9216.0,3124037.732979823,15.0
9216.0,3125491.3609038335,15.0
9216.0,3126053.4304585606,15.0
9216.0,3127631.061763845,15.0
9171.0,3133324.1532973554,14.0
9182.0,3137365.1142100124,14.0
9211.0,3142060.062089077,14.0
9162.0,3143601.750180248,13.0
9216.0,3150717.14,14.0
9215.0,3150764.14,13.0
9216.0,3156599.952979823,13.0
9216.0,3161835.685949577,13.0
9216.0,3162395.534785872,22.0
9216.0,3162413.514785872,22.0
9216.0,3162416.214785872,22.0
9216.0,3162424.8903163844,22.0
9216.0,3162425.6247858717,22.0
9216.0,3162434.2032267367,22.0
9210.0,3162441.259982244,21.0
9206.0,3162443.534785872,20.0
9212.0,3162450.994785872,21.0
9211.0,3162454.583911538,21.0
9198.0,3162458.3892099233,20.0
9216.0,3162458.482882188,20.0
9213.0,3162466.0034218663,19.0
9210.0,3162466.059323315,18.0
9210.0,3162478.762882188,18.0
9178.0,3162501.485797387,17.0
9198.0,3162527.2773495317,17.0
9184.0,3162532.160162746,16.0
9216.0,3162553.563762012,16.0
9216.0,3162587.5373495314,16.0
9216.0,3162667.9616112276,16.0
9202.0,3162714.906034491,15.0
9216.0,3162717.787717828,15.0
9171.0,3162831.160263243,14.0
9216.0,3164139.3240603255,14.0
9216.0,3164235.6440603253,14.0
9216.0,3164247.711188833,14.0
9216.0,3164270.738417973,14.0
9216.0,3164288.1098364466,14.0
9216.0,3164401.9898364465,14.0
9113.0,3164516.966219946,13.0
9113.0,3165680.9863249618,13.0
9216.0,3166419.5,14.0
9216.0,3170459.4652863997,14.0
9216.0,3177316.1777147395,14.0
9216.0,3179372.63,14.0
9216.0,3183103.5974428486,14.0
9216.0,3187572.808626214,20.0
9216.0,3187602.968626214,20.0
9214.0,3187623.2990971087,19.0
9213.0,3187624.7908890774,18.0
9212.0,3187650.7908890774,17.0
9216.0,3188157.141571711,18.0
9200.0,3188215.141571711,17.0
9216.0,3188221.141571711,17.0
9216.0,3188554.9904446774,17.0
9216.0,3188901.50344707,17.0
9216.0,3189237.4390365905,17.0
6596.0,3189319.3685728135,16.0
9216.0,3189319.4101972436,21.0
9216.0,3189564.4101972436,21.0
9188.0,3189587.289735737,20.0
9216.0,3189587.3720934023,22.0
9216.0,3189593.1684773755,22.0
9216.0,3189783.604667008,22.0
9216.0,3189804.4815581217,22.0
9216.0,3189838.543854149,22.0
9188.0,3189895.1716678115,21.0
9216.0,3189904.7005494316,21.0
9188.0,3189912.408316735,20.0
9216.0,3189994.3495024233,20.0
9216.0,3190028.5897411527,20.0
9216.0,3190144.380549432,20.0
9216.0,3190179.494829974,20.0
9216.0,3190241.7641541357,20.0
9216.0,3190285.2571377167,21.0
9216.0,3190427.214785872,21.0
9216.0,3190355.317137717,21.0
9216.0,3190406.8071377166,21.0
9216.0,3190409.8961377167,21.0
9216.0,3190427.6916377167,21.0
9168.0,3190446.5897411527,20.0
9150.0,3190489.4193771943,19.0
9216.0,3190492.111178961,19.0
9216.0,3190772.2350122286,19.0
9118.0,3191358.5817861147,18.0
9216.0,3191812.9766082196,18.0
9085.0,3192049.793793527,17.0
9216.0,3192213.272686924,17.0
9125.0,3193113.7560480013,16.0
8826.0,3199842.968909054,15.0
9216.0,3199843.0123730507,17.0
9112.0,3211866.218565445,16.0
9216.0,3222593.567585872,16.0
9199.0,3223205.784795889,15.0
9199.0,3224786.4160443298,15.0
9199.0,3230648.86514428,15.0
9216.0,3231735.42,16.0
9216.0,3231760.36,16.0
9214.0,3231769.7363212397,15.0
9216.0,3231792.65,16.0
9215.0,3232477.65,15.0
9215.0,3233937.9468875625,15.0
9215.0,3235973.772686924,15.0
9216.0,3237830.9,16.0
9216.0,3238023.05,16.0
9200.0,3238193.8899025777,15.0
9216.0,3238491.500369741,17.0
9216.0,3238818.620369741,17.0
9159.0,3239628.8363302955,16.0
9216.0,3239976.54,17.0
9216.0,3241326.8177217036,18.0
9182.0,3241464.462701299,17.0
9216.0,3241513.99,18.0
9076.0,3241736.6442151912,17.0
9216.0,3241736.6730280174,19.0
9076.0,3242126.5493967202,18.0
9216.0,3242164.86,19.0
9216.0,3242366.86,21.0
9216.0,3242422.33542432,21.0
9216.0,3242580.823853503,21.0
9216.0,3242605.6095980895,21.0
9216.0,3242614.38,21.0
9216.0,3242640.266898732,21.0
9199.0,3242640.8702584915,20.0
9189.0,3242719.05852476,19.0
9187.0,3242956.5703603923,18.0
9186.0,3242997.99,17.0
9216.0,3243090.6730280174,17.0
9216.0,3243209.6730280174,17.0
9216.0,3243261.5814732695,17.0
9133.0,3243289.96991455,16.0
9216.0,3243311.4,17.0
9176.0,3243452.4,16.0
9216.0,3243517.04,17.0
9216.0,3243555.114312512,17.0
9176.0,3243753.04,16.0
9216.0,3243945.78,17.0
9216.0,3244030.38,17.0
9162.0,3244146.2591162333,16.0
9216.0,3245895.48,17.0
9216.0,3245906.98,17.0
9216.0,3245924.4733118056,17.0
9197.0,3245934.138116649,16.0
9216.0,3246280.604895539,18.0
9216.0,3246532.537764888,18.0
9208.0,3246760.2670824197,17.0
9168.0,3246768.604895539,16.0
9216.0,3246771.39,17.0
9216.0,3246873.99,17.0
9216.0,3246910.5898129065,17.0
9132.0,3246972.9589353604,16.0
9216.0,3247741.39,17.0
9216.0,3247789.107686924,17.0
9216.0,3247960.915561663,17.0
9160.0,3248144.2351135407,16.0
8980.0,3250334.590798845,15.0
9216.0,3250334.62550162,17.0
8992.0,3250541.06188473,16.0
9216.0,3250541.1073046536,18.0
9216.0,3250750.3707220834,18.0
9208.0,3250813.1073046536,17.0
9216.0,3250982.4183025076,17.0
9216.0,3251216.655795105,17.0
9216.0,3251422.719401879,17.0
8992.0,3251628.9557801993,16.0
9216.0,3251629.011483976,18.0
9206.0,3251687.011483976,17.0
8982.0,3251834.7909467244,16.0
9216.0,3251834.8779674033,18.0
9196.0,3251899.8779674033,17.0
9216.0,3252015.21,18.0
9216.0,3252041.627546531,18.0
9216.0,3252042.372967333,18.0
9216.0,3252054.6759450673,18.0
9197.0,3252064.100851725,17.0
9216.0,3252248.767090771,17.0
9216.0,3252436.866185055,17.0
9216.0,3252644.5349197597,17.0
9216.0,3252839.662145954,17.0
9216.0,3252855.2248497014,17.0
9216.0,3253071.389442519,17.0
9216.0,3253278.1077983766,17.0
8894.0,3253427.1701145554,16.0
9216.0,3253427.1759126284,19.0
9216.0,3253446.8559126286,19.0
9202.0,3253468.4969436927,18.0
9216.0,3253658.39,19.0
9216.0,3253669.91,19.0
9216.0,3253680.3418979445,19.0
9216.0,3253686.813875373,19.0
9191.0,3253692.7723490605,18.0
9216.0,3254006.62,19.0
8822.0,3256316.78354046,18.0
9216.0,3256316.809051846,21.0
9216.0,3256350.2811433165,21.0
9216.0,3256379.9697311996,21.0
9216.0,3256408.6996713206,21.0
9209.0,3256768.1720802323,20.0
9216.0,3258406.9607818183,20.0
9216.0,3258422.3518217606,20.0
8992.0,3258630.1598955714,19.0
9216.0,3258630.197640519,22.0
9208.0,3258665.2350857123,22.0
9216.0,3258695.8438771674,22.0
9216.0,3258720.405602502,22.0
9216.0,3258737.433581296,22.0
9216.0,3258747.4639439057,22.0
9216.0,3259048.5725303288,22.0
9216.0,3259193.1060878173,22.0
9188.0,3259200.1204487733,21.0
9216.0,3259264.3537353724,22.0
9216.0,3259493.133132285,22.0
9216.0,3259749.155344739,22.0
9216.0,3259771.6852864,23.0
9216.0,3259811.6260878174,23.0
9216.0,3259990.9555333504,23.0
9216.0,3260062.9552864,23.0
9158.0,3260309.7634365195,22.0
9158.0,3260534.1191864,22.0
9158.0,3260690.2607114,22.0
9158.0,3260765.80365138,22.0
9216.0,3261158.6852864,22.0
9216.0,3262347.0281362957,22.0
9216.0,3261945.1652864,22.0
9216.0,3262514.6852864,22.0
9216.0,3263353.5739992643,22.0
9216.0,3263750.1789318053,22.0
9146.0,3264617.652843617,21.0
9146.0,3265703.796903838,21.0
9216.0,3267219.2446009913,21.0
9216.0,3267234.673568331,21.0
9216.0,3267252.943734556,21.0
9216.0,3267534.2452864,21.0
9216.0,3267269.8072507526,21.0
8992.0,3267473.7720490284,20.0
9216.0,3267473.825015115,22.0
9216.0,3267496.0775445504,22.0
9216.0,3267511.4021754027,22.0
9216.0,3267528.3720407896,22.0
9216.0,3267611.7302879877,22.0
9048.0,3267627.207045825,21.0
9216.0,3267663.25,22.0
9152.0,3267674.25,21.0
9216.0,3268995.3685728135,22.0
9216.0,3269110.3685728135,23.0
9216.0,3269133.03467767,23.0
9216.0,3269196.4493021173,23.0
9216.0,3270484.9676980157,23.0
9216.0,3271705.1779180756,23.0
9216.0,3270541.9076980157,23.0
9216.0,3270593.1122360798,23.0
9216.0,3270633.34437313,23.0
9216.0,3272244.1701145554,23.0
9216.0,3272568.1468864,24.0
9216.0,3272953.711006252,24.0
9216.0,3273860.1768863997,24.0
9216.0,3273003.271006252,24.0
9216.0,3273146.1294474513,24.0
9216.0,3274127.5904529407,24.0
9216.0,3273547.8494474515,24.0
9216.0,3274059.1294474513,25.0
9216.0,3274661.5103864,25.0
9216.0,3274191.069155883,25.0
9216.0,3274191.679237979,25.0
9216.0,3274247.8721897407,25.0
9216.0,3275246.62,25.0
8716.0,3275317.1468864,24.0
9216.0,3275317.158284179,26.0
9216.0,3275368.0346368896,26.0
9216.0,3275476.1468864,26.0
9216.0,3275528.3068864,26.0
9216.0,3275567.1008864,26.0
9216.0,3275598.0806664,26.0
9216.0,3275639.1468864,26.0
9216.0,3275718.034572257,26.0
9216.0,3275781.034572257,26.0
9216.0,3275818.4445722573,26.0
9216.0,3275828.3625722574,26.0
9060.0,3275830.1848189575,25.0
9216.0,3275837.1841031616,25.0
9216.0,3275868.034572257,25.0
9216.0,3275932.2745722574,25.0
9216.0,3275994.7238407005,25.0
8938.0,3276016.275127993,24.0
9216.0,3276016.35431466,26.0
9216.0,3276191.905015115,26.0
9216.0,3276018.88431466,26.0
9216.0,3276021.84881466,26.0
9216.0,3276023.6656296602,26.0
9216.0,3276027.35431466,26.0
9216.0,3276745.150402902,26.0
9216.0,3278207.899228219,26.0
9216.0,3279975.1701145554,26.0
9216.0,3280722.1861827523,26.0
9216.0,3281088.862189741,26.0
9216.0,3281590.158284179,26.0
9216.0,3281737.787187308,26.0
9216.0,3282291.857820571,27.0
9136.0,3283041.825015115,26.0
9216.0,3283236.6659083744,26.0
9190.0,3283573.5820085066,25.0
9216.0,3284726.8655897407,25.0
9216.0,3285109.781422173,27.0
9216.0,3286807.041995934,27.0
9216.0,3285114.291422173,27.0
9216.0,3285115.654322173,27.0
9216.0,3285120.781422173,27.0
9216.0,3285162.161422173,27.0
9216.0,3285153.781422173,27.0
9216.0,3285182.686622173,27.0
9216.0,3285196.902554173,27.0
9216.0,3285206.781422173,27.0
9216.0,3285215.581422173,27.0
9216.0,3285266.2377996426,27.0
9216.0,3285270.781422173,27.0
9216.0,3285284.163954445,27.0
8461.0,3285318.9617843563,26.0
9216.0,3285319.0180583717,29.0
9180.0,3285323.658058372,29.0
9216.0,3285335.0180583717,29.0
9216.0,3285350.6182606174,29.0
9216.0,3285366.6182606174,29.0
9216.0,3285447.383454549,29.0
9216.0,3287166.158284179,29.0
9209.0,3288872.991527772,28.0
9209.0,3289039.4307693257,28.0
9216.0,3289424.1701145554,28.0
9216.0,3289679.666556868,28.0
9216.0,3289874.7286914173,28.0
9216.0,3289939.6586914174,28.0
9216.0,3290025.7286914173,28.0
9216.0,3291238.4897736283,28.0
9216.0,3291277.2297736285,28.0
9216.0,3291371.921543796,28.0
9216.0,3292329.3634502934,28.0
9216.0,3293848.1848563547,28.0
9036.0,3295339.4696098114,27.0
9216.0,3299274.7313368767,27.0
9216.0,3299525.2960931193,27.0
9171.0,3299685.9865388437,26.0
8991.0,3300111.6223489963,25.0
8606.0,3301645.562858528,24.0
9216.0,3301645.654139787,26.0
9216.0,3302550.7220739746,26.0
9216.0,3301917.741237595,26.0
9216.0,3302224.562858528,26.0
9216.0,3302602.343454549,26.0
9216.0,3302229.512858528,26.0
9216.0,3302232.658858528,26.0
9216.0,3302268.53497256,26.0
9216.0,3302272.05497256,26.0
9148.0,3302283.5325908354,26.0
9216.0,3302309.21938204,26.0
9216.0,3302320.21938204,26.0
8866.0,3302335.89335013,25.0
9216.0,3303136.3957376955,25.0
9216.0,3303934.150402902,25.0
9216.0,3304568.0663373754,25.0
9216.0,3304572.9063373753,25.0
9216.0,3304586.2892217794,25.0
9216.0,3304592.6756587094,25.0
9216.0,3304604.029324362,25.0
8894.0,3308128.7603560598,24.0
9012.0,3315747.8688604156,23.0
8958.0,3315896.8110549077,22.0
9216.0,3316946.2728407886,22.0
9216.0,3317661.2304309756,22.0
9216.0,3318773.522639993,22.0
9036.0,3323736.553809154,21.0
9216.0,3327107.3685728135,21.0
8703.0,3329690.811599996,20.0
9216.0,3341033.5814120388,20.0
9216.0,3341049.0513703115,20.0
8516.0,3341064.4747314523,19.0
8336.0,3343155.968708681,18.0
8428.0,3348001.3646010747,17.0
8622.0,3357579.230242999,16.0
8269.0,3358281.171476832,15.0
8089.0,3358286.9538989025,14.0
9216.0,3359312.754987609,16.0
9216.0,3359333.6849876093,16.0
9216.0,3359372.223487609,16.0
7603.0,3359454.997301216,15.0
7403.0,3360039.350233839,14.0
9216.0,3360847.27,15.0
9216.0,3361350.993297805,15.0
9016.0,3362387.27,14.0
9216.0,3362581.63,15.0
9216.0,3364065.3536234098,15.0
9044.0,3364243.69235934,14.0
8744.0,3365743.3536234098,13.0
9216.0,3365743.370611322,15.0
9216.0,3366336.500611322,15.0
9216.0,3366416.876314077,15.0
9216.0,3366569.362117366,15.0
8784.0,3366662.199116478,14.0
9216.0,3367115.323672494,14.0
9216.0,3367164.0836724937,14.0
9216.0,3367187.539006107,14.0
8156.0,3367246.558720255,13.0
9216.0,3367646.97,14.0
9036.0,3368441.2726584016,13.0
9216.0,3368745.2166853943,13.0
9216.0,3370120.194967801,13.0
9016.0,3370342.97,12.0
9216.0,3370346.48,13.0
8832.0,3371507.9103575526,12.0
7396.0,3372599.5314743724,11.0
6843.0,3373397.226271535,10.0
7484.0,3401207.265656909,9.0
8194.0,3402041.5019226894,8.0
9216.0,3410010.75,9.0
8572.0,3415452.453039541,11.0
7972.0,3415550.453039541,10.0
7372.0,3415563.453039541,9.0
7632.0,3416203.23,10.0
7372.0,3416340.23,9.0
7632.0,3416351.64,10.0
7372.0,3416486.64,9.0
7632.0,3416502.96,10.0
7372.0,3416674.5646036896,9.0
7692.0,3416952.07,10.0
7372.0,3416963.07,9.0
7732.0,3417078.17,10.0
7372.0,3417097.1170290164,9.0
7382.0,3419225.75,10.0
6232.0,3420016.339096713,9.0
6832.0,3420296.63,10.0
6232.0,3420391.63,9.0
6231.0,3420578.453039541,8.0
6831.0,3420647.77,9.0
6231.0,3420741.77,8.0
7599.0,3424333.412551164,8.0
7378.0,3429928.421136303,7.0
6533.0,3430160.225343856,6.0
6932.0,3438306.62,7.0
7522.0,3438421.08,8.0
6932.0,3438457.2767977933,7.0
7188.0,3438619.93,8.0
7586.0,3438719.84,9.0
7638.0,3438842.84,8.0
8048.0,3439094.26,9.0
7458.0,3439101.334559039,8.0
6932.0,3439223.68320012,7.0
7666.0,3439393.99,8.0
7266.0,3439422.0554292053,7.0
7522.0,3439464.8,8.0
7523.0,3439527.85,9.0
7781.0,3439781.99,10.0
7525.0,3439939.7123514465,9.0
6637.0,3440173.2426251047,8.0
9047.0,3440446.464573732,8.0
9201.0,3440483.584573732,8.0
9201.0,3440494.6053737323,8.0
9201.0,3440510.464573732,8.0
9201.0,3440634.4145737323,8.0
9201.0,3440695.6190737323,8.0
9201.0,3440752.5603637323,8.0
8667.0,3440772.9883281626,7.0
8667.0,3440845.464573732,7.0
8257.0,3441289.5964001506,6.0
8254.0,3441888.5062978785,5.0
8254.0,3445187.274573732,5.0
8236.0,3446195.4291175893,4.0
8236.0,3447479.223973732,4.0
9196.0,3453113.176268542,8.0
9196.0,3455407.092405379,8.0
9196.0,3453135.2562685423,8.0
8476.0,3453265.176268542,7.0
8476.0,3453271.4077772927,7.0
9104.0,3453417.633095671,7.0
9216.0,3457385.3128407886,7.0
8940.0,3459486.0021108896,6.0
8740.0,3477273.5408888273,5.0
8940.0,3484035.33,6.0
9111.0,3499819.17,7.0
9056.0,3500525.195665536,6.0
9056.0,3501084.383095671,6.0
9064.0,3502267.45,7.0
9150.0,3502515.5085457484,6.0
9170.0,3504330.64,7.0
9210.0,3504366.53,8.0
9210.0,3504449.44,8.0
9210.0,3504455.27,8.0
9210.0,3504472.322,8.0
9210.0,3504490.264,8.0
9190.0,3504540.53,8.0
9170.0,3504546.64,7.0
9150.0,3504659.206871945,6.0
9190.0,3504903.91,7.0
9150.0,3505019.3494297997,6.0
9170.0,3506829.36,7.0
9150.0,3507007.337252409,6.0
9170.0,3509074.91,7.0
9150.0,3509374.91,6.0
9166.0,3514089.6914122184,7.0
9106.0,3514100.6914122184,9.0
9216.0,3514138.7714122185,9.0
9216.0,3514154.9414122184,9.0
9216.0,3514198.563816223,9.0
9216.0,3514213.5914194323,9.0
9216.0,3514236.3728823033,9.0
9216.0,3514298.2947726506,9.0
9216.0,3514392.5023944387,9.0
9076.0,3514400.653652628,8.0
9216.0,3514410.280301445,8.0
8938.0,3514476.3324065846,7.0
9216.0,3514570.434273019,7.0
8956.0,3515959.2317956705,6.0
9096.0,3517286.5948707764,6.0
9146.0,3517448.303031972,6.0
9146.0,3519373.412551164,6.0
9146.0,3517494.663031972,6.0
9146.0,3517532.4830319723,6.0
9146.0,3517549.123831972,6.0
9096.0,3517570.303031972,6.0
9134.0,3517744.5191942374,6.0
9134.0,3517759.93308386,6.0
9134.0,3517775.5275084795,6.0
9054.0,3519577.6520596114,6.0
9216.0,3536978.8031777525,6.0
9216.0,3536981.5631777523,6.0
9216.0,3536990.8031777525,6.0
9216.0,3536994.0431777528,6.0
9216.0,3536998.2479777527,6.0
9216.0,3537000.7533377525,6.0
9216.0,3537002.8031777525,6.0
9216.0,3537176.2892108345,6.0
9216.0,3537182.8892108346,6.0
9216.0,3537188.3313224902,6.0
9216.0,3537197.592807053,6.0
9216.0,3537207.6260819966,6.0
9216.0,3540023.1260819966,6.0
9216.0,3541058.6223898586,6.0
9216.0,3542794.4306581076,6.0
9216.0,3542907.4306581076,6.0
9216.0,3542968.1906581074,6.0
9216.0,3542984.0006581075,6.0
9216.0,3543031.4306581076,6.0
9216.0,3543072.9106581076,6.0
9216.0,3543153.4306581076,6.0
8656.0,3543326.9821674037,5.0
8095.0,3543838.3831027406,4.0
7696.0,3548117.81570262,3.0
7699.0,3582761.154123813,3.0
9181.0,3584458.417888344,3.0
8731.0,3584504.517043391,3.0
8731.0,3584535.29579465,3.0
9181.0,3584638.33770104,3.0
9181.0,3584642.8877010397,3.0
9181.0,3584644.8312010397,3.0
9181.0,3584651.33770104,3.0
9181.0,3584682.9277010397,3.0
9181.0,3584697.25660104,3.0
9181.0,3584707.0793090397,3.0
9181.0,3584732.33770104,3.0
9181.0,3584738.70770104,3.0
9181.0,3584897.5201550485,3.0
9181.0,3585127.1401550486,3.0
8821.0,3585350.28389353,3.0
9181.0,3585599.3264639745,3.0
9197.0,3591454.1,4.0
9197.0,3592063.795232856,4.0
9181.0,3591536.1,3.0
9182.0,3596715.38,4.0
9181.0,3602684.38,3.0
9100.0,3603638.1191671803,4.0
9100.0,3625147.7264639745,4.0
8700.0,3607447.86266484,3.0
9120.0,3651574.8503540754,3.0
9120.0,3654250.3191671805,3.0
9120.0,3700493.8871671804,3.0
9120.0,3716117.60692718,3.0
8820.0,3717427.3264639745,13.0
8580.0,3718038.047596524,12.0
8420.0,3718165.3264639745,11.0
8180.0,3720266.3264639745,10.0
9216.0,3724374.17,11.0
8711.0,3725630.114411595,10.0
8420.0,3725715.305036304,9.0
8354.0,3726593.3264639745,8.0
9216.0,3729278.4503540755,8.0
9216.0,3730303.7944058487,8.0
8722.0,3731389.8487346694,7.0
8575.0,3734900.517283854,6.0
9216.0,3735773.61,7.0
6216.0,3736828.1191671803,6.0
9216.0,3736828.182966059,9.0
9216.0,3737189.772966059,9.0
8505.0,3737192.204333526,8.0
9216.0,3737537.182966059,8.0
9216.0,3738001.4330860856,8.0
9216.0,3740673.998292317,8.0
8936.0,3744556.7689287513,7.0
9216.0,3744556.8275405783,9.0
9216.0,3744661.575951656,9.0
9216.0,3744784.575951656,9.0
9216.0,3744903.575951656,9.0
9216.0,3745007.575951656,9.0
9216.0,3745095.175951656,9.0
9216.0,3745153.575951656,9.0
9216.0,3745179.535951656,9.0
9216.0,3745271.575951656,9.0
9216.0,3745314.4159516557,9.0
9216.0,3745353.501151656,9.0
9216.0,3745376.8607956558,9.0
9216.0,3745397.575951656,9.0
9216.0,3745523.575951656,9.0
9176.0,3745646.575951656,8.0
9216.0,3745646.6132171424,11.0
9216.0,3745862.575951656,11.0
9216.0,3745874.575951656,11.0
9208.0,3745880.6132171424,10.0
9216.0,3746468.83,11.0
9216.0,3746517.3685146645,11.0
9048.0,3749378.808235832,10.0
9216.0,3749378.8649648293,12.0
9216.0,3749518.704964829,12.0
9216.0,3749672.823635787,12.0
9216.0,3749995.447898945,15.0
9216.0,3750018.947898945,15.0
9210.0,3750021.9704751587,14.0
9216.0,3750034.482228951,14.0
9216.0,3750065.3476406722,15.0
9216.0,3750189.3476406722,15.0
9216.0,3750323.3476406722,15.0
9188.0,3750325.3396924464,14.0
9148.0,3750469.3476406722,13.0
9216.0,3754025.13,14.0
9216.0,3754053.9899999998,14.0
9216.0,3754070.790898466,14.0
9132.0,3754102.9990808666,13.0
9216.0,3754443.2,14.0
9216.0,3754770.351143248,14.0
9216.0,3754771.1191671803,14.0
9216.0,3755831.282284292,16.0
9216.0,3756142.0822842917,16.0
9183.0,3756446.7456183457,15.0
9183.0,3756822.482284292,15.0
9216.0,3757385.282284292,15.0
9216.0,3757387.466284292,15.0
9216.0,3757527.506052125,15.0
9216.0,3757614.447898945,15.0
9216.0,3757848.3742842916,15.0
9216.0,3757891.502284292,15.0
9216.0,3757993.3191671805,15.0
9216.0,3758309.282284292,15.0
9216.0,3758683.282284292,15.0
8949.0,3765233.447898945,14.0
9216.0,3765233.5010548364,16.0
9201.0,3768605.637666244,16.0
9216.0,3770882.1191671803,16.0
9216.0,3770900.0991671802,16.0
9216.0,3770918.249370204,16.0
9216.0,3770942.308941654,16.0
9048.0,3771824.5842835587,15.0
9216.0,3771824.644414477,17.0
9048.0,3771931.671525382,16.0
9216.0,3771931.700518664,18.0
9216.0,3772479.910199782,18.0
9216.0,3772655.0435804944,18.0
9003.0,3772703.2334282426,17.0
9216.0,3772703.314191701,19.0
9016.0,3772897.447898945,18.0
9216.0,3772897.5774365715,20.0
9216.0,3773576.931185675,20.0
9216.0,3775042.144414477,20.0
9216.0,3776457.8444144772,20.0
9216.0,3776671.6374365715,20.0
9204.0,3778778.992630889,20.0
9216.0,3778974.644414477,20.0
9108.0,3779537.9356039944,19.0
9216.0,3779789.5842835587,19.0
9216.0,3779810.71,19.0
9076.0,3779876.961295261,18.0
9030.0,3781391.2909436226,17.0
8946.0,3781423.7129984694,16.0
9216.0,3781634.3059946,18.0
9216.0,3782378.224283559,18.0
9216.0,3782445.5085570603,18.0
9216.0,3782519.7585570603,18.0
9165.0,3782560.174174044,17.0
9216.0,3782639.16,18.0
9216.0,3782675.3233824726,18.0
9216.0,3783235.47,18.0
9202.0,3783349.1132516847,17.0
9118.0,3783396.680392161,16.0
9034.0,3783467.346922164,15.0
9072.0,3783811.735491622,14.0
9216.0,3783877.85,15.0
9196.0,3783967.85,14.0
8915.0,3784081.0770169334,13.0
9216.0,3784081.1254170574,15.0
9216.0,3784604.6108970204,15.0
9216.0,3784788.469076638,15.0
9216.0,3784889.9753486793,15.0
9216.0,3785182.5842835587,15.0
9142.0,3785241.9760315223,14.0
9216.0,3786129.22,15.0
9216.0,3786164.3200000003,15.0
9216.0,3786180.7855121815,15.0
9216.0,3786189.969484586,15.0
9133.0,3786239.3967437604,14.0
9101.0,3786310.969484586,13.0
9216.0,3786369.78,14.0
8872.0,3786834.4530549683,13.0
9216.0,3786915.78,13.0
9216.0,3791013.2559946002,13.0
9216.0,3791461.454251254,13.0
9216.0,3800264.947110174,13.0
9216.0,3792981.419588893,14.0
9184.0,3794434.419588893,13.0
9016.0,3800622.9198282617,12.0
9033.0,3803456.6022842918,12.0
9216.0,3803735.600082261,12.0
9216.0,3810802.6925065834,12.0
8621.0,3812568.543288326,11.0
9216.0,3812568.6213479377,13.0
9216.0,3813010.5152405277,13.0
8633.0,3812768.7857007016,12.0
8555.0,3816393.0590426265,11.0
9216.0,3819925.96,12.0
9216.0,3821053.329165237,12.0
9216.0,3822102.31,12.0
9216.0,3823093.1922505572,12.0
9216.0,3823635.8784782444,16.0
9213.0,3824191.1842440935,15.0
9216.0,3824494.6467798166,15.0
9216.0,3825450.605106168,15.0
9216.0,3826090.606702805,16.0
9216.0,3827030.556702805,16.0
9184.0,3827524.606702805,15.0
9216.0,3827524.6489939056,17.0
9216.0,3827564.2489939057,17.0
9156.0,3827574.0187105336,16.0
9098.0,3827617.834690483,15.0
9070.0,3827692.387111769,14.0
9216.0,3827799.45,15.0
9198.0,3827888.45,14.0
9216.0,3827911.0,15.0
9216.0,3828607.6,15.0
9216.0,3829005.3734227214,15.0
9215.0,3830753.3734227214,14.0
9103.0,3833300.7164748963,13.0
9216.0,3833302.583929391,31.0
9195.0,3833352.7416405096,30.0
9177.0,3833363.7803014475,29.0
9159.0,3833363.850314026,28.0
9141.0,3833363.954979643,27.0
9126.0,3833386.9163486413,26.0
9108.0,3833673.1919880477,25.0
9087.0,3834734.045909703,24.0
9069.0,3834806.7164748963,23.0
9051.0,3834817.7164748963,22.0
9033.0,3834828.7164748963,21.0
9015.0,3834922.7164748963,20.0
9000.0,3835027.191927281,19.0
9216.0,3835147.2,20.0
9132.0,3841112.6749766376,19.0
9216.0,3841748.5774457036,23.0
9216.0,3841773.3497609063,23.0
9212.0,3841806.625260801,22.0
9199.0,3842472.59483169,21.0
9216.0,3845389.9154436975,21.0
9216.0,3848640.7154436973,21.0
9034.0,3850506.989710243,20.0
9216.0,3850507.0318126758,22.0
9216.0,3850542.7018126757,22.0
9216.0,3850574.057816933,22.0
9216.0,3850611.968637845,23.0
9216.0,3850650.098637845,23.0
9216.0,3850734.968637845,23.0
9216.0,3850794.768637845,23.0
9216.0,3850795.4268224747,23.0
9216.0,3850817.9526378447,23.0
9216.0,3850856.15336007,23.0
9216.0,3850899.078170234,23.0
9152.0,3850991.15336007,22.0
9107.0,3852831.475993783,21.0
9216.0,3854386.18,22.0
9216.0,3854418.58,22.0
9123.0,3854493.368070148,21.0
9216.0,3854547.2,22.0
9216.0,3854667.2,22.0
9104.0,3854817.1472627576,21.0
9216.0,3855636.51,22.0
9152.0,3855735.2,21.0
9088.0,3855849.1834231135,20.0
9060.0,3856218.722256067,19.0
9216.0,3856887.81,20.0
9152.0,3857113.81,19.0
9216.0,3859776.090479558,21.0
9180.0,3861353.3627791465,20.0
9216.0,3863781.840479558,21.0
9216.0,3863874.840479558,21.0
9216.0,3863932.920479558,21.0
9216.0,3863961.1890237406,21.0
9216.0,3863971.8258943493,21.0
9216.0,3863986.5931048053,21.0
9216.0,3864345.866603666,21.0
9216.0,3865734.617809897,21.0
9216.0,3864621.837164205,21.0
9216.0,3865489.344010671,21.0
9216.0,3865656.26464413,21.0
5004.0,3865790.944115804,20.0
9216.0,3865790.985578947,22.0
9216.0,3865858.6955789467,22.0
9216.0,3865973.985578947,22.0
9216.0,3866018.729408321,22.0
9216.0,3866171.901732539,25.0
9216.0,3866468.381732539,25.0
9216.0,3866600.7513325387,25.0
9216.0,3866631.732053671,26.0
9216.0,3866969.816580421,27.0
9216.0,3867043.901732539,27.0
9216.0,3867505.3217325388,27.0
9216.0,3867754.0947934887,27.0
9216.0,3867842.590479558,27.0
9216.0,3867948.9446125785,28.0
9171.0,3868116.17308959,27.0
9216.0,3868228.0760583556,27.0
9216.0,3868356.671732539,27.0
9216.0,3868914.8719085325,27.0
9216.0,3869620.4478325085,27.0
9216.0,3870857.75,28.0
9171.0,3871026.6299848286,27.0
6644.0,3871520.9100756967,26.0
9216.0,3871520.938267703,29.0
9196.0,3871666.7641541935,29.0
9216.0,3871743.991744703,29.0
9216.0,3872852.5207284284,29.0
9216.0,3872865.401732539,29.0
9216.0,3873428.32388978,29.0
9216.0,3873481.775142444,29.0
9216.0,3873537.1965804207,29.0
9216.0,3873703.7070107376,29.0
9216.0,3874362.9428445976,29.0
9003.0,3874419.1331553115,28.0
9216.0,3874419.151172743,30.0
9216.0,3874473.8911727434,30.0
9129.0,3874615.5876987074,29.0
9216.0,3874943.3553497843,29.0
9216.0,3876844.913580421,29.0
9216.0,3877837.5719456202,29.0
9048.0,3882046.82265386,28.0
9216.0,3882046.837783887,30.0
9048.0,3882163.429155802,29.0
9216.0,3882163.5059303525,31.0
9171.0,3882309.786720985,30.0
9107.0,3882380.5059303525,29.0
9216.0,3882473.8613024126,29.0
9216.0,3882527.814801628,29.0
9216.0,3882987.816580421,29.0
9216.0,3883520.036580421,29.0
9216.0,3885034.816580421,29.0
9216.0,3885048.505316166,29.0
9216.0,3886448.901732539,29.0
9216.0,3887428.6477552163,29.0
9216.0,3887489.487755216,29.0
9016.0,3887545.6477552163,28.0
9216.0,3887545.6553476,30.0
9216.0,3887612.0653476003,30.0
9216.0,3887660.8423476,30.0
9152.0,3887774.6553476,29.0
9216.0,3888317.75,30.0
9216.0,3888420.21,30.0
9152.0,3888535.75,29.0
9216.0,3889254.919469098,29.0
9216.0,3889551.55426049,29.0
9216.0,3890517.1313024126,29.0
9216.0,3890829.576883139,29.0
8947.0,3892042.090479558,28.0
9216.0,3892042.1285016024,30.0
9216.0,3892119.6485016025,30.0
9116.0,3892242.309602263,29.0
9020.0,3893011.432925542,28.0
9216.0,3893335.2718836316,28.0
9216.0,3893567.0253347615,28.0
9216.0,3893673.8665804206,28.0
9216.0,3893777.471883632,28.0
9216.0,3894024.332229248,28.0
8976.0,3894072.2718836316,27.0
9216.0,3894266.6238591024,27.0
8713.0,3894323.137000851,26.0
8897.0,3895057.498459405,25.0
9216.0,3895300.78,26.0
8770.0,3895479.759883227,25.0
8602.0,3895495.620705217,24.0
8549.0,3895539.7332267025,23.0
8348.0,3896683.262584383,22.0
9216.0,3898791.81,23.0
9216.0,3898943.259823439,23.0
9216.0,3898976.691647651,23.0
9120.0,3899011.1974470005,22.0
9216.0,3902284.8249772647,24.0
9216.0,3904531.211214108,24.0
9152.0,3902528.78,23.0
9216.0,3905776.78,24.0
9216.0,3905851.2399999998,24.0
9216.0,3905886.6659541293,24.0
9216.0,3905910.5317205456,24.0
9069.0,3905944.3519966034,23.0
8957.0,3908651.1646661363,22.0
9216.0,3909268.78,23.0
9216.0,3909333.52,23.0
9127.0,3909472.9686025823,22.0
8887.0,3909717.816580421,21.0
8719.0,3909836.020504964,20.0
8551.0,3912016.6732659433,19.0
8513.0,3912196.4172714334,18.0
9216.0,3912760.78,19.0
9216.0,3913215.610137995,19.0
9216.0,3912808.6599999997,19.0
9216.0,3912845.0700431415,19.0
9105.0,3912929.624985537,18.0
8365.0,3913674.3035949534,17.0
9216.0,3913701.68,18.0
9081.0,3916813.6124376925,17.0
9216.0,3916813.6453984845,19.0
9152.0,3917041.6124376925,18.0
8573.0,3919093.7470474853,17.0
9216.0,3919743.81,18.0
9216.0,3920456.2122635627,18.0
9152.0,3920068.0021130727,17.0
9216.0,3921043.133220487,17.0
8741.0,3921170.610236337,16.0
8239.0,3921473.8745989203,15.0
9216.0,3923235.81,16.0
9152.0,3923511.81,15.0
8814.0,3923736.72841865,15.0
9054.0,3925084.63,16.0
9118.0,3926728.78,17.0
9216.0,3926827.48,17.0
9216.0,3926894.388709057,17.0
9105.0,3926958.179862827,16.0
9205.0,3930220.78,17.0
8912.0,3930360.4164941637,16.0
8848.0,3930492.78,15.0
8912.0,3933711.81,16.0
8848.0,3934104.710139087,15.0
8833.0,3935165.4068292426,14.0
8991.0,3937204.78,15.0
9017.0,3937389.5545688043,14.0
9206.0,3940697.75,15.0
9216.0,3940771.55,15.0
9216.0,3940821.271743886,15.0
9216.0,3940848.8832186493,15.0
9042.0,3940878.0542620257,14.0
9206.0,3944188.78,15.0
9216.0,3944252.02,15.0
9216.0,3944291.4565139683,15.0
9100.0,3944349.380705359,14.0
9054.0,3944497.459077613,13.0
9012.0,3944521.1568382336,12.0
8970.0,3945459.3139932803,11.0
8928.0,3946230.0915533733,10.0
8644.0,3946338.44947859,9.0
8750.0,3947680.78,10.0
8686.0,3947893.78,9.0
8644.0,3948180.8710424537,8.0
8101.0,3950919.842617911,7.0
8165.0,3951172.78,8.0
8101.0,3951491.78,7.0
7764.0,3952873.172008096,6.0
7828.0,3954664.78,7.0
7764.0,3954881.78,6.0
8798.0,3957372.026905519,6.0
8798.0,3957550.25945659,6.0
8752.0,3958153.652035337,5.0
9216.0,3958156.78,6.0
9216.0,3958238.9299999997,6.0
9123.0,3958293.8554362953,5.0
9216.0,3961648.78,6.0
9216.0,3961723.1799999997,6.0
9114.0,3961830.970477318,5.0
8752.0,3964866.597720041,5.0
9216.0,3965140.78,6.0
9216.0,3965238.38,6.0
9216.0,3965265.0686894767,6.0
9087.0,3965345.558244399,5.0
9216.0,3966539.205450875,7.0
9216.0,3966760.4458401185,7.0
9081.0,3966919.44923626,6.0
9216.0,3968078.5265059667,7.0
9216.0,3972471.0765059665,7.0
9216.0,3974692.1177311665,8.0
9216.0,3974775.8177311667,8.0
9120.0,3974826.6757052406,7.0
9075.0,3974981.3506951598,6.0
9216.0,3975616.78,7.0
9216.0,3975767.23,7.0
9216.0,3975792.1065725456,7.0
9105.0,3975841.2249596748,6.0
8937.0,3977610.833780524,5.0
9216.0,3979108.78,6.0
9216.0,3980001.193710962,6.0
9171.0,3979065.3466199157,5.0
9216.0,3986093.787569199,7.0
9164.0,3986223.913239623,6.0
9107.0,3986333.94423795,5.0
9216.0,3989584.78,6.0
9216.0,3989619.5799999996,6.0
9216.0,3989632.7956142332,6.0
9216.0,3989657.549125727,6.0
9072.0,3989684.7102909945,5.0
9216.0,3993076.78,6.0
9216.0,3993142.1199999996,6.0
9216.0,3993172.44571425,6.0
9107.0,3993191.342225422,5.0
8897.0,3993548.722276452,4.0
6431.0,3993795.432820973,3.0
6580.0,3996567.81,4.0
6516.0,3996660.81,3.0
6756.0,3998325.45,4.0
6820.0,4000060.78,5.0
6756.0,4000244.852968909,4.0
7056.0,4000627.26,5.0
7248.0,4000700.01,6.0
7677.0,4003552.78,7.0
7613.0,4003804.78,6.0
7199.0,4004653.331826836,5.0
7499.0,4006774.15,6.0
7953.0,4007044.78,7.0
7889.0,4007261.658792372,6.0
7446.0,4007703.493727288,5.0
8481.0,4009640.3758689533,4.0
8545.0,4010536.78,5.0
8481.0,4010737.78,4.0
8673.0,4011693.02,5.0
7983.0,4013282.7297501145,4.0
8141.0,4014029.75,5.0
8160.0,4014185.340712842,4.0
8224.0,4017521.75,5.0
8243.0,4017723.75,4.0
8543.0,4018668.29,5.0
8185.0,4020399.9395999005,4.0
8639.0,4021013.75,5.0
8575.0,4021209.75,4.0
8735.0,4021361.01,5.0
9135.0,4022637.53,6.0
8767.0,4023881.37704047,5.0
9082.0,4024504.78,6.0
9018.0,4024701.78,5.0
9178.0,4025127.52,6.0
8844.0,4025293.5667467536,5.0
9004.0,4025306.97,6.0
8314.0,4025817.709297686,5.0
8154.0,4026504.337529482,4.0
8383.0,4026881.28,5.0
8154.0,4027877.050482242,4.0
8426.0,4027996.78,5.0
8362.0,4028154.3345426973,4.0
7994.0,4028191.7073277417,3.0
8234.0,4028352.77,4.0
8786.0,4028364.41,5.0
9216.0,4028657.35,6.0
8786.0,4028674.8424196364,5.0
9216.0,4028732.04,6.0
9216.0,4029040.04,6.0
8773.0,4029452.4577933825,5.0
8343.0,4030071.546947102,4.0
8955.0,4030557.58,5.0
8403.0,4030644.384258772,4.0
8643.0,4030651.67,5.0
8923.0,4030943.64,6.0
9216.0,4031487.2097732504,6.0
8747.0,4031653.8032974084,6.0
8195.0,4031754.2838499444,5.0
8224.0,4031885.7575589935,4.0
8504.0,4031934.98,5.0
8896.0,4033212.47,6.0
9216.0,4033292.01,7.0
9216.0,4033372.884958732,7.0
9216.0,4033865.64,7.0
9216.0,4033941.452934615,7.0
9216.0,4034304.476604095,7.0
8899.0,4034279.5590313715,6.0
9216.0,4034348.34,7.0
9216.0,4034917.56,7.0
9216.0,4035024.8124484858,7.0
8796.0,4035604.9822590225,6.0
9216.0,4035676.27,7.0
9216.0,4036788.3643981256,7.0
8810.0,4037356.7616980583,6.0
9216.0,4037356.7915283977,8.0
9216.0,4038490.652934615,8.0
9216.0,4038224.471528398,8.0
8818.0,4040466.7823053566,7.0
9216.0,4041860.02,8.0
9216.0,4042620.6270662653,8.0
9216.0,4042968.72841865,8.0
9216.0,4043148.1208243873,8.0
9216.0,4044571.9742268007,8.0
9216.0,4043417.6491046445,8.0
9216.0,4043448.1742146215,8.0
8904.0,4043516.117201344,7.0
9216.0,4044578.93,8.0
9216.0,4046309.7967925193,8.0
8646.0,4047959.1469226023,7.0
9216.0,4048663.6,8.0
8916.0,4049887.6,7.0
8663.0,4054943.0958093195,6.0
9216.0,4055537.02,7.0
9024.0,4055954.93,6.0
8702.0,4073434.0710686296,5.0
8323.0,4073438.0374961016,4.0
7794.0,4074673.1361990725,3.0
8074.0,4075212.5,4.0
8838.0,4081810.44,5.0
9078.0,4082081.07,6.0
9216.0,4082846.9720510193,6.0
8769.0,4083015.0059862784,5.0
9216.0,4083015.0327468724,7.0
8880.0,4083572.0327468724,6.0
9216.0,4083572.040040787,8.0
8992.0,4083663.3376939925,7.0
8992.0,4084129.0327468724,7.0
8712.0,4084129.040040787,6.0
9216.0,4084129.058820948,8.0
9216.0,4084271.0327468724,8.0
9216.0,4084407.378820948,8.0
9216.0,4084521.127184938,11.0
9216.0,4084576.700074176,11.0
9216.0,4084656.720843455,18.0
9216.0,4084667.430843455,18.0
9216.0,4084674.700843455,18.0
9216.0,4084691.262182541,18.0
9185.0,4084694.912275719,17.0
8905.0,4084697.0327468724,16.0
9216.0,4084697.0628846195,18.0
9180.0,4084702.6502168006,17.0
9216.0,4084747.8725519227,17.0
9216.0,4084774.3975682305,17.0
9196.0,4084833.3975682305,16.0
9216.0,4084839.244801971,16.0
9216.0,4084880.9346030927,16.0
8835.0,4084924.32602875,15.0
9216.0,4084924.354594177,17.0
9216.0,4084958.7645941772,17.0
9216.0,4084967.2663102034,17.0
9216.0,4084978.0992941773,17.0
9216.0,4085017.354594177,17.0
9216.0,4085033.314594177,17.0
9216.0,4085059.354594177,17.0
9216.0,4085072.32602875,17.0
9216.0,4085105.174594177,17.0
9216.0,4085114.32602875,18.0
9216.0,4085118.446594177,18.0
9136.0,4085146.6902511194,17.0
9216.0,4085181.19,18.0
9216.0,4085229.4558141218,19.0
9216.0,4085231.7812451124,19.0
9119.0,4085257.566751189,18.0
9063.0,4085300.256931317,17.0
9216.0,4085327.66,18.0
9216.0,4085339.42,18.0
9216.0,4085348.555424202,18.0
9159.0,4085368.3744792263,18.0
9216.0,4085369.2614700533,19.0
9160.0,4085414.8487893497,18.0
9080.0,4085499.3744792263,17.0
9216.0,4085692.38,18.0
9216.0,4085734.38,18.0
9216.0,4085879.014322262,18.0
9136.0,4085854.38,17.0
9216.0,4085904.81,18.0
9216.0,4085982.81,18.0
9216.0,4086050.5808434547,18.0
9136.0,4086127.81,17.0
9216.0,4086127.8548703147,19.0
9216.0,4086319.710843455,19.0
9216.0,4086150.380191642,19.0
9216.0,4086159.798952676,19.0
9060.0,4086174.893821991,18.0
9216.0,4086304.25099485,18.0
9216.0,4087132.44,18.0
9216.0,4087201.147184938,18.0
9216.0,4087241.266353136,18.0
9216.0,4087372.151121082,18.0
9187.0,4087553.9728184314,17.0
9207.0,4087791.46,18.0
9216.0,4087794.0268139634,19.0
9216.0,4087805.77,19.0
9216.0,4087815.209593638,19.0
9216.0,4087819.9468139634,19.0
9216.0,4087827.7768139634,19.0
9173.0,4087829.1336477078,18.0
9216.0,4087837.314577714,18.0
9216.0,4087852.8336676233,18.0
9216.0,4087865.4336676234,18.0
9216.0,4087872.1515260413,18.0
9139.0,4087891.0321742324,17.0
9059.0,4087929.0268139634,16.0
9017.0,4088276.312398183,15.0
9216.0,4088281.38010222,17.0
9216.0,4088430.8708434547,17.0
9216.0,4088313.738040888,17.0
9196.0,4088335.31,16.0
9196.0,4088535.351470053,16.0
9168.0,4088884.6754321964,15.0
9177.0,4089565.5889133434,15.0
9163.0,4090664.607677593,14.0
9149.0,4090766.7929974627,13.0
9216.0,4090833.4678750834,13.0
9180.0,4091398.4145584246,12.0
9216.0,4091460.0,13.0
9215.0,4091553.0,12.0
9201.0,4091805.3799107242,11.0
9216.0,4092039.040040787,11.0
9216.0,4092454.44,11.0
9216.0,4092732.2614700533,11.0
9216.0,4092929.2614700533,13.0
9216.0,4093015.9914700533,13.0
9216.0,4093033.0970496056,13.0
9216.0,4093094.950277204,13.0
8982.0,4093601.8396798237,12.0
9216.0,4094453.9414700535,12.0
9216.0,4094709.124536713,12.0
9216.0,4095170.990277204,12.0
9216.0,4095378.391163469,12.0
8818.0,4095507.6947436817,11.0
8413.0,4095783.6145488215,10.0
8170.0,4096049.9103585305,9.0
9216.0,4096821.19,10.0
9216.0,4096897.9418689227,10.0
9215.0,4096923.19,9.0
9045.0,4097477.919742761,8.0
9216.0,4097478.0504133543,11.0
9216.0,4097827.155601321,11.0
9216.0,4097922.950277204,11.0
9216.0,4097970.7404133542,11.0
9216.0,4098195.7260482525,11.0
9216.0,4098320.8489133543,11.0
9216.0,4098398.390277204,11.0
9216.0,4098442.3192952257,12.0
9216.0,4098562.7566772043,12.0
9215.0,4098555.3192952257,11.0
9216.0,4098691.463768354,11.0
9216.0,4098728.7194650006,11.0
9216.0,4098810.6192952255,11.0
9182.0,4098893.1194650005,11.0
9216.0,4098932.3951846384,11.0
9216.0,4099049.2994650006,11.0
8970.0,4099115.5962739205,10.0
8382.0,4099327.5426930417,9.0
8368.0,4099646.7167598596,8.0
9216.0,4100767.15,9.0
9216.0,4100822.1903048814,9.0
9216.0,4100871.15,9.0
9136.0,4100991.15,8.0
9216.0,4100991.19164227,11.0
9216.0,4101036.7499722256,11.0
9216.0,4101041.1541525167,11.0
9216.0,4101065.3866068404,11.0
9188.0,4101073.395451245,10.0
9023.0,4101087.926846499,9.0
8943.0,4101115.19164227,8.0
9216.0,4101293.8698449554,10.0
9216.0,4101339.7698449553,10.0
9216.0,4101363.748481605,10.0
9216.0,4101372.27265185,10.0
9216.0,4101386.7867795634,11.0
9216.0,4101457.406202322,11.0
9196.0,4101475.7636605175,10.0
9068.0,4101637.9727312224,9.0
9216.0,4101686.7867795634,9.0
9216.0,4101887.7867795634,10.0
9216.0,4102414.32848139,10.0
9216.0,4102770.553326774,10.0
9040.0,4103385.7548312154,9.0
9216.0,4103385.8581407913,11.0
9203.0,4103476.7215422285,10.0
9216.0,4103811.01,11.0
9215.0,4103931.01,10.0
9216.0,4104155.36,11.0
9215.0,4104245.36,10.0
8935.0,4104265.4377194475,9.0
9216.0,4104279.52,10.0
9216.0,4105527.91,11.0
9216.0,4105580.71,11.0
9214.0,4105616.4097193354,10.0
9216.0,4105691.3164911573,10.0
9216.0,4106111.0681407913,10.0
9216.0,4106421.9322614963,10.0
9216.0,4106451.9322614963,10.0
9214.0,4106502.4247515853,9.0
9216.0,4106586.18,10.0
9215.0,4106666.18,9.0
8420.0,4107396.423951316,8.0
9216.0,4107396.480564088,12.0
9216.0,4107512.0613157456,12.0
9160.0,4107593.174354402,11.0
9160.0,4107604.0499963295,11.0
9160.0,4107663.6182760736,11.0
9216.0,4107736.423951316,13.0
9136.0,4107771.423951316,12.0
9216.0,4107873.5452222703,12.0
9150.0,4107883.785278132,11.0
9216.0,4107962.2205640883,11.0
9216.0,4109084.2669269713,11.0
9216.0,4109626.720947077,12.0
8804.0,4109925.3317876523,11.0
9216.0,4109925.381527753,15.0
9216.0,4109982.400947077,15.0
9216.0,4109993.186160302,15.0
9216.0,4110043.1222937703,15.0
9216.0,4110076.92229377,15.0
9160.0,4110082.680664628,14.0
9216.0,4110112.163592476,14.0
9216.0,4110155.8854822246,14.0
9216.0,4110165.083592476,14.0
9216.0,4110199.085482225,14.0
9216.0,4110208.85351492,14.0
9100.0,4110236.1061795847,13.0
9216.0,4110280.7859776197,13.0
9216.0,4110540.768278644,13.0
9216.0,4110791.1601179447,13.0
9148.0,4110879.537660079,12.0
9216.0,4111427.5536923143,14.0
9216.0,4111487.672513849,14.0
9214.0,4111511.611858868,13.0
9216.0,4112665.4672284285,14.0
8816.0,4117587.4672284285,13.0
9216.0,4118485.17,14.0
9216.0,4118644.7072284287,14.0
9036.0,4119745.6675340203,13.0
9016.0,4122190.13195902,12.0
9216.0,4122750.48841865,13.0
8888.0,4123790.930243229,12.0
8627.0,4123855.5355799817,11.0
8492.0,4123880.719978754,10.0
9216.0,4127913.766183057,10.0
9216.0,4128419.06841865,10.0
9216.0,4128492.56573037,10.0
8283.0,4128720.2968255235,9.0
9216.0,4132604.49,10.0
8814.0,4133533.4592617224,9.0
9216.0,4144461.77,10.0
8916.0,4144868.49,9.0
8766.0,4146489.77,8.0
8304.0,4155951.596663017,7.0
9216.0,4157334.7613025154,9.0
9216.0,4157427.730821275,9.0
9216.0,4157435.555222494,9.0
9068.0,4157452.3156869845,8.0
9216.0,4157671.4613025156,8.0
9216.0,4157900.882667237,8.0
9216.0,4158051.702277436,8.0
7284.0,4158170.2033997355,7.0
9192.0,4158781.88,8.0
9216.0,4158834.05,8.0
9097.0,4158899.8066518353,7.0
9192.0,4158972.0,8.0
9216.0,4159088.7110579354,8.0
9075.0,4159111.8570692837,7.0
9192.0,4159333.81,8.0
9216.0,4159395.5500000003,8.0
9216.0,4159420.637024564,8.0
9058.0,4159443.1969453013,7.0
9192.0,4159720.84,8.0
9216.0,4159755.86,8.0
9216.0,4159795.8410600545,8.0
9088.0,4159821.0067626215,7.0
8498.0,4163568.2616308536,6.0
7908.0,4164043.482768528,5.0
8188.0,4171502.46,6.0
8444.0,4171526.71,7.0
8700.0,4171560.66,8.0
8110.0,4175984.663252894,7.0
7854.0,4177748.66,6.0
7855.0,4178780.37,7.0
8256.0,4178841.48,8.0
8254.0,4178862.7554046796,7.0
8255.0,4179461.31,8.0
8402.0,4179908.31,7.0
7854.0,4182542.995792728,6.0
8971.0,4186091.26,9.0
9216.0,4186092.2566886223,11.0
9216.0,4186384.5199999996,11.0
9216.0,4186404.363224989,11.0
8812.0,4186667.0403027926,10.0
9216.0,4187499.7,11.0
9216.0,4187679.9000000004,11.0
9216.0,4187731.350994164,11.0
9216.0,4187769.2487883773,11.0
9212.0,4187809.275340778,10.0
8932.0,4189161.26,9.0
8535.0,4192774.728695509,8.0
8143.0,4192832.346507934,7.0
9216.0,4193379.4595635477,7.0
9216.0,4193885.3995635477,7.0
9216.0,4194256.7101635477,7.0
9216.0,4194378.004959548,7.0
6096.0,4194613.459563548,6.0
9216.0,4194613.5062304605,8.0
9216.0,4194733.5062304605,8.0
9215.0,4194842.5062304605,7.0
9215.0,4197703.495030401,7.0
8619.0,4200531.155687952,6.0
9216.0,4200531.22430908,10.0
9216.0,4200736.834035677,10.0
8835.0,4201367.653898766,9.0
9216.0,4201367.71077193,11.0
8960.0,4204230.653898766,10.0
9216.0,4204856.88,11.0
9216.0,4204940.4799999995,11.0
9216.0,4205045.493946705,11.0
9216.0,4205905.893236107,11.0
9216.0,4207488.459563548,11.0
9216.0,4208941.139563547,11.0
9216.0,4209191.194547918,11.0
9216.0,4209657.373963548,11.0
9216.0,4210181.589331548,11.0
9216.0,4210646.459563548,11.0
9216.0,4210989.272308796,11.0
9216.0,4214355.464278515,11.0
9216.0,4216946.459563548,11.0
9036.0,4219609.299654033,10.0
9036.0,4221860.459563548,10.0
9216.0,4222963.055084824,12.0
9216.0,4226705.255084824,12.0
9216.0,4227008.230003953,12.0
9216.0,4227048.556238659,12.0
9216.0,4227590.972061718,12.0
9216.0,4228340.022484037,12.0
9216.0,4228646.459563548,15.0
8916.0,4228919.459563548,14.0
8475.0,4229846.345040998,13.0
7911.0,4232042.774380403,12.0
8531.0,4232652.23,13.0
8411.0,4233492.006140346,12.0
7860.0,4236556.136867016,11.0
7426.0,4237127.587276671,10.0
7128.0,4237307.920013387,9.0
6709.0,4243292.9600514565,8.0
6065.0,4244473.054139539,7.0
6066.0,4244798.57,8.0
6065.0,4244866.57,7.0
6465.0,4245105.09,8.0
6065.0,4245282.96386971,7.0
6465.0,4245339.83,8.0
7385.0,4245374.75,9.0
6465.0,4245980.736837956,8.0
6065.0,4246201.75,7.0
9005.0,4247152.33636232,7.0
9216.0,4247381.68,8.0
9216.0,4247594.206831318,8.0
9216.0,4247834.446831319,8.0
9216.0,4247992.362314232,8.0
8806.0,4248299.511394144,7.0
9216.0,4248376.348101085,7.0
9216.0,4248813.095169982,8.0
6151.0,4249027.759972162,7.0
6937.0,4249238.095169982,6.0
8037.0,4249298.3999999985,7.0
7447.0,4249315.772432936,6.0
8929.0,4249354.213049417,6.0
8877.0,4249464.793049417,6.0
9029.0,4249528.14900877,6.0
9029.0,4249547.786249418,6.0
9029.0,4249589.679773417,6.0
5029.0,4249645.213049417,5.0
5309.0,4251194.75,6.0
5092.0,4251592.728538232,5.0
6203.0,4252819.5,6.0
6843.0,4252974.7,7.0
8315.0,4253523.72,8.0
7624.0,4255448.413813304,7.0
8536.0,4259433.93,8.0
8456.0,4259584.93,7.0
8536.0,4259808.35,8.0
8456.0,4259922.209192161,7.0
8856.0,4259975.19,8.0
8857.0,4259998.47,9.0
7385.0,4260150.991709607,8.0
7467.0,4260231.27,9.0
7387.0,4260372.610039491,8.0
7384.0,4260809.61662746,7.0
7464.0,4261051.89,8.0
7584.0,4261112.03,9.0
7926.0,4261117.85,10.0
7742.0,4261156.814345374,9.0
7704.0,4261158.477922553,8.0
7384.0,4261238.85,7.0
7704.0,4261240.07,8.0
7384.0,4261361.07,7.0
7704.0,4261385.57,8.0
7893.0,4261483.54,9.0
7508.0,4261529.017597504,8.0
7384.0,4261609.929113346,7.0
7464.0,4261822.07,8.0
7384.0,4261943.524054874,7.0
7464.0,4262137.32,8.0
7384.0,4262282.797556819,7.0
7404.0,4262440.93,8.0
7384.0,4262472.4234635085,7.0
7424.0,4262534.05,8.0
7516.0,4262617.47,9.0
7556.0,4262679.55,10.0
7636.0,4262833.78,11.0
7556.0,4262984.921326461,10.0
7636.0,4263046.21,11.0
7556.0,4263164.842294609,10.0
7636.0,4263470.1,11.0
7556.0,4263560.849588567,10.0
7636.0,4263773.71,11.0
7556.0,4263893.342399455,10.0
7636.0,4264307.21,11.0
7556.0,4264440.21,10.0
7636.0,4264591.42,11.0
7556.0,4264744.425092487,10.0
7636.0,4264924.13,11.0
7556.0,4265055.13,10.0
7636.0,4265108.43,11.0
7556.0,4265212.43,10.0
7636.0,4266568.28,11.0
7556.0,4266715.28,10.0
6084.0,4266751.112456849,9.0
6164.0,4267245.34,10.0
6084.0,4267407.988507465,9.0
6164.0,4267549.92,10.0
6084.0,4267663.108049794,9.0
6164.0,4267830.25,10.0
6100.0,4267976.25,9.0
6180.0,4268336.59,10.0
6100.0,4268445.332177569,9.0
6180.0,4268609.16,10.0
6100.0,4268694.205376153,9.0
6180.0,4268905.01,10.0
6100.0,4269061.01,9.0
6180.0,4269397.77,10.0
6100.0,4269523.784770055,9.0
6180.0,4269717.87,10.0
6427.0,4269813.528880729,9.0
6507.0,4270019.54,10.0
6427.0,4270123.54,9.0
6507.0,4270689.81,10.0
6427.0,4270837.7347753355,9.0
6507.0,4271011.85,10.0
6427.0,4271115.85,9.0
6507.0,4271366.87,10.0
6427.0,4271476.749990933,9.0
6507.0,4271716.07,10.0
6427.0,4271846.07,9.0
6507.0,4271924.62,10.0
6427.0,4272029.62,9.0
6507.0,4272246.66,10.0
6427.0,4272377.525619606,9.0
6467.0,4272875.22,10.0
6427.0,4272982.412172101,9.0
6467.0,4272989.68,10.0
6427.0,4273094.6435503075,9.0
6467.0,4273288.44,10.0
6547.0,4273416.48,11.0
6507.0,4273419.44,10.0
6651.0,4273495.05,11.0
6467.0,4273522.810154666,10.0
6427.0,4273629.05,9.0
6507.0,4273650.25,10.0
6651.0,4273658.01,11.0
7011.0,4273728.82,12.0
6827.0,4273733.019737019,11.0
6787.0,4273792.01,10.0
6827.0,4273803.51,11.0
6483.0,4273882.767300452,10.0
6427.0,4273918.489007735,9.0
6447.0,4274442.74,10.0
6493.0,4274519.37,11.0
6447.0,4274526.83363034,10.0
6493.0,4274588.24,11.0
6447.0,4274597.4532154575,10.0
6427.0,4274632.101817027,9.0
6447.0,4274832.68,10.0
6427.0,4274902.561564339,9.0
6447.0,4275405.95,10.0
6427.0,4275471.154064134,9.0
6447.0,4275552.42,10.0
6427.0,4275641.42,9.0
6447.0,4276124.72,10.0
6427.0,4276200.72,9.0
6447.0,4276266.34,10.0
6427.0,4276310.691893209,9.0
6447.0,4276718.36,10.0
6427.0,4276793.266384958,9.0
6447.0,4276802.75,10.0
6427.0,4276871.826977265,9.0
6447.0,4276971.53,10.0
6427.0,4277061.53,9.0
6447.0,4277103.45,10.0
6427.0,4277142.347943515,9.0
6447.0,4277284.84,10.0
6427.0,4277355.257909454,9.0
5460.0,4278188.131466612,8.0
5480.0,4278341.17,9.0
5460.0,4278409.660318228,8.0
5480.0,4278573.97,9.0
5460.0,4278621.97,8.0
5480.0,4278652.54,9.0
5460.0,4278741.54,8.0
5404.0,4279577.566407622,7.0
5704.0,4286695.78,8.0
6286.0,4286717.12,9.0
5596.0,4292762.9858182715,8.0
4952.0,4293136.487883318,7.0
4773.0,4296760.674745836,6.0
4965.0,4297676.18,7.0
5265.0,4298578.28,8.0
4459.0,4302809.420469426,7.0
4330.0,4306264.147482187,6.0
8833.0,4308457.388700616,6.0
9025.0,4308630.39,7.0
9025.0,4308653.948700615,7.0
3965.0,4308925.388700616,6.0
4265.0,4310449.14,7.0
4331.0,4317972.144496429,6.0
3981.0,4318326.654088982,5.0
4563.0,4319643.77,6.0
3873.0,4321218.256534817,5.0
4424.0,4322287.02,6.0
4504.0,4322989.3,7.0
4424.0,4323100.526306038,6.0
4504.0,4323133.83,7.0
4424.0,4323268.83,6.0
4504.0,4323398.64,7.0
4424.0,4323530.64,6.0
4504.0,4323638.23,7.0
4424.0,4323747.23,6.0
4504.0,4323853.57,7.0
4424.0,4323940.510208865,6.0
4504.0,4324165.91,7.0
4424.0,4324311.91,6.0
4504.0,4324446.24,7.0
4424.0,4324550.24,6.0
4504.0,4324767.31,7.0
4424.0,4324894.31,6.0
4504.0,4325855.6499999985,7.0
4424.0,4325955.462599135,6.0
4444.0,4325979.81,7.0
4424.0,4326068.81,6.0
3981.0,4326211.639898385,5.0
4061.0,4326442.5,6.0
3981.0,4326582.807815419,5.0
4061.0,4326629.71,6.0
3981.0,4326764.71,5.0
4061.0,4327156.42,6.0
3981.0,4327260.42,5.0
4001.0,4328520.24,6.0
4256.0,4328744.31,7.0
4210.0,4328791.083449525,6.0
4230.0,4328875.26,7.0
4616.0,4328995.54,8.0
4570.0,4329084.84695332,7.0
4689.0,4329937.41,8.0
4840.0,4330252.41,7.0
5032.0,4330588.28,8.0
4316.0,4331932.581865133,7.0
4233.0,4332142.15442677,6.0
4504.0,4332439.04,7.0
5825.0,4332556.41,9.0
6625.0,4332557.38,10.0
6579.0,4332652.072603867,9.0
8555.0,4332773.69,10.0
6935.0,4332794.667890057,9.0
5603.0,4332867.255550612,8.0
4819.0,4332940.796463834,7.0
4951.0,4332984.18,8.0
4859.0,4333018.125383091,7.0
5144.0,4333154.8999999985,8.0
4939.0,4333173.637042288,7.0
4779.0,4333342.8999999985,6.0
5099.0,4333387.7,7.0
4779.0,4333599.7,6.0
5419.0,4333616.62,7.0
7320.0,4333721.38,8.0
9216.0,4333798.075755562,10.0
7999.0,4333851.629770678,9.0
9216.0,4333999.77,10.0
9216.0,4334114.17,10.0
7595.0,4334138.15552077,9.0
9007.0,4334142.85542256,9.0
9216.0,4334169.52,10.0
9216.0,4334259.77,10.0
9216.0,4334417.551960459,10.0
7875.0,4334553.095209383,10.0
9130.0,4334824.429750791,10.0
9130.0,4334848.4616243765,10.0
7315.0,4334924.5625573965,10.0
5315.0,4335439.675910053,9.0
9167.0,4336280.707888612,9.0
9167.0,4336314.927888611,9.0
9167.0,4336360.169088611,9.0
9167.0,4336381.750816612,9.0
5167.0,4336398.707888612,8.0
8287.0,4336935.96,9.0
7844.0,4337130.191125926,8.0
4724.0,4337283.96,7.0
7844.0,4337398.6499999985,8.0
8038.0,4339628.68,9.0
8135.0,4339691.68,8.0
8135.0,4341013.729999999,8.0
8327.0,4341584.2,9.0
8567.0,4342192.39,10.0
8327.0,4342324.515580967,9.0
8567.0,4342386.39,10.0
9119.0,4342395.12,11.0
8894.0,4342615.714330419,11.0
8891.0,4342810.183586048,11.0
9131.0,4342847.14,12.0
9167.0,4343056.712744097,12.0
8816.0,4343204.740730276,12.0
9216.0,4343349.6,13.0
9216.0,4343870.89,13.0
9216.0,4344493.862744098,13.0
9216.0,4345010.975599999,13.0
9216.0,4345131.7902141325,13.0
9216.0,4345397.293599123,13.0
8896.0,4346192.633609104,12.0
9216.0,4346192.691926162,14.0
9216.0,4346257.640214132,14.0
9216.0,4346285.851948514,14.0
8877.0,4346967.924899406,13.0
9216.0,4346968.046439855,15.0
9216.0,4347139.606611911,15.0
9216.0,4347856.4,15.0
9216.0,4347950.105201475,15.0
9216.0,4348269.842367301,15.0
9216.0,4348673.415699896,15.0
9216.0,4348734.11346581,16.0
9216.0,4348752.51621481,18.0
9216.0,4348838.93621481,18.0
9048.0,4348869.964623892,17.0
9216.0,4348870.017671852,19.0
9216.0,4348875.232614811,19.0
9215.0,4348888.5,18.0
9216.0,4348901.51621481,18.0
9216.0,4348986.632511723,18.0
9216.0,4348990.291442351,18.0
9188.0,4349002.509723212,17.0
9216.0,4349049.826856827,17.0
9216.0,4349062.2325117225,17.0
9196.0,4349080.017671852,16.0
9216.0,4349087.180511722,16.0
9216.0,4349111.252599863,16.0
9216.0,4349140.674040925,16.0
9216.0,4349282.809995427,16.0
9160.0,4349483.536068023,15.0
9216.0,4350309.6499999985,22.0
9216.0,4350476.467018735,22.0
9216.0,4350357.489999998,22.0
9084.0,4350398.137365823,21.0
9216.0,4350398.516874301,25.0
9216.0,4350430.30587878,25.0
9216.0,4350437.834407012,25.0
9216.0,4350453.037769101,25.0
9103.0,4350456.762397956,24.0
8980.0,4350489.28905829,23.0
8852.0,4350508.999824551,22.0
8796.0,4350532.712239885,21.0
8348.0,4350610.0138545465,20.0
8124.0,4350658.887100977,19.0
9216.0,4350667.28,20.0
9216.0,4350760.483409038,20.0
9111.0,4350811.0315463,19.0
9216.0,4350951.49,20.0
9216.0,4351008.69,20.0
9216.0,4351027.176127404,20.0
9077.0,4351050.371752429,19.0
9216.0,4351183.336248813,21.0
9216.0,4351240.029424312,21.0
9216.0,4351252.456248813,21.0
9216.0,4351267.279599952,21.0
9216.0,4351272.640450016,21.0
9011.0,4351303.158159021,20.0
8383.0,4351342.177967476,19.0
8040.0,4351454.627838402,18.0
9216.0,4351660.56,19.0
9216.0,4351697.279999999,19.0
9216.0,4351719.516460542,19.0
9216.0,4351746.785583876,19.0
9056.0,4351779.391331371,18.0
9216.0,4352578.18,19.0
9216.0,4352607.591474103,20.0
9216.0,4352674.821474103,20.0
8966.0,4352872.286714763,20.0
9216.0,4353029.409975539,20.0
9216.0,4354216.821232778,20.0
7424.0,4354711.905999608,19.0
9216.0,4354712.167148698,27.0
9216.0,4354717.169695898,27.0
9216.0,4354726.569936864,27.0
9216.0,4354734.905999608,27.0
9216.0,4354749.896638444,27.0
9216.0,4354746.785999608,27.0
9216.0,4354753.333199608,27.0
9216.0,4354758.0194971515,27.0
8816.0,4354767.905999608,26.0
9084.0,4354814.905999608,25.0
8945.0,4354835.637007231,24.0
8849.0,4354847.99012678,23.0
8917.0,4354853.169002938,22.0
8767.0,4354868.730981438,21.0
8711.0,4354871.164825659,20.0
9216.0,4354884.84,21.0
8356.0,4354963.662085964,20.0
8336.0,4355052.84,19.0
9216.0,4355329.117267131,21.0
9216.0,4355412.289999998,21.0
9216.0,4355337.362950348,21.0
9216.0,4355358.817267131,21.0
8816.0,4355362.1,20.0
9216.0,4355384.117267131,20.0
7936.0,4355407.117267131,19.0
9216.0,4355513.3999999985,20.0
9216.0,4355663.3999999985,20.0
9216.0,4355813.3999999985,20.0
9193.0,4356137.149292687,19.0
9216.0,4356137.205570041,23.0
9216.0,4356171.411620187,23.0
9216.0,4356192.606671286,23.0
9180.0,4356222.90447711,22.0
9160.0,4356263.1768035,21.0
9216.0,4356292.31,22.0
9216.0,4356332.239999999,22.0
9216.0,4356390.648840297,22.0
9216.0,4356460.848840297,22.0
9216.0,4356472.094858616,22.0
9200.0,4356500.899137362,21.0
9127.0,4356502.74148707,20.0
9107.0,4356578.205570041,19.0
9216.0,4356697.77,20.0
9216.0,4356704.737500674,20.0
9216.0,4356955.533926252,21.0
9216.0,4357005.533926252,21.0
9216.0,4357007.733926252,21.0
9176.0,4357034.77,20.0
9116.0,4357052.365978536,19.0
9054.0,4357057.367796298,18.0
9216.0,4357207.02,19.0
9136.0,4357475.02,18.0
8545.0,4360141.552770009,17.0
9216.0,4360141.750939237,23.0
9056.0,4360163.552770009,22.0
8656.0,4360163.627429817,21.0
8496.0,4360165.552770009,20.0
8336.0,4360230.552770009,19.0
8176.0,4360388.552770009,18.0
9216.0,4363496.5,19.0
9216.0,4363508.2,19.0
9216.0,4363523.553483497,19.0
8827.0,4363581.869875432,18.0
8595.0,4363821.256470524,17.0
5722.0,4367542.022238289,16.0
9216.0,4367542.237528599,18.0
9216.0,4367906.039358841,18.0
9216.0,4367633.737528599,18.0
9216.0,4367704.833424735,18.0
9216.0,4367849.022238289,18.0
7143.0,4368008.75478681,17.0
9216.0,4368189.605113851,17.0
4096.0,4368609.036957021,16.0
4019.0,4368609.108151584,15.0
7488.0,4369115.71,16.0
6798.0,4370692.972048388,15.0
7349.0,4370941.25,16.0
7076.0,4375225.130041763,15.0
6776.0,4380994.408146626,14.0
7042.0,4382882.92,15.0
6718.0,4382960.725283644,14.0
7006.0,4389074.43,15.0
6580.0,4390529.689999212,14.0
6093.0,4393335.559549375,13.0
5697.0,4393385.581371965,12.0
6248.0,4394820.71,13.0
5328.0,4397284.280644441,12.0
4974.0,4398282.186951238,11.0
4422.0,4399430.621561591,10.0
4041.0,4400507.310742865,9.0
4233.0,4401424.47,10.0
3773.0,4402821.191461766,9.0
3302.0,4404775.650081107,8.0
3602.0,4406775.96,9.0
4092.0,4409878.02,10.0
4389.0,4410003.1499999985,11.0
4205.0,4410013.474664182,10.0
4125.0,4410170.458455818,9.0
4347.0,4410453.23,10.0
4531.0,4410556.05,11.0
4347.0,4410571.962955027,10.0
4267.0,4410647.551924035,9.0
4347.0,4410722.89,10.0
4267.0,4410831.664239397,9.0
7387.0,4411239.8999999985,10.0
8809.0,4411406.74,11.0
8729.0,4411551.74,10.0
8473.0,4411654.118659553,9.0
7131.0,4411763.822634722,9.0
8722.0,4411882.04,10.0
6195.0,4412082.749433696,9.0
9216.0,4412105.14,10.0
9216.0,4412253.321823867,10.0
9216.0,4412285.141823867,10.0
9188.0,4412326.496293391,9.0
9216.0,4412955.202713254,14.0
9216.0,4412972.799899278,14.0
9186.0,4413002.083797776,13.0
9101.0,4413060.171724,12.0
9216.0,4413088.72,13.0
9181.0,4413137.213351149,12.0
9216.0,4413222.72,12.0
9160.0,4413414.975143848,11.0
9216.0,4413415.009741632,13.0
9216.0,4413523.975143848,13.0
9176.0,4413565.009741632,12.0
9216.0,4413632.500627769,13.0
6096.0,4413661.97846508,12.0
9216.0,4413757.467109015,12.0
9176.0,4413859.500627769,11.0
9216.0,4413952.99,12.0
9216.0,4414028.594886742,12.0
8674.0,4414067.436601556,11.0
6031.0,4414471.91627065,10.0
6002.0,4414487.517636537,9.0
9216.0,4414517.53,10.0
3236.0,4414574.248233383,9.0
3196.0,4414638.53,8.0
4006.0,4414762.94,9.0
3986.0,4414820.455802142,8.0
4026.0,4414828.8999999985,9.0
4118.0,4414891.95,10.0
3566.0,4414902.613853554,9.0
3474.0,4414968.113515598,8.0
3434.0,4415016.95,7.0
2744.0,4415258.522629246,6.0
3344.0,4415819.27,7.0
4204.0,4415949.25,8.0
4124.0,4416146.25,7.0
7244.0,4416329.49,8.0
9216.0,4416465.29,9.0
9216.0,4416480.48,9.0
9216.0,4416512.819067846,9.0
8816.0,4416538.819067846,8.0
9216.0,4416571.02,9.0
9216.0,4416642.319999999,9.0
9154.0,4416701.482349099,8.0
9216.0,4416701.55899069,10.0
9216.0,4416809.482349099,10.0
8617.0,4416910.890067398,9.0
9216.0,4416940.59,10.0
9216.0,4417006.482349099,10.0
9216.0,4417040.2823490985,10.0
9216.0,4417042.6765628485,10.0
9216.0,4417057.989403563,10.0
9216.0,4417071.641026895,10.0
9065.0,4417075.826718004,9.0
8986.0,4417126.818253619,8.0
9216.0,4417307.25,9.0
9216.0,4417324.73,9.0
9092.0,4417356.3023552615,8.0
9216.0,4417392.61,9.0
9216.0,4417544.61,9.0
9216.0,4417686.61,9.0
9216.0,4417700.55899069,9.0
9216.0,4417786.143108058,9.0
9216.0,4417797.2535579605,9.0
9216.0,4417815.3111001,9.0
9216.0,4418104.918848596,9.0
9216.0,4418394.3111001,9.0
9216.0,4418434.375856632,9.0
9176.0,4418520.3111001,8.0
9216.0,4418663.320557132,10.0
9216.0,4418691.920557132,10.0
9216.0,4418715.587626419,10.0
9045.0,4418749.092944986,9.0
9216.0,4418753.080557132,9.0
9216.0,4418877.136044098,12.0
8538.0,4418963.136044098,11.0
9216.0,4418981.47,12.0
9110.0,4418991.493212172,11.0
8880.0,4419152.276209279,10.0
9216.0,4419163.327107601,10.0
9216.0,4419361.352144935,11.0
9216.0,4419425.852144935,11.0
9216.0,4419456.547342873,11.0
8536.0,4419516.25807565,10.0
8392.0,4419525.243096218,9.0
9216.0,4419712.85,10.0
8759.0,4421139.830447616,9.0
9216.0,4421139.936372678,11.0
5773.0,4421476.845456274,10.0
9216.0,4421476.857439122,13.0
9216.0,4421503.936372678,13.0
9216.0,4421520.852166669,13.0
9216.0,4421542.80347619,13.0
9216.0,4421545.186372678,13.0
9147.0,4421567.184233356,12.0
9085.0,4421601.535845257,11.0
9216.0,4421686.8,12.0
9176.0,4421812.8,11.0
9216.0,4421918.63,12.0
9216.0,4422049.07132787,12.0
9216.0,4421963.27,12.0
9216.0,4421982.196862604,12.0
9216.0,4421990.226425147,12.0
9116.0,4422002.649617882,11.0
8981.0,4422054.259274154,10.0
9216.0,4422351.447098493,10.0
9216.0,4422716.07486896,11.0
9216.0,4422970.58870219,11.0
9216.0,4423315.58870219,11.0
9216.0,4423436.668957105,11.0
6576.0,4425115.58870219,10.0
9216.0,4425115.622232362,13.0
9216.0,4425126.490832103,13.0
9216.0,4425248.821761888,13.0
9188.0,4425466.574295172,12.0
9216.0,4425644.821761888,12.0
9216.0,4425723.068957105,12.0
8847.0,4426040.231951429,11.0
9216.0,4426774.020550925,11.0
9216.0,4426924.170550926,11.0
9216.0,4427236.824081184,11.0
6576.0,4427518.810196336,10.0
9216.0,4427614.47,11.0
9216.0,4427732.47,11.0
9176.0,4427818.47,10.0
9216.0,4427821.08,11.0
8066.0,4427845.265496551,10.0
9216.0,4427913.23,11.0
9216.0,4427925.241073899,11.0
9216.0,4427938.482540072,11.0
9128.0,4427956.6796853775,10.0
9094.0,4428002.729391453,9.0
9216.0,4428172.22,10.0
9176.0,4428301.212190843,9.0
8486.0,4430339.130767758,8.0
9216.0,4430444.93,9.0
8924.0,4431980.400091584,8.0
9216.0,4431980.445336777,13.0
9216.0,4432025.943136915,13.0
9216.0,4432026.1511266725,13.0
9216.0,4432057.117996949,13.0
9216.0,4432062.278958143,13.0
9216.0,4432068.109960882,13.0
9016.0,4432082.8501375,12.0
8976.0,4432157.8876039395,11.0
9216.0,4432241.390766906,13.0
9176.0,4432254.400091584,12.0
9020.0,4432303.277053788,11.0
8980.0,4432355.37,10.0
9216.0,4432386.87,11.0
9176.0,4432491.87,10.0
6616.0,4432497.390766906,9.0
9216.0,4432675.93,10.0
9216.0,4432713.31,10.0
9216.0,4432728.538023533,10.0
9216.0,4432739.7423724625,10.0
9119.0,4432753.31996046,9.0
9216.0,4432755.47,10.0
9176.0,4432810.93,9.0
9136.0,4432875.47,8.0
9216.0,4433089.163754041,10.0
9216.0,4433174.843754041,10.0
9216.0,4433672.12,11.0
6144.0,4433695.844598851,10.0
6104.0,4433750.1499999985,9.0
9216.0,4434226.96,10.0
8976.0,4434247.96,9.0
9216.0,4434955.43,10.0
9216.0,4435292.12,10.0
9152.0,4438220.382734022,9.0
9216.0,4438220.710592897,14.0
9216.0,4438376.161909853,14.0
9216.0,4438390.651713636,14.0
9216.0,4438430.55367733,14.0
9136.0,4438434.485582491,13.0
9023.0,4438457.163751062,12.0
8943.0,4438663.4434305355,11.0
9216.0,4438858.71,12.0
9216.0,4439036.71,12.0
9216.0,4439221.71,12.0
8526.0,4439345.624850595,11.0
9216.0,4439386.39,12.0
9136.0,4439419.71,11.0
9216.0,4439462.71,11.0
8680.0,4439657.933730236,10.0
9216.0,4439678.36,11.0
9216.0,4439773.660865659,11.0
9216.0,4439785.048198699,11.0
9216.0,4439807.927851271,11.0
9216.0,4439869.927851271,11.0
9089.0,4439931.516796219,10.0
9216.0,4440045.02,11.0
9136.0,4440180.02,10.0
9216.0,4440180.035810506,12.0
9216.0,4440237.375810506,12.0
7731.0,4440319.688521061,11.0
7651.0,4440336.02,10.0
9216.0,4441004.35,11.0
9216.0,4441027.35,11.0
9216.0,4441077.5305902455,11.0
7034.0,4441200.05898467,10.0
9216.0,4441489.35,11.0
9216.0,4442944.569999999,11.0
9216.0,4443285.165950491,11.0
9216.0,4443417.614719916,11.0
9216.0,4443711.057212468,13.0
9216.0,4443808.057212468,13.0
9216.0,4451076.057212468,13.0
9216.0,4451391.759173145,13.0
8796.0,4454734.893042844,12.0
9216.0,4454734.927001383,14.0
9024.0,4455090.057212468,13.0
8000.0,4456939.927001383,12.0
9216.0,4458717.52,13.0
8616.0,4458740.52,12.0
8340.0,4459553.606307187,11.0
8118.0,4464164.893459413,10.0
9216.0,4464165.005196138,13.0
9216.0,4464189.448442321,13.0
9216.0,4464197.938786423,13.0
7812.0,4464311.438497335,12.0
6532.0,4464469.756755119,11.0
9216.0,4466603.62,12.0
9216.0,4467511.904791608,12.0
8654.0,4468357.579914576,11.0
8002.0,4473365.662494387,10.0
7232.0,4476306.936366567,9.0
9216.0,4478664.6,10.0
8816.0,4478830.148007272,9.0
9216.0,4495227.899185026,9.0
8466.0,4496556.96598512,8.0
7086.0,4503804.5241043465,7.0
3268.0,4521202.327499471,6.0
2860.0,4541084.94509102,5.0
2308.0,4545100.898979832,4.0
2271.0,4556888.0170964785,3.0
2179.0,4581837.611957383,2.0
242.0,4593256.146843234,1.0
0.0,4606193.680616122,0.0
80.0,4665533.16,1.0
278.0,4665651.5,2.0
80.0,4665675.008085764,1.0
160.0,4665702.91,2.0
150.0,4665764.723140304,1.0
0.0,4665809.589135791,0.0
80.0,4666052.11,1.0
0.0,4666170.812248528,0.0
80.0,4666178.21,1.0
208.0,4666300.43,2.0
80.0,4666319.700521853,1.0
264.0,4666451.75,2.0
80.0,4666460.676001154,1.0
197.0,4666537.11,2.0
80.0,4666601.0022945,1.0
0.0,4666688.394368924,0.0
80.0,4667300.5,1.0
0.0,4667446.5,0.0
80.0,4667743.79,1.0
0.0,4667845.4286734415,0.0
80.0,4668168.6499999985,1.0
0.0,4668272.6499999985,0.0
80.0,4668484.87,1.0
0.0,4668588.87,0.0
80.0,4668855.41,1.0
188.0,4668952.41,2.0
80.0,4669018.807310864,1.0
264.0,4669080.45,2.0
80.0,4669107.4789974475,1.0
0.0,4669214.545795886,0.0
40.0,4669447.11,1.0
172.0,4669513.07,2.0
80.0,4669527.157091231,1.0
184.0,4669574.18,2.0
2868.0,4669603.28,3.0
2680.0,4669618.25683232,2.0
2640.0,4669682.598460855,1.0
2680.0,4669703.19,2.0
3089.0,4670103.19,1.0
3129.0,4670300.71,2.0
40.0,4670472.069744639,1.0
2732.0,4670647.0,2.0
2640.0,4670788.984984595,1.0
6112.0,4670860.3999999985,2.0
6072.0,4670944.684355798,1.0
6112.0,4671202.81,2.0
6072.0,4671317.81,1.0
6112.0,4671417.18,2.0
6072.0,4671544.215435223,1.0
0.0,4671672.794508705,0.0
40.0,4672026.34,1.0
132.0,4672164.08,2.0
85.0,4672235.186240145,1.0
0.0,4672252.311550852,0.0
40.0,4672273.69,1.0
132.0,4672367.78,2.0
40.0,4672394.329708596,1.0
0.0,4672467.328780937,0.0
500.0,4672551.11,1.0
540.0,4675680.33,2.0
632.0,4677281.8,3.0
540.0,4677330.051727742,2.0
500.0,4677528.173203761,1.0
540.0,4677555.34,2.0
500.0,4677723.34,1.0
540.0,4678492.36,2.0
620.0,4678817.31,3.0
534.0,4678987.31,2.0
574.0,4679081.1499999985,3.0
540.0,4679185.101815449,2.0
500.0,4679197.1499999985,1.0
540.0,4679230.53,2.0
632.0,4679388.64,3.0
540.0,4679405.496333793,2.0
617.0,4679475.94,3.0
540.0,4679486.837483205,2.0
500.0,4679567.530262975,1.0
540.0,4679594.28,2.0
992.0,4680212.17,3.0
592.0,4680234.17,2.0
500.0,4680847.801064658,1.0
800.0,4681402.36,2.0
992.0,4681428.55,3.0
1323.0,4681703.06,4.0
1243.0,4681844.625849772,3.0
1403.0,4683186.19,4.0
2563.0,4683470.3999999985,5.0
1403.0,4683514.079059244,4.0
2563.0,4683717.75,5.0
1403.0,4683740.75,4.0
1404.0,4685203.79,5.0
2004.0,4685557.84,6.0
1350.0,4685580.84,5.0
1414.0,4686485.16,6.0
1758.0,4686690.8,7.0
1315.0,4686795.507849181,6.0
1055.0,4686803.8,5.0
907.0,4687149.052206287,4.0
1167.0,4687186.47,5.0
907.0,4687258.47,4.0
1167.0,4687286.38,5.0
1427.0,4687300.93,6.0
1687.0,4687322.27,7.0
2285.0,4687354.28,8.0
2883.0,4687394.05,9.0
2623.0,4687417.05,8.0
2883.0,4687432.85,9.0
2623.0,4687456.85,8.0
2883.0,4687465.83,9.0
3143.0,4687495.8999999985,10.0
3183.0,4688231.16,11.0
2721.0,4688467.429522585,10.0
2123.0,4688500.257645452,9.0
2310.0,4689090.58,10.0
2230.0,4689152.591670027,9.0
2310.0,4689205.04,10.0
2231.0,4689326.04,9.0
1877.0,4689468.490551844,8.0
1520.0,4689554.831667573,7.0
1600.0,4690096.47,8.0
1598.0,4690242.47,7.0
1807.0,4690915.1499999985,8.0
1805.0,4690925.138941704,7.0
1936.0,4691713.46,8.0
2180.0,4692418.6499999985,9.0
2471.0,4692823.14,10.0
2529.0,4692915.29,11.0
2471.0,4692922.747235454,10.0
2470.0,4693045.242515736,9.0
2770.0,4693310.08,10.0
3200.0,4693570.04,11.0
3240.0,4693611.75,12.0
3200.0,4693667.398681335,11.0
3202.0,4693684.5,12.0
3204.0,4693710.69,13.0
3203.0,4693745.016254589,12.0
3200.0,4693761.200143919,11.0
3202.0,4693818.36,12.0
3208.0,4693825.1499999985,13.0
2833.0,4693838.711634361,12.0
2835.0,4693847.46,13.0
2841.0,4693871.71,14.0
2837.0,4693890.820686442,13.0
2833.0,4693899.189592261,12.0
2827.0,4693915.123372427,11.0
2844.0,4693957.71,10.0
2846.0,4694012.36,11.0
2848.0,4694031.76,12.0
2854.0,4694052.13,13.0
2735.0,4694065.609339151,12.0
2741.0,4694067.6499999985,13.0
2682.0,4694370.067862088,12.0
2884.0,4695136.59,13.0
2804.0,4695308.44918904,12.0
2884.0,4695388.79,13.0
2805.0,4695525.987768851,12.0
2799.0,4695904.364678455,11.0
2793.0,4695915.81157923,10.0
2796.0,4696352.0,11.0
2304.0,4696562.151141528,10.0
2546.0,4696569.28,11.0
2787.0,4696605.17,12.0
3003.0,4696627.48,13.0
2787.0,4696675.955387736,12.0
3027.0,4696680.83,13.0
3579.0,4696765.22,14.0
3819.0,4696811.78,15.0
3813.0,4697068.105036777,14.0
3261.0,4697361.937399485,13.0
2944.0,4697415.030042316,12.0
3184.0,4697441.31,13.0
3736.0,4697451.98,14.0
4288.0,4697463.62,15.0
4364.0,4697666.296053982,14.0
3812.0,4697811.905900578,13.0
4364.0,4697938.92,14.0
4105.0,4698524.886647987,13.0
3785.0,4698585.475871601,12.0
3199.0,4699435.732759016,11.0
2751.0,4699662.834836125,10.0
2431.0,4699792.216171211,9.0
2428.0,4699869.073268302,8.0
3452.0,4700264.01,9.0
4476.0,4700381.38,10.0
3452.0,4700608.005256512,9.0
3692.0,4701780.12,10.0
3452.0,4701817.5605679,9.0
3692.0,4701850.93,10.0
4244.0,4702896.59,11.0
4004.0,4702948.107811255,10.0
4196.0,4703354.43,11.0
5220.0,4704574.69,12.0
4196.0,4704813.7989092,11.0
4496.0,4705174.1499999985,12.0
5146.0,4707611.76,13.0
4886.0,4707634.76,12.0
5126.0,4707659.29,13.0
4886.0,4708362.94127286,12.0
5126.0,4708469.24,13.0
5386.0,4708665.18,14.0
5126.0,4708688.18,13.0
5386.0,4708728.23,14.0
5240.0,4708817.035796888,13.0
4783.0,4712760.622952405,12.0
4404.0,4712819.4332198845,11.0
4629.0,4714346.47,12.0
4929.0,4717080.8999999985,13.0
4857.0,4722921.763851892,12.0
4841.0,4724126.040452569,11.0
5033.0,4725419.02,12.0
4481.0,4725673.988627554,11.0
3881.0,4725804.533469305,10.0
3329.0,4728045.439267932,9.0
3725.0,4729014.81,10.0
3701.0,4735381.296714528,9.0
3893.0,4736424.64,10.0
3973.0,4738971.86,11.0
3893.0,4739115.86,10.0
3425.0,4739187.590234416,9.0
3505.0,4739278.38,10.0
3425.0,4739400.38,9.0
3505.0,4739525.73,10.0
3506.0,4739646.73,9.0
3586.0,4739984.54,10.0
3506.0,4740117.54,9.0
3586.0,4740891.49,10.0
3990.0,4740924.47,11.0
3806.0,4740974.409450492,10.0
3886.0,4742093.32,11.0
3806.0,4742247.32,10.0
3886.0,4742508.48,11.0
3806.0,4742625.369568311,10.0
3886.0,4743001.24,11.0
3885.0,4743146.24,10.0
3965.0,4743232.1,11.0
4050.0,4743399.1,10.0
3698.0,4745083.72790827,9.0
4067.0,4746801.7,10.0
4639.0,4746811.3999999985,11.0
4379.0,4746887.598288299,10.0
4571.0,4747354.6,11.0
5182.0,4747397.28,12.0
6010.0,4747453.54,13.0
5458.0,4747595.388607373,12.0
6434.0,4747941.45,13.0
6029.0,4749940.392021944,12.0
5525.0,4750500.548864366,11.0
5306.0,4752604.40204779,10.0
5838.0,4752879.72,11.0
4879.0,4753320.466593634,10.0
4979.0,4753421.95,11.0
5079.0,4753485.97,12.0
5309.0,4753540.29,13.0
5539.0,4753587.82,14.0
5769.0,4753638.26,15.0
5999.0,4753682.88,16.0
6079.0,4754369.64,17.0
5999.0,4754547.64,16.0
6031.0,4754916.72,17.0
5999.0,4755009.72,16.0
6079.0,4755294.05,17.0
5999.0,4755416.05,16.0
6079.0,4755566.62,17.0
5999.0,4755685.228198278,16.0
5769.0,4756677.451997923,15.0
5539.0,4756707.379743096,14.0
5309.0,4756956.10682437,13.0
5079.0,4757062.743339235,12.0
5410.0,4758305.8999999985,13.0
5375.0,4758822.436697974,12.0
5239.0,4759502.458457166,11.0
5719.0,4761175.16,12.0
6271.0,4761193.59,13.0
6823.0,4761212.99,14.0
6583.0,4761250.438683618,13.0
6031.0,4761257.55822927,12.0
5479.0,4761258.624751126,11.0
5719.0,4761302.23,12.0
5479.0,4761388.416864679,11.0
5719.0,4761400.2,12.0
6271.0,4761410.87,13.0
6031.0,4761443.10901972,12.0
6271.0,4761840.58,13.0
7295.0,4762274.17,14.0
6686.0,4762524.077012703,13.0
8098.0,4762629.19,14.0
8282.0,4762760.14,15.0
8098.0,4762783.7099288395,14.0
8124.0,4763110.8554729745,13.0
8204.0,4763170.45,14.0
8124.0,4763583.45,13.0
8204.0,4763848.48,14.0
8124.0,4764208.235931129,13.0
8424.0,4764794.23,14.0
8894.0,4765596.42,15.0
8814.0,4765739.19871656,14.0
8894.0,4765745.8,15.0
8814.0,4765866.176578416,14.0
8516.0,4767580.897037735,13.0
8708.0,4769293.09,14.0
8018.0,4771658.252083729,13.0
8678.0,4773688.16,14.0
8078.0,4773731.206161503,13.0
8158.0,4774454.46,14.0
8662.0,4774476.77,15.0
8262.0,4774523.362817475,14.0
8078.0,4774529.304958486,13.0
7742.0,4774699.790050155,12.0
7782.0,4774826.94,13.0
7914.0,4774880.29,14.0
7822.0,4774924.604935337,13.0
7966.0,4775291.57,14.0
7782.0,4775294.596431387,13.0
7742.0,4775414.57,12.0
7982.0,4775468.1099999985,13.0
8222.0,4775471.99,14.0
8614.0,4775871.63,15.0
8798.0,4775890.06,16.0
8718.0,4775967.06,15.0
8534.0,4775971.073769189,14.0
8614.0,4776063.69,15.0
8534.0,4776399.69,14.0
8574.0,4776501.16,15.0
8534.0,4776614.251416753,14.0
8574.0,4776758.21,15.0
8158.0,4777260.558918237,14.0
8458.0,4777613.75,15.0
8698.0,4778684.63,16.0
8446.0,4778706.710344985,15.0
8353.0,4778857.397080261,14.0
7969.0,4778924.674637952,13.0
8083.0,4780661.49,14.0
8021.0,4780775.580204294,13.0
7929.0,4781056.100642743,12.0
8009.0,4781865.26,13.0
7929.0,4781999.592966177,12.0
8009.0,4782589.85,13.0
7929.0,4782723.85,12.0
8009.0,4783805.26,13.0
8037.0,4784171.912357689,12.0
8117.0,4784264.07,13.0
8178.0,4784387.407353351,12.0
7626.0,4786437.216034037,11.0
7077.0,4787596.454174629,10.0
6249.0,4788298.666168213,9.0
6441.0,4788692.12,10.0
5613.0,4789459.398185575,9.0
5953.0,4791638.98,10.0
5745.0,4795649.472458577,9.0
5279.0,4800516.4891095515,8.0
5891.0,4800608.57,9.0
6441.0,4802126.62,10.0
5889.0,4802599.275992633,9.0
6289.0,4803189.74,10.0
5734.0,4807053.126779023,9.0
6198.0,4812524.05,10.0
5755.0,4813422.140894191,9.0
5714.0,4821215.090558153,8.0
5622.0,4822572.047070781,7.0
5271.0,4823969.077229987,6.0
4719.0,4824350.117932563,5.0
5019.0,4824419.16,6.0
4695.0,4826277.419927881,5.0
4407.0,4827889.722031835,4.0
5077.0,4829045.09,5.0
4797.0,4829078.09,4.0
5077.0,4829157.6099999985,5.0
5279.0,4829255.169344126,4.0
5559.0,4831592.31,5.0
5279.0,4831615.31,4.0
5519.0,4832720.42,5.0
5759.0,4832776.68,6.0
6039.0,4832951.28,7.0
5759.0,4833042.955004907,6.0
5069.0,4833100.537099533,5.0
5544.0,4833741.83,6.0
6277.0,4833812.64,7.0
5965.0,4834597.511346887,6.0
6205.0,4834944.63,7.0
6445.0,4834956.27,8.0
6169.0,4835026.332458638,7.0
6606.0,4835165.79,8.0
6366.0,4835198.79,7.0
5965.0,4835217.42747674,6.0
5749.0,4835245.916623067,5.0
5989.0,4835286.07,6.0
6541.0,4835290.92,7.0
5989.0,4835307.2936161095,6.0
5749.0,4835312.92,5.0
4829.0,4835975.590488291,4.0
5069.0,4836262.8599999985,5.0
5309.0,4836265.77,6.0
5320.0,4836298.77,5.0
4829.0,4836322.692414411,4.0
4869.0,4837725.62,5.0
5161.0,4837751.81,6.0
5401.0,4837754.72,7.0
5309.0,4837785.952435513,6.0
5069.0,4837787.72,5.0
5309.0,4837951.63,6.0
5069.0,4837987.481680913,5.0
5309.0,4838003.04,6.0
5069.0,4838036.04,5.0
5309.0,4838081.6099999985,6.0
5549.0,4838216.44,7.0
5789.0,4838218.38,8.0
5525.0,4838240.38,7.0
5309.0,4838268.409088133,6.0
5549.0,4838374.55,7.0
5789.0,4838383.28,8.0
6181.0,4838898.35,9.0
6101.0,4839015.1481022285,8.0
6181.0,4839019.6,9.0
6365.0,4839123.39,10.0
6181.0,4839133.4291224815,9.0
6101.0,4839218.833383861,8.0
6181.0,4839223.3,9.0
6365.0,4839296.05,10.0
6181.0,4839317.9056312945,9.0
6101.0,4839419.231535344,8.0
6181.0,4839480.35,9.0
6101.0,4839615.64929909,8.0
6181.0,4839750.98,9.0
6101.0,4839881.548454641,8.0
6181.0,4840495.94,9.0
6532.0,4840630.94,8.0
6612.0,4840817.98,9.0
6532.0,4840961.869677004,8.0
6612.0,4841232.17,9.0
6796.0,4841308.8,10.0
6612.0,4841339.327112195,9.0
6614.0,4841422.203280184,8.0
6824.0,4841820.96,9.0
6744.0,4841934.112988962,8.0
6824.0,4842036.3,9.0
6744.0,4842141.430103423,8.0
6824.0,4842210.8999999985,9.0
6744.0,4842325.379618393,8.0
6824.0,4842333.12,9.0
6840.0,4842464.943768642,8.0
6589.0,4846028.129215947,7.0
4293.0,4846579.545832525,6.0
3756.0,4846656.142558519,5.0
4056.0,4846901.82,6.0
4296.0,4849045.52,7.0
4848.0,4849055.22,8.0
4390.0,4849065.726744016,7.0
4630.0,4849072.68,8.0
4296.0,4849101.378498598,7.0
4848.0,4849271.53,8.0
5088.0,4849504.33,9.0
4848.0,4849608.758767148,8.0
5088.0,4849646.92,9.0
4848.0,4849669.92,8.0
5902.0,4849910.76,9.0
7513.0,4849934.04,10.0
5343.0,4849966.348034878,9.0
4848.0,4849977.230919328,8.0
4888.0,4850120.28,9.0
5180.0,4850345.32,10.0
4940.0,4850368.32,9.0
5180.0,4850419.04,10.0
4940.0,4850441.04,9.0
5180.0,4850495.67,10.0
5022.0,4850528.67,9.0
5388.0,4851100.95,10.0
5112.0,4851168.504019438,9.0
5372.0,4851822.63,10.0
5836.0,4851881.8,11.0
7228.0,4851897.32,12.0
6764.0,4851907.881184922,11.0
6166.0,4851910.641092906,10.0
7797.0,4852046.7,11.0
5441.0,4852363.78294024,10.0
4889.0,4852417.679604237,9.0
5389.0,4852633.55,10.0
4889.0,4852666.55,9.0
5389.0,4852818.82,10.0
6539.0,4852950.74,11.0
5389.0,4852972.823599514,10.0
4975.0,4853199.616035961,9.0
5475.0,4853264.05,10.0
4975.0,4853297.05,9.0
5475.0,4853407.6099999985,10.0
6625.0,4853408.58,11.0
7775.0,4853409.55,12.0
8925.0,4853410.52,13.0
7775.0,4853488.259392327,12.0
6625.0,4853492.528746647,11.0
5475.0,4853497.365662038,10.0
4975.0,4853555.52,9.0
5607.0,4854239.87,10.0
6297.0,4854316.5,11.0
5607.0,4854340.424639454,10.0
5321.0,4854559.574365894,9.0
6051.0,4854695.77,10.0
5741.0,4854752.488773302,9.0
5625.0,4854836.840850019,8.0
5885.0,4855167.19,9.0
6125.0,4855171.07,10.0
6828.0,4855175.92,11.0
6417.0,4855195.222574877,10.0
6989.0,4855270.01,11.0
6729.0,4855293.01,10.0
6969.0,4855360.22,11.0
6729.0,4855386.948416643,10.0
6969.0,4855439.76,11.0
6411.0,4856409.16240812,10.0
6915.0,4857669.79,11.0
6823.0,4857844.429018959,10.0
6903.0,4858608.75,11.0
6823.0,4858755.4825827535,10.0
6903.0,4858806.63,11.0
7107.0,4858900.72,12.0
7342.0,4858929.82,13.0
7158.0,4858947.652331999,12.0
7238.0,4859834.83,13.0
7253.0,4860035.1207176875,12.0
7493.0,4860531.29,13.0
8045.0,4861114.26,14.0
7493.0,4861146.680058985,13.0
7775.0,4862747.74,14.0
7774.0,4862929.74,13.0
7775.0,4863471.3599999985,14.0
7776.0,4863493.67,15.0
7775.0,4863548.895033906,14.0
7774.0,4863569.273120329,13.0
8174.0,4863610.07,14.0
8574.0,4863626.56,15.0
9216.0,4865041.79,16.0
9216.0,4865730.37,16.0
8858.0,4866327.591822453,15.0
8490.0,4866681.463103946,14.0
9216.0,4867661.76,15.0
9216.0,4868067.070167627,15.0
9216.0,4869481.4204918705,15.0
8372.0,4869622.776620224,14.0
8072.0,4876101.856542499,13.0
5837.0,4876269.216739528,12.0
6388.0,4879543.29,13.0
6580.0,4879632.53,14.0
6137.0,4880205.784578449,13.0
5701.0,4884855.23809421,12.0
5269.0,4886494.369515354,11.0
4717.0,4887245.877560766,10.0
5075.0,4888877.6,11.0
5077.0,4888920.28,12.0
5075.0,4888928.518215001,11.0
4632.0,4889829.21341512,10.0
4080.0,4890306.010862583,9.0
3660.0,4890361.761492626,8.0
3108.0,4890671.461319215,7.0
3107.0,4890945.28,6.0
3407.0,4891569.35,7.0
2487.0,4893850.912452667,6.0
2217.0,4901958.68813719,5.0
2517.0,4903459.6099999985,6.0
2188.0,4904637.353843926,5.0
1726.0,4904799.618842222,4.0
1591.0,4911147.703216432,3.0
3005.0,4911894.73,4.0
2365.0,4913829.311643852,3.0
3997.0,4915354.72,4.0
4388.0,4916755.3999999985,5.0
4387.0,4917123.227348384,4.0
4196.0,4917934.278147751,3.0
4436.0,4918912.68,4.0
4988.0,4918947.6,5.0
4436.0,4918966.275443987,4.0
4636.0,4920355.07,5.0
5096.0,4920378.35,6.0
5357.0,4920783.81,7.0
5356.0,4920954.81,6.0
5396.0,4921508.3999999985,7.0
5356.0,4921608.237937193,6.0
5756.0,4921644.2,7.0
5356.0,4921762.2,6.0
4666.0,4921927.059621874,5.0
4906.0,4922313.5,6.0
4666.0,4922589.633387788,5.0
4906.0,4922612.26,6.0
5258.0,4923006.08,7.0
5218.0,4923138.603845925,6.0
5258.0,4923195.23,7.0
5218.0,4923409.382702868,6.0
5378.0,4923433.85,7.0
5218.0,4923652.85,6.0
5418.0,4925570.76,7.0
5738.0,4925884.07,8.0
5278.0,4925998.242074639,7.0
4958.0,4926081.07,6.0
5598.0,4926128.51,7.0
5138.0,4926335.289497534,6.0
7250.0,4926346.76,7.0
5778.0,4926362.828866462,6.0
4498.0,4926853.76,5.0
5138.0,4927198.42,6.0
4498.0,4927406.42,5.0
5138.0,4927751.32,6.0
4585.0,4928064.152865227,5.0
5609.0,4928766.91,6.0
7341.0,4929325.63,7.0
8501.0,4929669.98,8.0
7861.0,4929918.98,7.0
7981.0,4930143.34,8.0
7861.0,4930267.34,7.0
8915.0,4930278.17,8.0
9216.0,4930436.329001665,10.0
9216.0,4930494.115970883,10.0
9216.0,4930514.253071104,10.0
9048.0,4930546.300173782,9.0
9216.0,4930565.29,10.0
9216.0,4930630.83,10.0
9216.0,4930646.273503655,10.0
8984.0,4930672.895131052,9.0
9216.0,4930703.03,10.0
9136.0,4930849.03,9.0
9216.0,4931543.05,10.0
9136.0,4931689.05,9.0
9216.0,4932263.889452107,12.0
9136.0,4932408.76,11.0
9216.0,4932513.05,12.0
9216.0,4932615.08,12.0
9099.0,4932684.78147311,11.0
7845.0,4932853.689362744,10.0
9216.0,4932853.715708444,13.0
8162.0,4933165.715708444,12.0
9216.0,4933195.93,13.0
8576.0,4933423.93,12.0
9216.0,4933449.1,13.0
9216.0,4933588.262552164,13.0
9216.0,4933605.358020752,13.0
9073.0,4933628.054707921,12.0
9216.0,4934527.74,13.0
8129.0,4934568.030764183,12.0
7824.0,4934653.82670173,11.0
7762.0,4934711.618921844,10.0
9216.0,4935037.96,11.0
9176.0,4935288.96,10.0
9216.0,4936369.476215369,17.0
9216.0,4936400.064844861,17.0
9216.0,4936437.872765463,17.0
9216.0,4936445.400331674,17.0
8976.0,4936452.476215369,16.0
9216.0,4936452.493364711,18.0
9216.0,4936461.727562106,18.0
9216.0,4936468.732181571,18.0
9216.0,4936474.333364711,18.0
8961.0,4936494.83491754,17.0
8783.0,4936496.745029757,16.0
8715.0,4936501.445936721,15.0
8962.0,4936555.942805202,14.0
9216.0,4936566.68,15.0
9216.0,4936567.902352223,15.0
9153.0,4936577.507777973,14.0
8502.0,4936595.90887025,13.0
8067.0,4936634.191856049,12.0
9216.0,4936667.56,13.0
9216.0,4936670.715095519,13.0
9216.0,4936683.423795836,13.0
9113.0,4936746.689808517,12.0
8153.0,4936865.095895477,11.0
9216.0,4936910.06,12.0
9216.0,4949646.832168065,12.0
9216.0,4956706.8,12.0
9216.0,4963612.586500872,12.0
8664.0,4964970.134617387,11.0
9216.0,4964971.364820194,26.0
9216.0,4964982.121873549,26.0
9216.0,4965002.557269493,26.0
9188.0,4965009.251735052,25.0
9216.0,4965009.672474469,29.0
9216.0,4965009.974820195,29.0
9216.0,4965018.921873549,29.0
9216.0,4965027.241540255,29.0
9216.0,4965029.846874134,29.0
9216.0,4965033.525900263,29.0
9190.0,4965041.3438307885,28.0
9153.0,4965068.138499655,27.0
9216.0,4965071.124688277,27.0
9156.0,4965090.059507097,26.0
9216.0,4965096.285059195,26.0
9189.0,4965125.771700992,26.0
9216.0,4965126.873598537,26.0
9091.0,4965146.262418173,26.0
8979.0,4965147.091405063,25.0
8923.0,4965149.915267528,24.0
9216.0,4965203.499550812,24.0
9216.0,4965219.499015455,24.0
9082.0,4965229.785833042,23.0
9037.0,4965301.715303372,22.0
9036.0,4965329.19193419,21.0
8982.0,4965358.262418173,20.0
8915.0,4965372.133060518,19.0
9216.0,4965425.542585952,19.0
8868.0,4965465.368092274,18.0
9028.0,4965537.301657846,18.0
9216.0,4965613.140744711,18.0
9216.0,4965708.360744711,18.0
9111.0,4965862.234378405,17.0
9216.0,4965869.681171486,17.0
9216.0,4965909.0811714865,17.0
9216.0,4965925.7271096585,17.0
9216.0,4966000.489171486,17.0
9216.0,4966036.188778467,17.0
8352.0,4966083.511513301,16.0
8928.0,4966315.006772083,16.0
9216.0,4966891.3093257705,16.0
9216.0,4970461.619778335,16.0
9216.0,4967491.3093257705,16.0
9216.0,4972321.04,16.0
9216.0,4967722.3093257705,16.0
9216.0,4967911.3093257705,16.0
9216.0,4967990.8493257705,16.0
9088.0,4968131.083412188,16.0
9216.0,4968213.5687230425,16.0
9088.0,4968505.603452315,16.0
9216.0,4968751.040758704,16.0
9216.0,4968826.040758704,16.0
9216.0,4968901.040758704,16.0
9216.0,4969333.040758704,16.0
9216.0,4969801.040758704,16.0
9216.0,4970008.040758704,16.0
9216.0,4970915.7141039325,16.0
9216.0,4971815.7141039325,16.0
9216.0,4972049.7141039325,16.0
7936.0,4972307.7141039325,15.0
7768.0,4975852.276329255,14.0
7558.0,4979566.681230457,13.0
7418.0,4985041.029286088,12.0
7604.0,4988772.383084184,11.0
7976.0,4993892.856060374,10.0
7766.0,4996085.6902391985,9.0
5077.0,4996635.006756621,8.0
9216.0,4997897.84,9.0
9136.0,4998155.84,8.0
9216.0,4998346.95,9.0
9176.0,4998650.95,8.0
9216.0,4999759.46263799,11.0
9216.0,5000025.22263799,11.0
9216.0,5000265.415039253,11.0
9216.0,5000355.895039254,11.0
9216.0,5000406.3482677955,11.0
9047.0,5000448.069063111,10.0
8954.0,5000607.336187667,9.0
9216.0,5001070.71,10.0
9176.0,5001193.71,9.0
9216.0,5001388.87,10.0
9176.0,5001543.87,9.0
9216.0,5001704.12,10.0
9176.0,5001826.12,9.0
9216.0,5001920.43,10.0
9216.0,5002037.43,10.0
9176.0,5002155.43,9.0
9216.0,5002158.08,10.0
9216.0,5002269.32,10.0
9216.0,5002304.296546247,10.0
9216.0,5002337.105992004,10.0
9216.0,5002365.165992004,10.0
9157.0,5002431.582896806,9.0
9216.0,5002431.605304199,11.0
9176.0,5002526.582896806,10.0
9136.0,5002558.605304199,9.0
9216.0,5002598.46,10.0
9176.0,5002864.46,9.0
9216.0,5003722.589314355,17.0
9216.0,5003811.141925129,17.0
9215.0,5003849.72,16.0
9216.0,5003851.563712626,16.0
9216.0,5003873.483500422,16.0
8710.0,5003894.973069529,15.0
9216.0,5003895.096605154,18.0
9216.0,5003897.876587022,18.0
8893.0,5003921.242746558,17.0
9216.0,5003946.819461811,17.0
9136.0,5003957.7448451305,16.0
9216.0,5003961.307283655,16.0
9216.0,5003993.789366009,16.0
9107.0,5004026.216623528,16.0
9107.0,5004042.34035483,16.0
9216.0,5004099.506311266,16.0
9216.0,5004142.474492137,16.0
8736.0,5004207.765897264,15.0
8568.0,5004214.614849643,14.0
6888.0,5004358.001972476,13.0
9216.0,5004622.85,14.0
9216.0,5004690.529999999,14.0
9216.0,5004707.619770921,14.0
9136.0,5004737.550192625,13.0
9216.0,5004759.62,14.0
9176.0,5004863.62,13.0
9216.0,5004929.37,14.0
9176.0,5005060.37,13.0
9216.0,5005092.33,14.0
9044.0,5005385.19330492,13.0
9216.0,5005385.240734954,16.0
9169.0,5005479.19330492,15.0
9136.0,5005526.587735623,14.0
9135.0,5005852.33,13.0
9216.0,5005985.240734954,13.0
9216.0,5006279.240734954,13.0
9216.0,5006585.240734954,13.0
9216.0,5006939.240734954,13.0
9216.0,5007057.320734954,13.0
6656.0,5007185.240734954,12.0
9216.0,5007932.49,13.0
9200.0,5008050.091329285,12.0
9216.0,5016844.784479345,20.0
9216.0,5017230.701497231,20.0
9188.0,5016902.459979503,19.0
9188.0,5016914.202020638,19.0
9188.0,5017002.990361548,19.0
9216.0,5017175.344199785,19.0
9216.0,5017490.344199785,22.0
9176.0,5017598.344199785,21.0
9136.0,5017642.344199785,20.0
9216.0,5017907.013535772,22.0
9216.0,5017973.247309317,22.0
9216.0,5018015.133841966,22.0
9142.0,5018033.455503785,21.0
9216.0,5018119.43,22.0
9216.0,5018605.336370556,22.0
9216.0,5018201.75,22.0
9216.0,5018221.6454210635,22.0
9141.0,5018247.627367222,21.0
9216.0,5019030.26,22.0
9216.0,5019281.75181846,22.0
9216.0,5019069.68,22.0
9216.0,5019115.912372716,22.0
9140.0,5019142.091315012,21.0
9216.0,5019325.14,22.0
9176.0,5019588.14,21.0
9216.0,5020128.898391978,21.0
9216.0,5020612.223167596,21.0
8830.0,5020974.385551805,20.0
9216.0,5021061.629111147,22.0
9216.0,5021167.629111147,22.0
9176.0,5021178.44,21.0
9216.0,5021199.22265358,23.0
9216.0,5021274.597914503,23.0
9216.0,5021293.393150094,23.0
9150.0,5021316.75695813,22.0
9216.0,5021362.989794849,22.0
8690.0,5022294.548067562,21.0
9216.0,5022294.719519857,26.0
9216.0,5022359.987015483,26.0
9216.0,5022381.650005375,26.0
9216.0,5022389.319519857,26.0
9216.0,5022395.555756332,26.0
9216.0,5022407.9329184955,26.0
9216.0,5022410.391354253,26.0
9099.0,5022442.68924118,25.0
9171.0,5022487.956321662,24.0
9143.0,5022499.928949117,23.0
9063.0,5022588.391354253,22.0
9216.0,5022671.64,23.0
9136.0,5022805.64,22.0
8996.0,5023340.936976541,21.0
9216.0,5023505.84,22.0
9216.0,5023642.272481035,22.0
9216.0,5023897.733004457,23.0
9216.0,5024569.459516638,23.0
9216.0,5026030.704655282,23.0
8921.0,5026105.124329932,22.0
9216.0,5026165.701481766,22.0
9216.0,5026308.410685283,22.0
8768.0,5026488.965793601,21.0
9216.0,5026559.601727603,21.0
9216.0,5027009.601727603,21.0
9216.0,5027387.601727603,21.0
8729.0,5027625.69052424,20.0
9216.0,5027841.74,21.0
8576.0,5028359.601727603,20.0
9216.0,5028359.619087277,22.0
9216.0,5029389.692006002,22.0
9216.0,5029409.613011391,22.0
9216.0,5030107.100657,23.0
9215.0,5030207.100657,22.0
8402.0,5030988.065013029,21.0
8262.0,5031469.725447419,20.0
8094.0,5036858.668084578,19.0
7926.0,5037342.461392419,18.0
9216.0,5039683.5,19.0
8716.0,5039841.5,18.0
9216.0,5040116.12,19.0
9216.0,5040701.328417998,19.0
9216.0,5052459.11936014,19.0
8672.0,5052587.225780435,18.0
7840.0,5054157.948788517,17.0
6988.0,5055422.296053691,16.0
9216.0,5058999.1099999985,17.0
9216.0,5059239.1099999985,17.0
9216.0,5059709.509999999,17.0
9216.0,5059827.013999999,17.0
9216.0,5060199.1099999985,17.0
7296.0,5061399.1099999985,16.0
9216.0,5062233.09,17.0
8964.0,5063259.316984861,16.0
9216.0,5063279.72,17.0
9216.0,5064033.09,17.0
7174.0,5065356.904935622,16.0
9216.0,5065833.09,16.0
9216.0,5066179.502871218,16.0
9216.0,5066109.09,16.0
9216.0,5066820.325022011,16.0
9216.0,5067024.85876815,16.0
6776.0,5068247.333099267,15.0
9216.0,5071804.08,16.0
9216.0,5078446.474492137,16.0
7381.0,5081935.001906288,15.0
7065.0,5090371.388796653,14.0
9216.0,5093275.088714656,16.0
8716.0,5093941.12,15.0
9216.0,5095075.088714656,15.0
9216.0,5096875.088714656,15.0
9216.0,5096959.448714657,15.0
5376.0,5097103.088714656,14.0
9051.0,5110006.56,15.0
8591.0,5117619.512095412,14.0
8039.0,5117728.7081851,13.0
7349.0,5117841.564818506,12.0
7740.0,5118787.0,13.0
7380.0,5122647.247549971,12.0
7379.0,5126289.0,11.0
7115.0,5129791.828010111,10.0
8052.0,5139290.8599999985,11.0
9216.0,5139312.2,12.0
9216.0,5139389.16,12.0
8052.0,5139479.267398929,11.0
6708.0,5139497.896684512,10.0
5947.0,5141679.603423232,9.0
9216.0,5144525.106988087,9.0
5632.0,5147057.505613503,8.0
8619.0,5147199.597347174,8.0
8619.0,5147434.797347174,8.0
8619.0,5147942.488840157,8.0
8004.0,5148741.105348579,8.0
3499.0,5149579.9250760935,7.0
2947.0,5149687.112936585,6.0
2682.0,5152550.334478304,5.0
1992.0,5159217.513005166,4.0
1548.0,5159221.921253415,3.0
1233.0,5174523.422691723,2.0
2002.0,5177265.39,3.0
2162.0,5182438.3999999985,4.0
1880.0,5183503.716486441,3.0
2120.0,5184594.71,4.0
2672.0,5184618.96,5.0
2912.0,5184650.0,6.0
3464.0,5184684.92,7.0
3037.0,5184702.117879514,6.0
2702.0,5184739.933378069,5.0
2221.0,5184785.726970716,4.0
1880.0,5184799.863004902,3.0
2120.0,5184839.1499999985,4.0
2672.0,5184844.0,5.0
2912.0,5184847.88,6.0
3152.0,5184850.79,7.0
2706.0,5186338.288418385,6.0
2500.0,5187385.248811799,5.0
2173.0,5187796.137586765,4.0
2413.0,5188093.5,5.0
2965.0,5188119.69,6.0
3205.0,5188150.73,7.0
2912.0,5188176.8210250335,6.0
3152.0,5188182.74,7.0
3764.0,5199052.56,8.0
4924.0,5199365.87,9.0
3404.0,5201764.99159618,8.0
3468.0,5220988.225300443,7.0
2916.0,5223860.199754889,6.0
2515.0,5235463.592509578,5.0
2196.0,5237797.478819001,4.0
1702.0,5243310.724285754,3.0
3352.0,5256510.51,4.0
3312.0,5256628.51,3.0
3352.0,5256664.74,4.0
3312.0,5256934.74,3.0
3352.0,5257050.8,4.0
3312.0,5257258.94161985,3.0
3352.0,5258317.62,4.0
3484.0,5258568.85,5.0
3392.0,5258577.269425082,4.0
4139.0,5258765.76,5.0
3952.0,5258779.635637974,4.0
5424.0,5258807.47,5.0
6416.0,5258841.42,6.0
7376.0,5258869.55,7.0
8336.0,5258892.83,8.0
9216.0,5258980.407984404,8.0
9216.0,5258995.322045075,8.0
8990.0,5259041.259800668,8.0
8816.0,5259084.00677412,7.0
9216.0,5261216.096152432,10.0
9216.0,5262004.407984404,10.0
9216.0,5264173.367717916,10.0
9216.0,5265644.096152432,10.0
7206.0,5267348.571191045,9.0
9216.0,5267348.693390808,15.0
9127.0,5267417.571191045,14.0
9216.0,5267535.386329346,14.0
9056.0,5267557.635881105,13.0
9216.0,5267565.693390808,13.0
9056.0,5267576.571191045,12.0
9194.0,5267708.372445425,12.0
9216.0,5267753.357936394,12.0
9216.0,5267879.357936394,12.0
9216.0,5268082.357936394,12.0
9216.0,5268124.157936394,12.0
8787.0,5268261.553010945,11.0
9216.0,5268301.83,12.0
9216.0,5268354.84,12.0
9216.0,5268369.610943498,12.0
9148.0,5268391.212844961,11.0
9216.0,5268477.3999999985,12.0
9176.0,5268598.3999999985,11.0
9216.0,5268657.82,12.0
9216.0,5268893.816152432,12.0
9176.0,5268775.82,11.0
9216.0,5268931.3599999985,12.0
9176.0,5269047.3599999985,11.0
9216.0,5269049.7,12.0
9216.0,5269111.850000001,12.0
9216.0,5269127.561459648,12.0
9216.0,5269132.779989709,12.0
9129.0,5269150.715318595,11.0
9216.0,5269296.08,12.0
9176.0,5269400.08,11.0
9216.0,5269475.53,12.0
9216.0,5269501.36,12.0
9163.0,5269578.135339467,11.0
9216.0,5269604.54,12.0
9176.0,5269744.547323953,11.0
9216.0,5270001.27,12.0
9216.0,5270027.829999999,12.0
9216.0,5270036.104723796,12.0
9174.0,5270059.408172287,11.0
9216.0,5270086.63,12.0
9196.0,5270133.63,11.0
9216.0,5271207.244988684,15.0
9196.0,5271253.98,14.0
9216.0,5271270.034988684,14.0
9216.0,5271341.853414918,14.0
9196.0,5271388.853414918,13.0
9216.0,5271392.25,14.0
9142.0,5271433.459308611,13.0
9122.0,5271439.25,12.0
9216.0,5271468.88,13.0
9216.0,5271513.117257407,13.0
9216.0,5271970.72,13.0
9202.0,5271431.672447583,12.0
7282.0,5272016.096152432,11.0
9216.0,5272321.51,12.0
9216.0,5272457.213188755,12.0
9216.0,5272570.474233138,12.0
9216.0,5272669.338399919,12.0
9196.0,5272702.474233138,11.0
9106.0,5273021.180640479,10.0
8210.0,5273061.060593798,9.0
9216.0,5273133.3999999985,10.0
9216.0,5273796.272098073,10.0
9216.0,5276460.272098073,10.0
9216.0,5277091.119999998,10.0
9216.0,5277524.556507228,18.0
9216.0,5277544.296507228,18.0
9216.0,5277546.156507228,18.0
9216.0,5277556.32731601,18.0
9216.0,5277561.943078703,18.0
9216.0,5277563.496507228,18.0
9189.0,5277565.884208034,17.0
9143.0,5277567.331600577,16.0
9216.0,5277576.459585512,16.0
9196.0,5277596.556507228,15.0
9216.0,5277614.156507228,15.0
8905.0,5277620.993896896,14.0
8785.0,5277642.556507228,13.0
9216.0,5277655.54,14.0
9216.0,5277684.03973733,14.0
9216.0,5277729.053798848,14.0
9216.0,5277777.410672913,14.0
9216.0,5277828.456286586,14.0
9216.0,5277835.960163658,14.0
9216.0,5277858.303807735,14.0
9216.0,5277886.463807736,14.0
9216.0,5277911.22710861,14.0
9180.0,5277928.390890571,13.0
9216.0,5277928.417232771,15.0
9199.0,5277935.787333115,14.0
9216.0,5277998.701135461,14.0
9216.0,5278008.6093470445,14.0
9216.0,5278023.254082969,14.0
9216.0,5278063.304082969,14.0
9216.0,5278071.299797759,14.0
9216.0,5278079.431486643,14.0
9163.0,5278092.252434649,13.0
9143.0,5278124.390890571,12.0
9216.0,5278199.681897733,12.0
8970.0,5278545.056481413,11.0
9216.0,5278545.102894982,15.0
9216.0,5278573.56804264,15.0
9216.0,5278589.454426015,15.0
9216.0,5278601.222894982,15.0
9178.0,5278612.092606596,14.0
9216.0,5278623.565831832,14.0
9216.0,5278639.899344024,14.0
9216.0,5278673.191149537,15.0
9109.0,5278700.275805528,14.0
9216.0,5278832.1499999985,15.0
9056.0,5278890.191149537,14.0
8959.0,5278977.3444844615,13.0
8879.0,5279060.1499999985,12.0
8738.0,5279092.7142940825,11.0
9216.0,5279296.78,12.0
8896.0,5279512.78,11.0
9216.0,5279563.962487608,11.0
9200.0,5279577.157964434,10.0
8744.0,5279735.557424094,9.0
9216.0,5280132.92,10.0
8768.0,5280427.144181277,9.0
9216.0,5280562.63,10.0
9216.0,5281075.962487608,10.0
9216.0,5281142.6311884485,10.0
9216.0,5281396.210603694,10.0
9216.0,5281423.610091432,10.0
8537.0,5281532.9831762565,9.0
9216.0,5281578.22,10.0
8576.0,5281662.610091432,9.0
9216.0,5281710.14,10.0
9216.0,5281749.199999999,10.0
9216.0,5281764.536910399,10.0
9216.0,5281793.654687178,10.0
9216.0,5281944.016656842,10.0
9216.0,5282011.856656842,10.0
9216.0,5282091.530874962,10.0
9216.0,5282160.746823401,10.0
9216.0,5282222.126823401,10.0
9216.0,5282275.627193546,10.0
8063.0,5282397.892931873,9.0
9216.0,5283141.8599999985,10.0
9216.0,5283169.139999999,10.0
9216.0,5283211.285970222,10.0
9216.0,5283495.815904834,10.0
4096.0,5284963.962487608,9.0
9216.0,5284964.1593305655,14.0
8976.0,5285172.967834671,13.0
3996.0,5285303.962487608,12.0
3616.0,5285328.773278796,11.0
9216.0,5285497.02,12.0
8550.0,5287062.249175366,12.0
4096.0,5287713.4571497645,11.0
6756.0,5288095.6499999985,12.0
6393.0,5291477.517318299,11.0
6180.0,5294333.81900677,10.0
5844.0,5299444.966154812,9.0
6004.0,5301122.75,10.0
6224.0,5310134.676200712,9.0
3485.0,5312890.242973801,8.0
2933.0,5314696.253497888,7.0
2105.0,5315224.63102171,6.0
1496.0,5319752.335994635,5.0
1106.0,5324601.224140217,4.0
717.0,5325111.224112513,3.0
2085.0,5326167.18,4.0
3897.0,5334418.97,5.0
3817.0,5334600.97,4.0
8937.0,5335367.63,5.0
8937.0,5335554.07,5.0
8190.0,5335664.973740294,4.0
8270.0,5335915.68,5.0
3662.0,5335992.019680888,4.0
3582.0,5336064.68,3.0
7582.0,5336794.5,4.0
3720.0,5337994.5,3.0
4680.0,5338195.18,4.0
5640.0,5338201.97,5.0
6280.0,5338863.51,6.0
5640.0,5339126.1242557075,5.0
9216.0,5339161.370568236,7.0
9216.0,5339232.669638659,7.0
9216.0,5339241.470568236,7.0
9216.0,5339273.666471147,7.0
7913.0,5339316.612936608,6.0
9216.0,5339317.47,7.0
8576.0,5339494.47,6.0
9216.0,5339509.53,7.0
8896.0,5339633.53,6.0
9216.0,5339644.3599999985,7.0
4916.0,5339683.19652321,6.0
9216.0,5339800.53,7.0
8848.0,5339807.300017954,6.0
5264.0,5339973.804488607,5.0
9216.0,5340150.760019887,7.0
9216.0,5340188.200019888,7.0
9216.0,5340236.230009943,7.0
9216.0,5340267.760019887,7.0
8732.0,5340309.055946001,6.0
9216.0,5340380.59,7.0
9216.0,5340588.7900198875,7.0
9216.0,5340451.31,7.0
9216.0,5340482.316978825,7.0
9216.0,5340490.770989074,7.0
9042.0,5340508.943439928,6.0
9216.0,5340642.49,7.0
9216.0,5340726.21,7.0
9216.0,5340753.365177786,7.0
9216.0,5340773.386398477,7.0
9116.0,5340790.159904622,6.0
9216.0,5340991.840099061,9.0
9216.0,5341024.840099061,9.0
9216.0,5341050.760019887,9.0
9216.0,5341054.00906538,9.0
9216.0,5341076.599456115,9.0
9216.0,5341083.903020326,9.0
9216.0,5341099.402064264,9.0
9197.0,5341125.325250689,9.0
9148.0,5341125.84223837,8.0
8937.0,5341130.518272328,7.0
9216.0,5341231.340938536,9.0
9196.0,5341560.530939352,8.0
9196.0,5344189.18,8.0
9216.0,5344200.760019887,10.0
9176.0,5344492.760019887,9.0
9176.0,5347273.97,9.0
9176.0,5348169.52,9.0
8492.0,5353339.729081538,8.0
9216.0,5353339.993974242,14.0
9216.0,5353388.953974242,14.0
9216.0,5353408.86732828,14.0
9216.0,5353427.282962135,14.0
9216.0,5353427.535605656,14.0
9018.0,5353450.907800717,13.0
8942.0,5353487.4858491765,12.0
8842.0,5353519.918935462,11.0
9216.0,5354395.18,11.0
9216.0,5354401.97,11.0
9216.0,5354468.18,11.0
9216.0,5354593.01,11.0
8076.0,5354731.027876222,10.0
7040.0,5354784.249864175,9.0
9216.0,5355251.947723988,9.0
9216.0,5355298.867723988,9.0
9216.0,5355317.083723988,9.0
9216.0,5355389.947723988,11.0
9216.0,5355726.947723988,11.0
9216.0,5359260.069529181,15.0
9216.0,5359333.347723989,15.0
9216.0,5359582.196446066,15.0
9216.0,5359628.831028127,15.0
9216.0,5359650.051224657,15.0
9216.0,5359703.043734759,15.0
9216.0,5360015.822103223,15.0
9216.0,5360967.522508306,15.0
9216.0,5361172.520938536,15.0
9216.0,5361371.33525259,16.0
9216.0,5362966.688017161,16.0
9216.0,5362601.58525259,16.0
7777.0,5364260.575634786,15.0
9216.0,5364644.988688655,15.0
9216.0,5364894.157386535,15.0
8439.0,5365584.29877702,14.0
9216.0,5366731.6099999985,15.0
9216.0,5367202.6099999985,15.0
9216.0,5370240.014716845,15.0
9216.0,5368449.029999998,15.0
9216.0,5370452.735288602,15.0
8989.0,5371166.4635008015,14.0
9216.0,5371941.554954452,14.0
9216.0,5373087.403734759,14.0
9216.0,5373248.4659608705,14.0
9216.0,5374849.345625213,15.0
9216.0,5375010.345625213,15.0
9216.0,5375059.485625213,15.0
9216.0,5375210.022368462,15.0
8516.0,5375292.930225514,14.0
9216.0,5377108.67,15.0
9216.0,5377178.306030707,15.0
9009.0,5378864.498443855,14.0
9216.0,5380353.909723256,14.0
9216.0,5381911.905497927,14.0
9216.0,5381966.465497927,14.0
9216.0,5382035.905497927,14.0
9216.0,5382161.905497927,14.0
9216.0,5382635.905497927,14.0
9216.0,5383235.905497927,14.0
9141.0,5385989.291267352,13.0
9098.0,5386663.322343365,12.0
9216.0,5387195.905497927,12.0
9216.0,5388539.716759066,12.0
9216.0,5389423.8189127715,12.0
9216.0,5391470.497932625,12.0
9132.0,5392903.113071456,11.0
8899.0,5394989.772346874,10.0
9216.0,5395003.8189127715,10.0
9216.0,5397763.427969919,10.0
9216.0,5403144.732368462,10.0
9216.0,5404859.565545439,10.0
8992.0,5406626.01462905,9.0
9216.0,5409719.565545439,9.0
9216.0,5411624.774783742,9.0
9216.0,5413640.468470373,9.0
9216.0,5415896.349637577,9.0
9216.0,5416757.586295697,9.0
9216.0,5419521.822857776,10.0
8866.0,5419702.966739151,9.0
9216.0,5420035.505522028,9.0
9216.0,5422865.761241205,9.0
4096.0,5432121.822857776,8.0
9216.0,5432122.336936093,15.0
9216.0,5432221.456936093,15.0
9136.0,5432226.1709548095,14.0
9026.0,5432284.0194157595,13.0
9012.0,5432437.501919546,12.0
8772.0,5434883.704519253,11.0
8532.0,5435828.865159669,10.0
9216.0,5435845.08,11.0
8375.0,5437953.055187432,10.0
9216.0,5437953.068518435,15.0
9216.0,5438031.903719273,15.0
9216.0,5438095.972454971,15.0
9216.0,5438145.322233037,15.0
9216.0,5438190.934919064,15.0
9017.0,5438245.436124859,14.0
8776.0,5438669.109397257,13.0
9216.0,5438669.22033957,15.0
9015.0,5438801.191065767,14.0
8695.0,5438858.109397257,13.0
9216.0,5438893.79,14.0
8896.0,5439075.79,13.0
8656.0,5439125.055187432,12.0
9216.0,5439262.39,13.0
9136.0,5439729.39,12.0
9216.0,5439787.202287907,14.0
9136.0,5439938.16,13.0
8736.0,5439971.202287907,12.0
9216.0,5439971.634929052,15.0
9216.0,5440013.119748,15.0
9216.0,5440072.05977749,15.0
9216.0,5440186.5544075975,16.0
9216.0,5440290.8104988,16.0
9216.0,5441806.5544075975,16.0
9216.0,5442328.8104988,16.0
9216.0,5442932.635337457,16.0
9216.0,5443180.465812133,16.0
9103.0,5443222.010895274,15.0
9216.0,5443222.754449989,24.0
9216.0,5443261.916398892,24.0
9216.0,5443275.227285914,24.0
9216.0,5443308.109882279,24.0
9216.0,5443312.614557193,24.0
9216.0,5443321.222054736,24.0
9147.0,5443331.1199485455,23.0
9094.0,5443355.160731632,22.0
8937.0,5443400.991054202,21.0
8665.0,5443437.115943239,20.0
8609.0,5443463.242282298,19.0
9216.0,5443623.712919936,20.0
9216.0,5443708.992919936,20.0
9216.0,5443777.716119936,20.0
8576.0,5443831.712919936,19.0
9216.0,5443980.47,20.0
9216.0,5444031.95,20.0
9216.0,5444106.659537594,20.0
9181.0,5444116.62093621,19.0
9141.0,5444198.659537594,18.0
9216.0,5444210.3599999985,19.0
8767.0,5444226.864280691,18.0
9216.0,5444261.77,19.0
9188.0,5444697.029222361,18.0
9160.0,5445088.658269747,17.0
9216.0,5445088.946978159,21.0
8896.0,5445183.834396898,20.0
9216.0,5445183.96014127,22.0
9216.0,5445221.46014127,22.0
9216.0,5445241.107755828,22.0
8992.0,5445246.592158339,21.0
9216.0,5445323.507503921,22.0
8992.0,5445358.211175767,21.0
9184.0,5445421.008047646,21.0
9216.0,5445430.4290143885,21.0
9216.0,5445471.8796937065,22.0
9216.0,5445911.966549728,22.0
9216.0,5445967.447503922,22.0
8960.0,5446154.446884775,21.0
9025.0,5446533.1911684675,20.0
9071.0,5446749.389980712,19.0
9216.0,5446846.459654756,19.0
9216.0,5447157.902760088,20.0
9008.0,5447165.871940152,19.0
8768.0,5447204.459654756,18.0
9216.0,5447204.483442995,20.0
9216.0,5447260.562760089,20.0
9155.0,5447295.770359463,20.0
8835.0,5447334.902760088,19.0
8767.0,5447408.4119544765,18.0
8364.0,5447439.091132337,17.0
9216.0,5447556.610902986,17.0
9216.0,5454173.594444013,21.0
9216.0,5455048.0439097,21.0
9216.0,5454211.294444013,21.0
9216.0,5454247.3480161,21.0
8741.0,5454276.408579404,20.0
8501.0,5454570.594444013,19.0
8261.0,5454753.594444013,18.0
8144.0,5460761.984982488,17.0
9216.0,5460967.1099999985,18.0
9216.0,5460996.229999999,18.0
9216.0,5461030.018732865,18.0
9216.0,5461052.567696375,18.0
9216.0,5461089.551845581,18.0
9216.0,5461242.456464372,18.0
8784.0,5461309.62549809,17.0
8372.0,5462215.7623537285,16.0
7102.0,5462484.237112572,15.0
9216.0,5463058.43,16.0
9216.0,5463667.719712275,16.0
8896.0,5463252.43,15.0
9216.0,5464171.02,16.0
8992.0,5465025.070335069,15.0
9043.0,5465407.254145459,15.0
8653.0,5466267.480359364,15.0
9216.0,5467955.96,16.0
8940.0,5468127.819814976,15.0
8885.0,5470350.569739726,14.0
9216.0,5471559.716565937,14.0
9124.0,5471693.385556518,13.0
9123.0,5473665.66132838,12.0
6539.0,5474943.475734218,11.0
6300.0,5487521.738072,10.0
9216.0,5488258.0975604,12.0
8793.0,5492564.461150868,11.0
8793.0,5492938.0975604,11.0
9216.0,5495374.95,12.0
8855.0,5497970.793299363,11.0
8680.0,5501185.316554085,10.0
9216.0,5501185.411802285,13.0
8756.0,5501296.606153961,12.0
9216.0,5501972.89,13.0
9215.0,5502478.89,12.0
9216.0,5503316.560902986,12.0
9216.0,5503516.664507654,12.0
9124.0,5503915.248041257,11.0
8677.0,5504005.958496171,10.0
9216.0,5504745.1499999985,11.0
8848.0,5504868.109617187,10.0
9216.0,5505132.18,11.0
9216.0,5505699.384507653,11.0
8896.0,5505292.18,10.0
9216.0,5505734.55,11.0
9168.0,5505999.55,10.0
5328.0,5506258.0975604,9.0
9216.0,5506258.122626183,11.0
9216.0,5506412.065689452,11.0
9216.0,5506951.775198863,11.0
9216.0,5507585.322626183,11.0
9216.0,5507619.139127539,13.0
9216.0,5507712.79,13.0
9216.0,5507765.059127538,13.0
9216.0,5507770.0991275385,13.0
9216.0,5507822.193072043,13.0
9216.0,5507833.213886041,13.0
9178.0,5507864.276220045,12.0
9100.0,5507888.5934718745,11.0
9216.0,5507913.17,12.0
9200.0,5507922.139127539,11.0
9216.0,5508160.5904502375,11.0
9216.0,5510327.05,11.0
9216.0,5511172.86464735,11.0
9213.0,5511229.736037401,10.0
9216.0,5511696.540450238,10.0
9019.0,5512644.904953982,9.0
9216.0,5512645.079752331,13.0
9216.0,5512681.487082262,13.0
9216.0,5512760.079752331,13.0
9216.0,5513098.197106645,17.0
9216.0,5513623.583588987,17.0
9216.0,5513680.057011294,17.0
9216.0,5516558.037997284,17.0
9216.0,5516876.650882917,17.0
8591.0,5519612.266054899,16.0
9216.0,5519612.323822825,29.0
9216.0,5519622.181691561,29.0
9216.0,5519628.31226924,29.0
9216.0,5519628.876626438,29.0
9213.0,5519637.939742138,28.0
9216.0,5519647.71226924,28.0
9212.0,5519653.019873943,27.0
9212.0,5519659.266054899,26.0
9211.0,5519660.266054899,25.0
9208.0,5519668.768048567,24.0
9216.0,5519684.126385407,26.0
9216.0,5519693.995044472,26.0
9214.0,5519697.266054899,24.0
9213.0,5519699.266054899,23.0
9211.0,5519701.266054899,22.0
9210.0,5519702.266054899,21.0
9209.0,5519726.157757342,20.0
9216.0,5519789.266054899,20.0
9216.0,5519837.566054899,20.0
9216.0,5519878.362550343,20.0
9216.0,5519881.519054899,20.0
9216.0,5519982.212470502,20.0
9216.0,5520152.212470502,20.0
9216.0,5520231.136248335,20.0
9216.0,5520469.732470501,20.0
9216.0,5520644.721270502,20.0
9216.0,5520745.988982501,20.0
8896.0,5521034.212470502,19.0
9216.0,5521034.240628188,23.0
9216.0,5521054.071617728,23.0
9216.0,5521054.868520383,23.0
9216.0,5521067.135282088,23.0
9214.0,5521069.680067026,22.0
9213.0,5521095.767604314,21.0
9216.0,5521096.212470502,22.0
9216.0,5521213.212470502,22.0
9048.0,5521307.579530179,21.0
9216.0,5521307.613544701,23.0
9216.0,5526090.97,24.0
9216.0,5526397.139594816,24.0
9136.0,5526596.97,23.0
9216.0,5527092.697477972,33.0
9216.0,5527161.137477973,33.0
9216.0,5527187.42324925,33.0
9132.0,5527218.286636714,33.0
8545.0,5527222.954241023,32.0
9216.0,5527223.101419299,35.0
9076.0,5527230.612477491,34.0
9216.0,5527234.697477972,34.0
9161.0,5527265.825074527,34.0
9161.0,5527294.747651101,34.0
8937.0,5527297.241937022,33.0
8713.0,5527317.481676377,32.0
9216.0,5527346.165565009,32.0
8951.0,5527428.48277939,31.0
8977.0,5527433.143995241,30.0
9216.0,5527470.31,31.0
9216.0,5527544.887407786,31.0
8727.0,5527545.504472113,30.0
9216.0,5527620.815862107,30.0
9216.0,5527785.3658074895,30.0
8896.0,5527823.101419299,29.0
9216.0,5527953.665807489,29.0
9216.0,5528037.773540605,29.0
8896.0,5528070.31,28.0
7577.0,5528161.347153825,27.0
9216.0,5528632.37,28.0
9216.0,5529050.682022313,28.0
9216.0,5528992.37,28.0
8707.0,5529159.955789503,27.0
8637.0,5529174.1107616965,26.0
9216.0,5529310.3999999985,27.0
8896.0,5529910.3999999985,26.0
9216.0,5530296.920888901,28.0
9216.0,5530528.200888901,28.0
9176.0,5530559.89,27.0
9216.0,5530618.5556205,27.0
9216.0,5530751.349858745,28.0
8802.0,5531032.349858745,27.0
9216.0,5531233.91,28.0
8932.0,5531420.353910064,27.0
9216.0,5531496.91,27.0
9216.0,5531700.91,27.0
9216.0,5532024.626390476,27.0
9216.0,5532336.626390476,27.0
9216.0,5532638.626390476,27.0
9216.0,5533076.123822825,27.0
9216.0,5532956.626390476,27.0
8983.0,5533184.993075807,26.0
8557.0,5533212.862998833,25.0
9216.0,5533293.22,26.0
9216.0,5533647.045613564,26.0
8765.0,5533852.7392487,25.0
8555.0,5534119.780636351,24.0
9216.0,5536424.38,25.0
9216.0,5538137.834496568,25.0
8834.0,5539140.525094587,24.0
9216.0,5539141.196340476,33.0
9058.0,5540135.112387445,32.0
8658.0,5540244.590552445,31.0
9216.0,5540884.44,32.0
8940.0,5541232.4651038535,31.0
8806.0,5542841.876295115,30.0
9216.0,5545497.76,31.0
8957.0,5546430.646260213,30.0
8939.0,5548277.014213456,29.0
8902.0,5550469.686427913,28.0
8799.0,5550592.604212779,27.0
8792.0,5552246.251648634,26.0
7210.0,5552738.507720625,25.0
6947.0,5552797.812508797,24.0
6408.0,5552862.7894913,23.0
6369.0,5555071.815920233,22.0
6156.0,5555112.790753099,21.0
6119.0,5555791.0996885365,20.0
9216.0,5555970.85,21.0
8657.0,5555999.975374435,20.0
8381.0,5556065.565785428,19.0
9216.0,5556538.3,20.0
8940.0,5557628.480745983,19.0
9216.0,5557628.503360164,22.0
8940.0,5557699.816673333,21.0
8516.0,5558172.345957399,20.0
8275.0,5558933.933948547,19.0
8041.0,5559038.954738749,18.0
7807.0,5559092.102707838,17.0
7531.0,5559332.3881188985,16.0
7171.0,5559817.336901193,15.0
6895.0,5560281.860421601,14.0
8239.0,5560773.32,15.0
8359.0,5560992.54,16.0
8083.0,5562027.906506249,15.0
7962.0,5562409.078299256,14.0
8238.0,5562529.99,15.0
8514.0,5563225.48,16.0
8634.0,5563441.79,17.0
9216.0,5567731.178212118,19.0
8940.0,5568560.913110687,18.0
8714.0,5568708.564807237,17.0
8480.0,5568943.759033777,16.0
8250.0,5569494.585355719,15.0
7974.0,5573152.521799535,14.0
7746.0,5573177.423784929,13.0
9216.0,5574061.35,14.0
8940.0,5575163.466019906,13.0
9216.0,5576527.09,14.0
9216.0,5578247.913978914,16.0
7928.0,5578563.815703273,15.0
7837.0,5580921.893061537,14.0
7377.0,5581275.92049952,13.0
6825.0,5581349.269838231,12.0
6549.0,5581630.95030425,11.0
6273.0,5582283.737155077,10.0
7622.0,5583994.1499999985,11.0
7768.0,5584022.28,12.0
7722.0,5584143.768285419,11.0
7998.0,5584210.46,12.0
8038.0,5584219.19,13.0
7998.0,5584428.469492953,12.0
8078.0,5584474.3,13.0
7833.0,5584495.7814006,12.0
7732.0,5584683.3,11.0
7892.0,5584816.71,12.0
8420.0,5585005.8599999985,13.0
8052.0,5585010.061847099,12.0
7732.0,5585160.8599999985,11.0
8372.0,5585262.91,12.0
9012.0,5585470.91,12.0
7732.0,5585721.91,11.0
9216.0,5587681.160089034,13.0
8856.0,5587835.12,12.0
9216.0,5587855.040089034,12.0
9216.0,5587895.693523318,12.0
9216.0,5587988.00140464,12.0
9216.0,5588454.363985942,13.0
9216.0,5588522.113985942,15.0
9216.0,5589052.618418062,16.0
8492.0,5589323.618418062,16.0
8714.0,5590369.96,17.0
8860.0,5590628.95,18.0
8742.0,5590713.841602627,17.0
8900.0,5590814.22,18.0
8812.0,5590998.314707954,17.0
8682.0,5591073.516064107,16.0
8762.0,5591135.29,17.0
8946.0,5591280.79,18.0
8762.0,5591345.032289329,17.0
8946.0,5591380.7,18.0
8705.0,5591499.423383189,17.0
8849.0,5591721.17,18.0
8665.0,5591739.594428531,17.0
8745.0,5591800.71,18.0
8553.0,5591818.137897679,17.0
8521.0,5591963.837502547,16.0
8339.0,5592004.921526511,15.0
8379.0,5592136.33,16.0
8169.0,5592182.4277188275,15.0
8056.0,5592262.289271836,14.0
8001.0,5592387.194684582,13.0
8081.0,5592442.85,14.0
8161.0,5592508.81,15.0
8409.0,5592654.31,16.0
8225.0,5592712.187628241,15.0
8165.0,5592873.913707235,14.0
8677.0,5592897.78,15.0
8558.0,5592903.627581807,14.0
8618.0,5592911.3599999985,15.0
8698.0,5592923.0,16.0
9071.0,5593005.45,17.0
8919.0,5593038.0277388785,16.0
8370.0,5593259.157450584,16.0
8186.0,5593282.106019514,15.0
8370.0,5593299.3599999985,16.0
8450.0,5593321.67,17.0
8266.0,5593342.559307886,16.0
8026.0,5593389.5770504745,15.0
7910.0,5593431.481280034,14.0
8310.0,5593643.71,15.0
8670.0,5593650.5,16.0
9138.0,5593699.97,17.0
9018.0,5593699.995712066,16.0
9216.0,5593744.418446762,16.0
9216.0,5593751.89,16.0
8704.0,5593772.804490189,15.0
8244.0,5593800.617708029,14.0
7570.0,5593831.203891967,13.0
7910.0,5593839.6499999985,14.0
7830.0,5594109.6499999985,13.0
8150.0,5594254.81,14.0
7842.0,5594762.719056034,13.0
8162.0,5595014.32,14.0
8074.0,5595149.488185443,13.0
8550.0,5595369.34,14.0
8468.0,5595956.334455397,13.0
8626.0,5596302.48,14.0
8986.0,5596319.94,15.0
8906.0,5596387.382208013,14.0
9216.0,5596387.401882316,16.0
8856.0,5596514.401882316,15.0
8604.0,5596567.717734529,14.0
8926.0,5596587.66,15.0
8946.0,5596594.45,16.0
9066.0,5596667.2,17.0
9073.0,5596805.747185347,16.0
9216.0,5596808.82,17.0
9169.0,5596826.053437462,16.0
9216.0,5596997.0,17.0
9216.0,5597008.75,17.0
9186.0,5597034.04311081,16.0
8766.0,5597796.659984476,17.0
9216.0,5597912.480346027,17.0
9216.0,5598214.430346027,17.0
9216.0,5598308.466123053,18.0
9196.0,5598606.316422648,17.0
9216.0,5598694.823081714,18.0
8896.0,5598865.823081714,17.0
8747.0,5599153.880702357,16.0
9002.0,5599336.64,17.0
9109.0,5599419.09,18.0
8922.0,5599422.242753249,17.0
8968.0,5599459.83,18.0
8922.0,5599488.604145993,17.0
8902.0,5599749.83,16.0
9002.0,5599750.83,17.0
9216.0,5599751.8,18.0
9002.0,5599819.754235098,17.0
8902.0,5599874.454340909,16.0
9126.0,5599896.33,17.0
9216.0,5599915.73,18.0
9216.0,5599976.210000001,18.0
9216.0,5599984.308474614,18.0
9216.0,5600012.947077904,18.0
9196.0,5600108.947077904,17.0
8886.0,5600124.555312044,16.0
8922.0,5600180.54,17.0
8902.0,5600356.941414087,16.0
8922.0,5600382.3,17.0
8902.0,5600452.3,16.0
9216.0,5600701.460675192,18.0
9216.0,5600749.340675192,18.0
9216.0,5600785.155333033,18.0
9078.0,5600820.083852713,17.0
9130.0,5600871.796829103,17.0
9216.0,5600931.526829103,17.0
9216.0,5600999.233983917,17.0
9216.0,5601024.4208041355,17.0
9170.0,5601045.804449496,16.0
9084.0,5601102.113097168,16.0
9084.0,5601283.113097168,16.0
8764.0,5601434.113097168,15.0
9084.0,5601669.49,16.0
8764.0,5601804.49,15.0
9084.0,5601811.1099999985,16.0
8764.0,5601990.1099999985,15.0
9084.0,5602013.84,16.0
9104.0,5602037.12,17.0
9124.0,5602046.82,18.0
9216.0,5602069.84,18.0
9216.0,5602103.12,18.0
9216.0,5602115.747611516,18.0
9216.0,5602118.954132428,18.0
9124.0,5602131.404935908,17.0
9104.0,5602140.82,16.0
9084.0,5602201.835678486,16.0
9149.0,5603220.52,17.0
9216.0,5603426.208163561,19.0
9196.0,5603608.16,18.0
9075.0,5603621.411450972,17.0
9216.0,5603650.23,18.0
8995.0,5603658.281453952,17.0
8955.0,5603773.23,16.0
9216.0,5604592.1,17.0
9216.0,5604654.83,17.0
9216.0,5604678.303351865,17.0
9216.0,5604696.58171532,17.0
8760.0,5604724.693631248,16.0
8070.0,5605240.70011841,15.0
8399.0,5605244.91,16.0
8445.0,5605276.92,17.0
8399.0,5605285.628130706,16.0
8443.0,5605317.66,17.0
8399.0,5605322.230302287,16.0
8379.0,5605381.327926971,15.0
8439.0,5605946.22,16.0
8479.0,5606107.24,17.0
8439.0,5606199.24,16.0
8479.0,5606256.62,17.0
8439.0,5606380.62,16.0
8479.0,5606598.06,17.0
8439.0,5606715.06,16.0
8479.0,5606761.02,17.0
8439.0,5606880.02,16.0
8479.0,5607047.17,17.0
8439.0,5607164.17,16.0
8479.0,5607226.62,17.0
8439.0,5607346.62,16.0
8559.0,5607540.8999999985,17.0
8657.0,5607997.77,18.0
8617.0,5608112.756567743,17.0
8657.0,5608406.14,18.0
8617.0,5608484.571991908,17.0
8657.0,5608772.8,18.0
8617.0,5608850.989825076,17.0
8657.0,5608950.31,18.0
8617.0,5609043.31,17.0
8341.0,5609068.994881509,16.0
9058.0,5609139.46,17.0
8400.0,5609292.654046232,16.0
8560.0,5609431.43,17.0
8400.0,5609556.43,16.0
8440.0,5609889.27,17.0
8400.0,5609991.338911984,16.0
8440.0,5610039.62,17.0
8400.0,5610139.790418986,16.0
8560.0,5610153.1099999985,17.0
8400.0,5610446.474552995,16.0
8560.0,5610464.48,17.0
8808.0,5610486.79,18.0
8440.0,5610638.370540291,17.0
8512.0,5610665.27,18.0
8434.0,5610771.74568391,17.0
8620.0,5610804.95,18.0
8574.0,5610829.918360713,17.0
8594.0,5610908.74,18.0
8626.0,5610982.837204779,17.0
8350.0,5610998.38222518,16.0
8138.0,5611197.80230862,15.0
8298.0,5611304.5,16.0
8206.0,5611483.472794404,15.0
8046.0,5611612.5,14.0
7789.0,5612371.683215868,13.0
8705.0,5612500.166429746,13.0
5066.0,5612744.011493583,12.0
5226.0,5612859.41,13.0
4950.0,5613061.846238049,12.0
4778.0,5613160.41,11.0
4818.0,5613521.92,12.0
4778.0,5613628.782749018,11.0
4818.0,5613851.72,12.0
4764.0,5614072.198659834,11.0
4840.0,5614305.68,12.0
4932.0,5614420.14,13.0
4840.0,5614457.30501536,12.0
4785.0,5614524.133063688,11.0
4705.0,5614546.765370096,10.0
4745.0,5614594.74,11.0
4705.0,5614716.74,10.0
4745.0,5614815.8999999985,11.0
4755.0,5614935.8999999985,10.0
4861.0,5616304.85,11.0
4493.0,5618049.735997487,10.0
4681.0,5618291.41,11.0
4634.0,5621355.318312237,10.0
4419.0,5622265.725841857,9.0
4496.0,5625154.872567381,8.0
4340.0,5625380.072009483,7.0
4174.0,5625711.416163989,6.0
4294.0,5627179.52,7.0
4570.0,5627455.0,8.0
4294.0,5627477.833037354,7.0
4391.0,5627858.52,8.0
4294.0,5627916.926357529,7.0
4174.0,5628384.509159592,6.0
4294.0,5628451.19,7.0
4174.0,5628668.420970128,6.0
4069.0,5632812.988383293,5.0
3493.0,5633247.3867114065,4.0
8505.0,5639141.8389133485,4.0
8505.0,5639276.8389133485,4.0
8505.0,5639328.5889133485,4.0
8505.0,5639391.8389133485,4.0
8505.0,5639438.038913349,4.0
7737.0,5639783.456887906,4.0
825.0,5640185.606435576,3.0
1125.0,5645594.97,4.0
1027.0,5645741.313359878,3.0
762.0,5652126.612090765,2.0
763.0,5657280.56,3.0
923.0,5659499.92,4.0
764.0,5659620.425427022,3.0
202.0,5670455.7058214955,2.0
298.0,5676930.5087461015,1.0
418.0,5678029.83,2.0
298.0,5678223.423283606,1.0
7978.0,5710664.51,2.0
9216.0,5716735.74,3.0
9216.0,5716891.74,3.0
9216.0,5717007.567861671,3.0
8929.0,5717204.273099663,2.0
9216.0,5717504.95,3.0
9056.0,5717800.95,2.0
618.0,5720821.733981773,2.0
320.0,5725311.2795311175,1.0
836.0,5753627.75,2.0
736.0,5753741.75,1.0
796.0,5755282.57,2.0
89.0,5759708.926960471,1.0
409.0,5761470.2,2.0
320.0,5763137.617243109,1.0
756.0,5767579.26,2.0
736.0,5767652.789499982,1.0
0.0,5786424.47537221,0.0
320.0,5834292.95,1.0
776.0,5835892.48,2.0
736.0,5835991.48,1.0
756.0,5836868.3,2.0
736.0,5837085.3,1.0
776.0,5841182.8599999985,2.0
736.0,5841301.8599999985,1.0
776.0,5842226.58,2.0
736.0,5842334.628755872,1.0
856.0,5842385.66,2.0
896.0,5842485.57,3.0
776.0,5842595.467214891,2.0
868.0,5842669.87,3.0
940.0,5842711.58,4.0
1020.0,5842733.89,5.0
928.0,5842753.600637148,4.0
1052.0,5842820.22,5.0
1158.0,5842843.5,6.0
974.0,5842850.693975296,5.0
954.0,5842933.398506611,4.0
848.0,5842969.906002721,3.0
767.0,5843396.164687318,2.0
847.0,5843510.8599999985,3.0
816.0,5843579.02308138,2.0
736.0,5843645.8599999985,1.0
776.0,5843771.79,2.0
908.0,5843892.07,3.0
828.0,5844085.399007355,2.0
928.0,5845150.16,3.0
948.0,5845182.17,4.0
947.0,5845268.17,3.0
828.0,5845280.51563619,2.0
736.0,5845892.137101991,1.0
756.0,5846361.69,2.0
776.0,5846372.3599999985,3.0
768.0,5846418.107736762,2.0
736.0,5846420.238736421,1.0
5856.0,5846550.84,2.0
5856.0,5846614.84,2.0
5120.0,5846635.781107856,1.0
7117.0,5847099.361942829,1.0
5120.0,5847584.590357115,1.0
4643.0,5848061.13,2.0
5043.0,5848081.5,3.0
4863.0,5848174.952550529,2.0
4403.0,5848205.576148244,1.0
7613.0,5848458.83,2.0
7633.0,5848480.17,3.0
5420.0,5848561.355370317,3.0
5140.0,5848599.636459745,2.0
5120.0,5848680.926856628,1.0
7271.0,5848883.7646354865,1.0
7291.0,5848885.63,2.0
7271.0,5849060.59126767,1.0
7511.0,5849130.07,2.0
240.0,5849178.378533242,1.0
0.0,5849248.07,0.0
20.0,5849352.2,1.0
0.0,5849426.948853035,0.0
20.0,5849498.67,1.0
0.0,5849742.67,0.0
240.0,5850672.37,1.0
952.0,5850746.09,2.0
1872.0,5850799.44,3.0
952.0,5850821.600861172,2.0
992.0,5850945.91,3.0
1171.0,5851022.54,4.0
1112.0,5851099.261650259,3.0
8792.0,5851570.59,4.0
9216.0,5851647.22,5.0
9216.0,5851733.41,5.0
9216.0,5851754.830543681,5.0
9075.0,5851796.136052608,4.0
9216.0,5852168.1099999985,5.0
9216.0,5853110.54,5.0
8971.0,5854228.669613816,4.0
8419.0,5854229.5631964,3.0
9216.0,5854878.29,4.0
9056.0,5855177.29,3.0
9216.0,5855441.748587679,3.0
9216.0,5855876.413177486,4.0
9216.0,5855895.413177486,4.0
9188.0,5855952.856483608,3.0
9168.0,5855996.413177486,2.0
9216.0,5856141.256175832,4.0
9196.0,5856272.23,3.0
9216.0,5857976.306175832,3.0
9216.0,5858260.515481634,3.0
9097.0,5859143.302616925,2.0
9216.0,5859569.21,3.0
8860.0,5861029.939092483,7.0
9076.0,5861101.859092483,7.0
9076.0,5861119.045492483,7.0
9076.0,5861127.419956483,7.0
3956.0,5861153.939092483,6.0
9216.0,5861190.019092483,7.0
9216.0,5861235.8776889965,7.0
8512.0,5861284.632875838,6.0
9216.0,5861403.490337376,6.0
7910.0,5861450.643154453,5.0
7830.0,5861509.939092483,4.0
6192.0,5861547.45593707,3.0
9216.0,5861576.14,4.0
9216.0,5861604.81,4.0
9176.0,5861766.14,3.0
8288.0,5862485.430623226,3.0
8288.0,5862548.670623226,3.0
8176.0,5862572.827253635,2.0
8176.0,5862585.126623226,2.0
8656.0,5862609.430623226,2.0
8816.0,5862736.430623226,2.0
7524.0,5862827.44,3.0
7524.0,5862898.183876163,3.0
7504.0,5862908.44,2.0
7524.0,5863041.81,3.0
7504.0,5863120.491213988,2.0
7564.0,5863146.57,3.0
7584.0,5863287.22,4.0
9134.0,5863288.359177131,4.0
9132.0,5863349.359177131,4.0
9114.0,5863370.215854593,3.0
9014.0,5863410.359177131,4.0
9216.0,5863597.862223591,4.0
9216.0,5863726.862223591,4.0
6966.0,5864009.825369369,7.0
7005.0,5864078.793204758,6.0
7025.0,5864085.53,7.0
6987.0,5864086.141169326,6.0
6993.0,5864098.825369369,5.0
6846.0,5864130.543046934,4.0
6826.0,5864133.53,3.0
6846.0,5864149.55,4.0
6941.0,5864226.18,5.0
6906.0,5864231.210282541,4.0
6826.0,5864314.18,3.0
7186.0,5864370.71,4.0
7206.0,5864460.92,5.0
7186.0,5864507.92,4.0
7206.0,5864601.57,5.0
1134.0,5864605.003985441,4.0
1240.0,5864647.16,5.0
1194.0,5864671.678101582,4.0
1378.0,5864722.82,5.0
1194.0,5864763.987562944,4.0
1214.0,5864784.8999999985,5.0
1372.0,5864836.31,6.0
1365.0,5864870.550255873,5.0
1194.0,5864883.483418259,4.0
7185.0,5864932.34,5.0
7047.0,5864958.014324215,4.0
6976.0,5864980.302072802,3.0
5216.0,5865055.34,3.0
9216.0,5865065.23,4.0
7208.0,5865135.219269181,5.0
9216.0,5865163.2,6.0
9170.0,5865184.651693713,5.0
9216.0,5865287.717790815,5.0
9078.0,5865322.501728171,4.0
9216.0,5865344.59,5.0
9216.0,5865381.42,5.0
9038.0,5865391.9107206175,4.0
9216.0,5865391.923273707,6.0
9216.0,5865403.145039122,6.0
9216.0,5865417.378503533,6.0
9143.0,5865439.103885871,5.0
9216.0,5865439.149919369,8.0
9186.0,5865446.814666761,7.0
9216.0,5865460.243273707,7.0
9216.0,5865492.773700044,8.0
9216.0,5865493.739919369,8.0
9202.0,5865503.431412328,7.0
9216.0,5865519.513185341,7.0
9216.0,5865541.973700044,7.0
9188.0,5865578.515614089,6.0
9216.0,5865578.524886772,8.0
9216.0,5865585.191203536,8.0
9216.0,5865593.661532456,8.0
9134.0,5865615.154736531,7.0
7924.0,5865629.943264387,6.0
9216.0,5865700.58,7.0
9202.0,5865707.637174174,6.0
9216.0,5865778.518591297,7.0
9216.0,5865834.4085912965,7.0
9216.0,5865836.945171876,7.0
9216.0,5865844.03100977,7.0
9216.0,5865847.648303938,7.0
9181.0,5865858.937316253,6.0
9168.0,5865892.03100977,5.0
9216.0,5865913.01,6.0
9178.0,5865935.927655448,5.0
9162.0,5865984.046224174,4.0
9216.0,5866021.679095208,6.0
9196.0,5866068.6499999985,5.0
9216.0,5866121.56,6.0
9136.0,5866187.679095208,5.0
9216.0,5866221.571588068,8.0
9216.0,5866248.339739401,8.0
9216.0,5866258.218330791,8.0
9216.0,5866278.7644827645,8.0
9216.0,5866317.624482765,8.0
9104.0,5866331.6733033005,7.0
9096.0,5866335.844576245,6.0
8840.0,5866336.500548235,5.0
8584.0,5866359.571588068,4.0
9216.0,5866407.71,5.0
9216.0,5866435.77,5.0
9216.0,5866476.210729124,5.0
9061.0,5866514.330527421,4.0
9216.0,5866698.71,5.0
9216.0,5866824.71,5.0
9188.0,5866916.453688204,4.0
9216.0,5867203.312349297,8.0
9216.0,5867265.590939718,8.0
9214.0,5867289.484325353,7.0
9134.0,5867337.159580929,6.0
9216.0,5867349.58,7.0
8975.0,5867388.416537747,6.0
8974.0,5867439.58,5.0
8814.0,5867479.312349297,4.0
9216.0,5867564.92,5.0
9216.0,5867747.28,6.0
9216.0,5867790.857752641,6.0
9208.0,5867837.28,5.0
8798.0,5867936.074086442,4.0
9216.0,5867949.04,5.0
9216.0,5869734.11,5.0
9132.0,5871121.566780271,4.0
9216.0,5871121.759265871,12.0
9216.0,5871200.644774649,12.0
9202.0,5871202.962680737,11.0
9188.0,5871215.645493108,10.0
9216.0,5871245.342329629,10.0
9216.0,5871269.839961732,10.0
9216.0,5871285.176919038,10.0
9216.0,5871290.417972699,10.0
9210.0,5871315.730119834,9.0
8851.0,5871327.15885398,8.0
8071.0,5871374.679844455,7.0
9216.0,5871456.4207598,7.0
9184.0,5871578.304186893,6.0
9216.0,5871619.866162133,6.0
9191.0,5871738.672070965,5.0
9131.0,5875336.866162133,4.0
9216.0,5875544.14,5.0
9216.0,5875774.34,5.0
9156.0,5879373.14,4.0
9216.0,5879379.52,5.0
9216.0,5880891.119999999,5.0
9127.0,5882438.89325258,4.0
8511.0,5882946.409115869,3.0
9216.0,5882946.432881176,5.0
9216.0,5892369.80547222,5.0
7245.0,5893417.724134943,8.0
9171.0,5893626.936603368,8.0
7467.0,5893750.636113509,8.0
7467.0,5893796.206113509,8.0
7099.0,5893839.764588127,7.0
7099.0,5893846.921113509,7.0
7475.0,5893897.636113509,7.0
7315.0,5895296.179829982,6.0
6646.0,5904548.945054547,5.0
9145.0,5909225.761573869,5.0
9205.0,5912904.66,6.0
9205.0,5915273.761573869,6.0
9205.0,5916651.841573869,6.0
9145.0,5916743.66,5.0
9205.0,5916809.88,6.0
9205.0,5918237.583973869,6.0
9139.0,5920025.761573869,9.0
9139.0,5920072.801573869,9.0
8979.0,5920118.761573869,9.0
9216.0,5920121.761573869,9.0
9216.0,5920134.761573869,9.0
9216.0,5920159.021573869,9.0
9216.0,5920165.121573869,9.0
8997.0,5920228.287994289,9.0
8581.0,5920241.009707427,8.0
9216.0,5920259.761573869,9.0
8828.0,5920296.170059631,8.0
8690.0,5920310.552872743,7.0
9216.0,5920316.961573869,7.0
9216.0,5920349.326224098,7.0
7616.0,5920364.761573869,6.0
3863.0,5920550.431129488,5.0
7505.0,5920860.427346631,5.0
7633.0,5920910.717346631,5.0
7633.0,5920924.327746631,5.0
1593.0,5920967.427346631,4.0
1653.0,5921915.96,5.0
1753.0,5922140.03,6.0
2123.0,5922596.8999999985,7.0
1914.0,5923106.4564916,6.0
1653.0,5923153.386711581,5.0
1712.0,5924926.925925045,4.0
1931.0,5925483.62,5.0
1437.0,5925784.262733686,4.0
1949.0,5926063.68,5.0
1437.0,5926158.68,4.0
9117.0,5926231.49,5.0
9119.0,5926342.07,6.0
9125.0,5926432.28,7.0
9119.0,5926450.01881188,6.0
9117.0,5926502.306017844,5.0
9119.0,5926613.67,6.0
9123.0,5926730.07,7.0
9121.0,5926730.67,6.0
9117.0,5926811.4675349565,5.0
9157.0,5927262.6,6.0
9216.0,5927491.52,7.0
9216.0,5927527.49,7.0
9212.0,5927612.52,6.0
9216.0,5928794.734719765,6.0
9216.0,5928931.49,6.0
9146.0,5930079.451260937,5.0
9216.0,5930080.408609221,12.0
9120.0,5930087.957448003,11.0
9216.0,5930216.51378893,11.0
8896.0,5930449.765326976,10.0
8576.0,5930493.623400476,9.0
9216.0,5930774.97,10.0
9216.0,5930807.17,10.0
9210.0,5930863.260147555,9.0
9216.0,5931366.86324599,12.0
9176.0,5931459.75719962,11.0
9136.0,5931472.86324599,10.0
9132.0,5931476.67,9.0
9216.0,5931477.25,10.0
9206.0,5931604.25,9.0
9136.0,5932082.528015173,8.0
9216.0,5933047.701303304,10.0
9216.0,5933093.692781982,10.0
9171.0,5933145.242420294,9.0
8864.0,5933624.572549138,8.0
9216.0,5933720.8599999985,9.0
8649.0,5933875.727776419,8.0
8595.0,5934173.529857152,7.0
9216.0,5934179.67,8.0
8896.0,5934356.67,7.0
9216.0,5934356.7157079205,9.0
9096.0,5934484.67,8.0
8856.0,5934693.9917858755,8.0
9216.0,5934765.55,9.0
9216.0,5935003.446965696,11.0
9078.0,5935125.446965696,10.0
8976.0,5935149.192185298,9.0
8896.0,5935186.446965696,8.0
9216.0,5935523.12,9.0
8896.0,5935739.12,8.0
9216.0,5935739.181910468,10.0
9216.0,5937913.067240606,10.0
9216.0,5939058.682473701,10.0
9216.0,5939190.682473701,10.0
9216.0,5939254.402473701,10.0
9216.0,5939318.516669011,10.0
9216.0,5939344.845635662,10.0
9216.0,5939384.225635662,10.0
9094.0,5939484.029222927,9.0
9216.0,5939484.077487254,11.0
9216.0,5939518.177487253,11.0
9136.0,5939639.077487254,10.0
9216.0,5939835.74,11.0
9176.0,5939955.74,10.0
9216.0,5940010.34,11.0
9216.0,5940034.34,11.0
9154.0,5940102.410472207,10.0
9216.0,5940170.39,11.0
9216.0,5940230.39,11.0
9216.0,5940240.216054339,11.0
9139.0,5940268.644374406,10.0
9216.0,5940368.27,11.0
9176.0,5940488.27,10.0
9216.0,5940756.27,11.0
9176.0,5940913.741639372,10.0
9216.0,5943487.001724722,12.0
9216.0,5943542.801724722,12.0
9216.0,5943634.031724722,12.0
9216.0,5943673.001724722,12.0
9216.0,5943765.114624722,12.0
9216.0,5943792.429264001,12.0
9216.0,5943843.156451233,13.0
9216.0,5944132.156451233,13.0
9022.0,5944253.720938697,12.0
9216.0,5944253.755436981,14.0
9216.0,5944357.755436981,14.0
9216.0,5944443.4850229155,14.0
9216.0,5944469.599187048,14.0
9216.0,5944562.204675179,14.0
9216.0,5944909.201310887,14.0
9048.0,5945079.455663139,13.0
9216.0,5945143.196999567,13.0
9216.0,5945333.626361384,13.0
9216.0,5945465.7956183115,13.0
9048.0,5945490.213695115,12.0
9216.0,5945626.64,13.0
9216.0,5945642.7956183115,13.0
9216.0,5945692.19945593,13.0
9216.0,5945744.154900682,13.0
9216.0,5945807.49572093,14.0
9216.0,5945846.497067819,14.0
9216.0,5945947.895720931,14.0
9216.0,5946006.23972093,14.0
9216.0,5946035.68628093,14.0
9216.0,5946059.156164488,14.0
9216.0,5946119.49572093,14.0
9216.0,5946134.895720931,14.0
9216.0,5946147.8317209305,14.0
9216.0,5946196.49572093,14.0
9216.0,5946357.95572093,14.0
9216.0,5946610.49572093,14.0
9096.0,5946909.792551162,13.0
9216.0,5947208.71,14.0
9096.0,5947336.71,13.0
9216.0,5947383.31,14.0
9096.0,5947501.31,13.0
9216.0,5947676.25,14.0
9216.0,5948164.95244222,14.0
9216.0,5948797.29572093,14.0
9216.0,5948890.6699330425,14.0
9216.0,5949899.615098084,17.0
9216.0,5949932.825098084,21.0
9216.0,5949947.795098084,21.0
9216.0,5949983.945098084,21.0
9216.0,5949990.69916761,21.0
9216.0,5949994.255098084,21.0
9216.0,5950012.499971839,21.0
9216.0,5950022.210298084,21.0
8878.0,5950081.615098084,20.0
9216.0,5950081.671861334,22.0
9216.0,5950089.392061312,22.0
9216.0,5950090.659202211,22.0
9216.0,5950096.385098084,22.0
9216.0,5950102.151861334,22.0
9216.0,5950120.073098084,22.0
9216.0,5950122.606261334,22.0
9216.0,5950132.293813334,22.0
9216.0,5950136.0545216175,22.0
9156.0,5950145.671861334,21.0
9216.0,5950145.825098084,21.0
9216.0,5950179.407923478,21.0
9216.0,5950207.745098084,21.0
9216.0,5950214.825098084,21.0
9216.0,5950231.893898084,21.0
9216.0,5950274.825098084,21.0
9216.0,5950335.825098084,21.0
9216.0,5950344.843422368,22.0
9216.0,5950409.523422368,22.0
9216.0,5950491.843422368,24.0
9216.0,5950535.943422368,24.0
8932.0,5950554.963211056,23.0
9216.0,5950555.258886894,23.0
9216.0,5950580.190422368,23.0
9216.0,5950633.6457502395,23.0
9216.0,5950638.843422368,24.0
9216.0,5950676.258886894,24.0
9216.0,5950808.889669474,24.0
9216.0,5950899.784143,24.0
8047.0,5950902.4979212405,23.0
7227.0,5951007.669568172,22.0
6807.0,5951163.757976094,21.0
9216.0,5951166.31,22.0
8896.0,5951243.49572093,21.0
9216.0,5952434.1,22.0
9174.0,5955254.340657591,21.0
9216.0,5955255.412535853,32.0
9216.0,5955312.948289545,32.0
9216.0,5955319.042535853,32.0
9216.0,5955329.964149562,32.0
9216.0,5955333.732124449,32.0
9216.0,5955370.290069389,32.0
8979.0,5955406.050790745,32.0
8380.0,5955407.303305264,31.0
8051.0,5955576.000894064,30.0
7718.0,5955718.10190646,29.0
7276.0,5955752.163471866,28.0
9216.0,5955822.31,29.0
8896.0,5956093.31,28.0
9216.0,5956465.42,29.0
9216.0,5957087.42,29.0
9216.0,5958593.332402197,29.0
9216.0,5959497.657716324,29.0
9151.0,5960699.207058303,28.0
9216.0,5961074.152828063,32.0
9156.0,5961160.42,31.0
9216.0,5961575.156944053,31.0
9216.0,5961757.888308956,31.0
8610.0,5961948.923098339,30.0
8385.0,5962189.893280304,29.0
8169.0,5963763.024197442,28.0
9216.0,5963913.08,29.0
9216.0,5964135.626174094,29.0
8976.0,5964174.152828063,28.0
8988.0,5964720.775161064,27.0
9216.0,5965063.5,28.0
9156.0,5966162.5,27.0
9216.0,5966439.428788828,27.0
9216.0,5967482.234450866,27.0
9216.0,5968212.250753056,27.0
9216.0,5968276.72480302,27.0
9216.0,5968366.886460006,27.0
9216.0,5968781.018070277,31.0
9216.0,5970479.153666201,31.0
9216.0,5970613.984591458,31.0
9009.0,5971554.399516092,30.0
8707.0,5972417.679662769,29.0
9216.0,5972817.68,30.0
9216.0,5973274.927739286,30.0
8678.0,5974006.204769505,29.0
9216.0,5974311.48,30.0
9050.0,5974860.084480288,29.0
9216.0,5974860.1996774,32.0
9086.0,5975038.252849672,31.0
8834.0,5975790.271500813,30.0
8662.0,5975957.058133988,29.0
8462.0,5976172.248776815,28.0
9216.0,5976210.74,29.0
9017.0,5976291.660403953,28.0
9216.0,5976402.8,29.0
9216.0,5976775.288609221,29.0
8969.0,5978779.487115084,28.0
9216.0,5978779.670530001,33.0
8940.0,5978999.605111091,32.0
9100.0,5981021.081967341,31.0
8902.0,5982572.133880001,30.0
8980.0,5989755.383941416,29.0
8866.0,5990702.20118998,28.0
8706.0,5993119.802347342,27.0
9216.0,5994260.5,28.0
9096.0,5995392.1996774,27.0
9216.0,5995392.272387718,30.0
9216.0,5995586.091021245,30.0
9096.0,5995818.11003603,29.0
8885.0,5996538.22671985,28.0
8642.0,5997249.728454536,27.0
8481.0,5998468.445704943,26.0
8192.0,5999571.306602703,25.0
8033.0,5999695.246542776,24.0
9216.0,6000148.3999999985,25.0
9216.0,6000687.622329942,25.0
8940.0,6001639.811070301,24.0
8664.0,6001659.096114497,23.0
9216.0,6001845.8999999985,24.0
9216.0,6001897.229999999,24.0
9044.0,6001993.11491741,23.0
9216.0,6002161.1499999985,24.0
9216.0,6002363.202927849,25.0
8940.0,6002665.972308589,24.0
8802.0,6003131.065046653,23.0
9216.0,6003319.33,24.0
9096.0,6003663.33,23.0
9095.0,6004134.942840588,22.0
9216.0,6005142.448277701,22.0
9216.0,6005418.279999998,22.0
9216.0,6005440.12,22.0
9216.0,6006035.444432458,22.0
9216.0,6006279.546415077,22.0
9127.0,6006386.74009662,21.0
9216.0,6006386.775071097,26.0
9216.0,6006468.001023391,26.0
9196.0,6006514.74009662,25.0
9193.0,6006519.742306386,24.0
9168.0,6006520.971597785,23.0
9153.0,6006640.74009662,22.0
9133.0,6006653.74009662,21.0
9108.0,6006669.647893479,20.0
9216.0,6006720.1499999985,21.0
9216.0,6006797.011458765,21.0
9216.0,6006832.67,22.0
9107.0,6006847.856889827,21.0
9216.0,6008458.09230552,21.0
8940.0,6008567.578257587,20.0
8717.0,6008657.633562139,19.0
9216.0,6009078.22,20.0
9078.0,6009118.754484908,19.0
8978.0,6009224.22,18.0
8740.0,6009279.105605045,17.0
8464.0,6009329.671818233,16.0
9216.0,6009994.87,17.0
9216.0,6010068.682329942,17.0
9216.0,6010732.95,17.0
9216.0,6010867.398906757,17.0
9026.0,6011093.478102303,16.0
9216.0,6011093.513489701,22.0
9216.0,6011150.1365037495,22.0
9216.0,6011170.709695031,22.0
9216.0,6011184.250950445,22.0
9176.0,6011189.478102303,21.0
9023.0,6011197.037061292,20.0
8983.0,6011242.478102303,19.0
8948.0,6011247.066677403,18.0
9216.0,6011280.12,19.0
9124.0,6011288.214086331,18.0
9132.0,6012003.644690651,17.0
9216.0,6012003.7439614795,20.0
9079.0,6012272.7439614795,19.0
9015.0,6012367.12,18.0
9216.0,6012374.30209892,20.0
8896.0,6012382.669635014,19.0
8959.0,6012479.847651927,18.0
8536.0,6012529.7455237,17.0
8576.0,6012697.29,18.0
8412.0,6012698.660041329,17.0
8372.0,6013029.29,16.0
9216.0,6013139.6099999985,17.0
9216.0,6013219.866329908,17.0
9216.0,6013363.269999999,17.0
9216.0,6013419.144695009,17.0
8640.0,6013528.332266448,16.0
9216.0,6013871.96,17.0
8948.0,6015918.484215292,16.0
9216.0,6015918.917672894,22.0
9216.0,6016064.917672894,23.0
9216.0,6016117.567672894,23.0
9040.0,6016180.2489603935,22.0
9020.0,6016289.917672894,21.0
9216.0,6016343.52,22.0
9196.0,6016559.52,21.0
9216.0,6016739.28,22.0
9216.0,6016761.720000001,22.0
9184.0,6016815.19638511,21.0
9204.0,6016842.1,22.0
8704.0,6016842.395766433,21.0
8684.0,6016951.1,20.0
9216.0,6016983.72,21.0
9216.0,6017600.823422369,21.0
9196.0,6017061.72,20.0
8941.0,6017859.723088061,19.0
9216.0,6017887.76,20.0
9216.0,6017988.76,20.0
9216.0,6018117.76,20.0
9216.0,6018158.99,20.0
9216.0,6018197.608956123,20.0
9176.0,6018221.826301446,19.0
9216.0,6018379.55,20.0
9216.0,6018478.55,20.0
9196.0,6018547.55,19.0
8966.0,6018947.631647114,18.0
9216.0,6018947.643364351,21.0
9216.0,6018983.7600835245,21.0
9216.0,6019014.396675307,21.0
9216.0,6019050.532503366,21.0
9111.0,6019075.440423181,20.0
8631.0,6021029.697861908,19.0
9216.0,6021030.657762325,26.0
9216.0,6021079.5593786845,26.0
9216.0,6021108.664030736,26.0
9216.0,6021123.3889889605,26.0
9216.0,6021134.925274513,26.0
9216.0,6021174.6660846565,27.0
9216.0,6021339.6660846565,27.0
8896.0,6021447.727811075,26.0
8576.0,6021499.6660846565,25.0
8317.0,6021585.1594108725,24.0
8061.0,6021713.21878251,23.0
9216.0,6021728.96,24.0
8896.0,6021838.6660846565,23.0
8672.0,6021921.84043098,22.0
8352.0,6021968.96,21.0
9216.0,6022084.95,22.0
9216.0,6022131.874805791,22.0
9216.0,6022233.71230552,22.0
9216.0,6022494.244805791,22.0
9216.0,6022732.95,22.0
7398.0,6022855.340090841,21.0
9216.0,6022859.98,22.0
8896.0,6023169.98,21.0
9216.0,6023170.000548699,24.0
9216.0,6023270.689657888,24.0
9216.0,6023287.187445178,24.0
9024.0,6023335.37928184,23.0
9216.0,6023351.782876794,25.0
9216.0,6023431.582876794,25.0
8144.0,6023524.770566336,24.0
9216.0,6023524.780361552,28.0
9216.0,6023620.477422987,28.0
9042.0,6023626.550034153,27.0
9216.0,6023789.24,28.0
8791.0,6023824.9210691275,27.0
9216.0,6024079.27,28.0
9216.0,6024248.657217945,28.0
9132.0,6024371.236146855,27.0
8908.0,6024656.753400058,26.0
9216.0,6024723.27,26.0
9216.0,6024999.310361552,26.0
9216.0,6025411.78480295,26.0
9216.0,6025906.402482907,26.0
9216.0,6026065.211441735,27.0
9216.0,6026824.325299807,27.0
9216.0,6027215.870548699,27.0
9216.0,6028367.221366823,27.0
9216.0,6028421.9556543855,27.0
9216.0,6028856.657724498,30.0
9216.0,6028897.817724498,30.0
9068.0,6028941.786753247,29.0
9216.0,6028941.869721359,32.0
9216.0,6028974.528742586,32.0
9216.0,6028999.369721359,32.0
9158.0,6029006.6765994225,32.0
9094.0,6029007.657724498,31.0
9216.0,6029007.756667054,33.0
9216.0,6029025.312972788,33.0
9216.0,6029043.647011055,33.0
8996.0,6029066.791830215,32.0
8926.0,6029072.800440799,31.0
8826.0,6029131.424271958,30.0
8756.0,6029174.969295899,29.0
8686.0,6029181.002433582,28.0
9216.0,6030482.500469784,28.0
9216.0,6030514.840469784,28.0
9216.0,6030550.385069784,28.0
9216.0,6030686.673088503,28.0
8877.0,6031553.501349432,27.0
8774.0,6031599.646348849,26.0
9216.0,6031856.73,27.0
8982.0,6032156.499196034,26.0
9216.0,6032156.543684548,28.0
9216.0,6032204.257223798,28.0
8926.0,6032270.609360748,27.0
9216.0,6032270.633989011,29.0
9216.0,6032688.856639369,29.0
9216.0,6033362.64424154,29.0
9053.0,6036475.404710988,28.0
9216.0,6036475.800838527,32.0
9216.0,6036510.7336069215,32.0
9216.0,6036539.355510561,32.0
9216.0,6036645.227313793,32.0
9216.0,6036734.027313793,32.0
9216.0,6036790.496323426,34.0
9132.0,6037171.088567827,33.0
9216.0,6037222.142444495,33.0
9216.0,6037384.346482231,33.0
9132.0,6038125.728726568,32.0
9216.0,6038830.06,33.0
9216.0,6038873.489999999,33.0
9185.0,6038912.824782333,32.0
8994.0,6042608.418713829,31.0
9216.0,6042608.4505965095,33.0
9216.0,6042680.210596509,33.0
9130.0,6042741.995565922,32.0
9216.0,6042813.150561649,32.0
9216.0,6043247.947612016,32.0
9216.0,6042970.710561649,32.0
9216.0,6043070.147492449,32.0
9216.0,6043121.419827696,32.0
9216.0,6044276.647555198,32.0
9216.0,6044556.322609415,32.0
9192.0,6046880.437550966,32.0
9216.0,6048909.049007119,32.0
9216.0,6049511.945289104,32.0
9216.0,6050023.305349347,32.0
8998.0,6052212.211343094,31.0
9216.0,6052212.236031605,33.0
9132.0,6052576.405978252,32.0
9132.0,6052577.46,32.0
9194.0,6053365.556166311,32.0
9216.0,6055583.611007685,32.0
9216.0,6055688.611007685,32.0
9216.0,6055759.661007685,32.0
9216.0,6055833.611007685,32.0
9216.0,6056071.937243655,32.0
9216.0,6056097.237243655,32.0
9216.0,6056143.881243655,32.0
9216.0,6056202.136393681,32.0
9216.0,6056247.586393681,32.0
9216.0,6056276.472393681,32.0
9216.0,6056286.071433681,32.0
9216.0,6056303.136393681,32.0
9216.0,6056402.686393681,32.0
9216.0,6056427.935893681,32.0
9216.0,6056443.672033681,32.0
9216.0,6056484.136393681,32.0
9216.0,6056986.327884687,32.0
9216.0,6057205.812626125,32.0
9216.0,6057266.219762762,32.0
9216.0,6058660.253131263,32.0
9216.0,6060659.823920827,32.0
9216.0,6062877.404434831,32.0
9216.0,6063352.336393681,32.0
9216.0,6063836.180939274,32.0
9216.0,6063885.519827696,32.0
9216.0,6064452.612626125,32.0
9216.0,6064553.726031605,32.0
9216.0,6065211.8349,32.0
9216.0,6065782.649884825,32.0
9132.0,6066080.169572633,31.0
9216.0,6067059.631072026,35.0
9216.0,6067931.136393681,35.0
9082.0,6068987.1291339565,34.0
9216.0,6072641.071072026,34.0
9216.0,6073057.701072026,34.0
9216.0,6073115.181910468,36.0
8976.0,6073705.297666644,35.0
9216.0,6074236.03,36.0
9216.0,6075032.940626125,36.0
9216.0,6075869.023776112,36.0
9216.0,6077413.986393681,36.0
9216.0,6078153.4228276955,36.0
9116.0,6079073.944296795,35.0
9216.0,6079073.957489435,37.0
9216.0,6079724.171072026,38.0
9056.0,6081676.538481542,37.0
9216.0,6081676.584503675,39.0
9022.0,6082663.254905259,38.0
8880.0,6083011.4996744925,37.0
9216.0,6083562.321912361,37.0
9216.0,6084136.481072025,37.0
9216.0,6084759.37,37.0
9216.0,6085111.028365472,37.0
9168.0,6085406.028365472,36.0
8998.0,6085678.719559863,35.0
9216.0,6086132.1099999985,36.0
9216.0,6086402.1099999985,36.0
9168.0,6086668.1099999985,35.0
9216.0,6088175.914344516,37.0
9216.0,6088529.919384101,37.0
9215.0,6088468.8999999985,36.0
9216.0,6088769.8374894345,36.0
9216.0,6089328.152933667,36.0
8768.0,6089431.809630337,35.0
9216.0,6089431.835528348,38.0
9216.0,6089489.915528348,38.0
9216.0,6089524.657928348,38.0
9216.0,6089544.638504348,38.0
9216.0,6089549.494910164,38.0
9216.0,6089563.835528348,38.0
9216.0,6089600.289326216,38.0
9216.0,6089596.035528348,38.0
8856.0,6089614.005062896,37.0
8784.0,6089678.835528348,36.0
8708.0,6089693.020869151,35.0
9216.0,6090110.08,36.0
8931.0,6090711.890768725,35.0
9216.0,6090711.942569646,40.0
8752.0,6091959.946783422,39.0
9216.0,6092556.479615267,41.0
9216.0,6092648.374376789,41.0
9216.0,6092768.59606762,41.0
9182.0,6092948.298554645,40.0
9216.0,6093604.405257806,41.0
9216.0,6094072.678741222,41.0
9076.0,6094077.325670864,40.0
9216.0,6094215.180994167,42.0
9132.0,6094477.812587587,41.0
9216.0,6094486.72,42.0
9216.0,6094499.075633167,42.0
9216.0,6094665.285875047,42.0
9216.0,6094669.860838527,42.0
9216.0,6094731.225875047,42.0
9024.0,6094755.098084143,41.0
9216.0,6094922.786831831,41.0
9216.0,6095009.949744625,41.0
9216.0,6095007.6268318305,41.0
9216.0,6095105.682187396,41.0
9216.0,6095107.761127914,41.0
9216.0,6095176.687789703,42.0
9216.0,6095401.581296567,42.0
9216.0,6095458.44425155,42.0
9216.0,6095573.475237415,42.0
9132.0,6095678.422184393,41.0
9216.0,6095899.175444784,41.0
8992.0,6096076.139994205,40.0
9216.0,6096076.148507339,42.0
9216.0,6096144.27,42.0
9152.0,6096171.139994205,41.0
9216.0,6096516.999750209,41.0
9216.0,6096530.228507339,41.0
9216.0,6096578.165450155,41.0
9018.0,6096598.225592527,40.0
9216.0,6096615.189196856,40.0
9216.0,6096625.77,40.0
9216.0,6096750.200875695,40.0
9216.0,6096753.789196855,40.0
9182.0,6096824.349196856,40.0
9216.0,6096837.886463809,40.0
9216.0,6096882.561196856,40.0
9216.0,6096930.189196856,40.0
9216.0,6096939.900288236,41.0
9216.0,6097000.6591968555,41.0
9216.0,6097054.663423233,41.0
9216.0,6097079.935587553,41.0
9152.0,6097081.900288236,40.0
9216.0,6097136.186533945,40.0
9010.0,6097196.690147612,39.0
8786.0,6097227.340689217,38.0
8466.0,6097486.112672397,37.0
9216.0,6097536.3999999985,38.0
9216.0,6097788.259317252,38.0
8777.0,6097871.875162178,37.0
8603.0,6098103.10939212,36.0
9216.0,6098206.67,37.0
9076.0,6098999.453871913,36.0
9006.0,6099553.15255397,35.0
8936.0,6100278.100713768,34.0
9216.0,6100278.242428225,37.0
9216.0,6100440.581204488,37.0
9146.0,6100466.01187397,36.0
9216.0,6100479.79612695,36.0
9216.0,6100493.305085711,36.0
8464.0,6100570.3719139835,35.0
8240.0,6100611.415409182,34.0
8016.0,6100613.173084449,33.0
9216.0,6100766.567391574,35.0
9146.0,6101133.975646549,34.0
8906.0,6101956.5,33.0
9216.0,6101956.520086601,35.0
9216.0,6101992.510445032,35.0
9216.0,6102005.376998171,35.0
9216.0,6102031.5,35.0
9216.0,6102430.02,35.0
9216.0,6102535.2588,35.0
9216.0,6102769.5,35.0
9216.0,6103477.5,35.0
9216.0,6103663.81,35.0
9216.0,6103804.804599999,35.0
9173.0,6104128.52,36.0
8977.0,6104130.481067981,35.0
9216.0,6104130.486825412,37.0
9215.0,6104208.52,36.0
9215.0,6105612.630288237,36.0
9215.0,6105985.736825412,36.0
9216.0,6106004.663545873,36.0
9156.0,6106260.663545873,35.0
9216.0,6107851.323473923,35.0
9216.0,6108147.19011038,35.0
9215.0,6110138.5279932115,34.0
9216.0,6111551.486825412,34.0
9216.0,6112229.162430124,35.0
9216.0,6112458.221296567,35.0
9216.0,6112403.162430124,35.0
9216.0,6112486.647622388,35.0
9216.0,6112520.592037629,35.0
9216.0,6112629.1848368915,35.0
9216.0,6114140.926825413,35.0
9076.0,6115160.97174662,34.0
9216.0,6115161.0191085525,37.0
9196.0,6115311.97174662,36.0
9216.0,6115940.462430124,36.0
9216.0,6116342.0191085525,36.0
9216.0,6116619.549108553,36.0
9184.0,6117110.228696904,35.0
9184.0,6117573.887789703,35.0
9184.0,6117957.335955784,35.0
9216.0,6118092.900288236,35.0
9216.0,6118345.1423763875,35.0
9216.0,6118373.848534792,35.0
9216.0,6118411.58071763,35.0
9216.0,6118459.9670100035,35.0
9132.0,6118705.671721416,34.0
9216.0,6118705.710952068,36.0
9216.0,6118882.710952068,36.0
9216.0,6119004.710952068,36.0
9216.0,6119082.210952068,36.0
9216.0,6119100.810952067,36.0
9190.0,6119167.486825412,36.0
9136.0,6119169.783570958,35.0
9216.0,6119624.27,36.0
9216.0,6120264.27,36.0
9216.0,6121157.107696567,36.0
9216.0,6122017.321628597,36.0
9054.0,6122446.506061284,35.0
9216.0,6122446.52089093,37.0
9216.0,6122537.258199501,37.0
9216.0,6122561.796650202,37.0
9131.0,6122594.324363922,36.0
9216.0,6122661.314310715,36.0
9216.0,6122686.286740594,36.0
9216.0,6122736.98834065,36.0
9132.0,6123487.167442921,35.0
9216.0,6123559.5474019,35.0
9216.0,6123962.628317753,35.0
9216.0,6124945.52434049,35.0
9216.0,6125615.40534948,35.0
9216.0,6125727.275114558,35.0
9132.0,6125996.138938782,34.0
9216.0,6126200.965356637,34.0
9132.0,6126570.219396539,33.0
9216.0,6127515.344089912,33.0
9061.0,6129421.607100048,32.0
9216.0,6129421.615122684,34.0
9216.0,6130704.811628597,34.0
9216.0,6131711.705749283,34.0
9216.0,6132962.41255544,34.0
9216.0,6133348.304089912,34.0
9216.0,6133825.152541014,34.0
9216.0,6134892.607391574,34.0
9216.0,6135109.800838527,34.0
9216.0,6135339.595122685,34.0
9216.0,6135671.122591499,34.0
9216.0,6136307.339630631,34.0
9216.0,6137114.914344516,34.0
9216.0,6137394.397170176,34.0
9216.0,6138675.705356637,34.0
9216.0,6138869.94856588,35.0
9216.0,6140486.607100048,35.0
9216.0,6141370.013771675,35.0
9216.0,6141403.344089912,35.0
9216.0,6141748.53408913,35.0
9216.0,6142089.1986732315,35.0
9216.0,6142787.948662664,35.0
9216.0,6143965.735257616,35.0
9216.0,6144404.11841027,35.0
9132.0,6144648.679244619,34.0
9048.0,6145997.809128772,33.0
9216.0,6145997.82772513,35.0
9132.0,6147412.831114068,34.0
9216.0,6148379.059340412,34.0
9216.0,6148554.30856588,34.0
9132.0,6148644.3385037575,33.0
9216.0,6148703.581296567,35.0
9216.0,6148814.731296567,35.0
9216.0,6148817.821296567,35.0
9216.0,6148854.127796567,35.0
9216.0,6148950.581296567,35.0
9216.0,6149011.991296567,35.0
9216.0,6149012.821027523,35.0
9216.0,6149116.217302635,35.0
8845.0,6149249.37505036,34.0
9216.0,6149249.421686691,36.0
9216.0,6149268.9265603665,36.0
9216.0,6149450.721027523,36.0
9105.0,6149815.559388279,35.0
8881.0,6149981.535754034,34.0
9216.0,6149981.561768682,36.0
9216.0,6150115.027869287,36.0
9216.0,6150416.223819895,36.0
8979.0,6150625.48595121,35.0
9216.0,6150625.510552629,37.0
9020.0,6150691.491513105,36.0
8983.0,6151876.781204546,35.0
8899.0,6152087.179961528,34.0
9216.0,6153018.34764894,34.0
9216.0,6153049.03764894,34.0
9132.0,6153062.902615501,33.0
9132.0,6153065.86134894,33.0
9132.0,6153075.86833494,33.0
9216.0,6153111.34764894,33.0
9216.0,6153496.05642509,33.0
9216.0,6154571.620147114,33.0
9216.0,6156746.954894302,33.0
9216.0,6157064.752489742,33.0
9216.0,6158245.279531233,33.0
9216.0,6158445.3147856025,33.0
9216.0,6159168.687789703,34.0
9216.0,6161978.673818368,35.0
9060.0,6162010.509878262,34.0
9216.0,6162010.575529469,36.0
9216.0,6163146.559531233,36.0
9216.0,6163508.421686691,36.0
9120.0,6163706.249024166,35.0
9216.0,6163732.965034513,36.0
9216.0,6164337.972167005,36.0
9216.0,6166536.55568821,36.0
9216.0,6166926.335044314,36.0
9132.0,6167799.053709446,35.0
9188.0,6168593.99448458,35.0
9188.0,6168644.655034513,35.0
9188.0,6168736.721686691,35.0
9216.0,6170618.909686691,35.0
9216.0,6170804.394288195,35.0
9216.0,6172463.210894315,35.0
9216.0,6173154.607789703,35.0
9216.0,6173184.92255651,35.0
9115.0,6173556.063873324,34.0
9216.0,6173556.151063391,36.0
9216.0,6173580.68994185,36.0
9216.0,6173837.165034513,36.0
9113.0,6174216.351030129,35.0
8998.0,6174671.304059942,34.0
9216.0,6174671.346568974,36.0
9132.0,6174722.576775175,35.0
9216.0,6174931.73,36.0
9045.0,6174947.855967948,35.0
9216.0,6175008.3599999985,36.0
9216.0,6175170.7700000005,36.0
9123.0,6175712.372066383,35.0
9039.0,6175854.036323665,34.0
8955.0,6176109.683445474,33.0
9216.0,6176208.25,34.0
9216.0,6176769.823241981,34.0
9216.0,6176907.773646405,35.0
9216.0,6177877.373646405,35.0
9120.0,6178159.772271317,34.0
9216.0,6178159.792741912,36.0
9130.0,6178351.009288802,35.0
9066.0,6178356.772271317,34.0
9216.0,6178365.53,35.0
9216.0,6178461.0600000005,35.0
9216.0,6178518.821098906,35.0
9216.0,6178542.677627948,35.0
9216.0,6178568.137504237,35.0
9216.0,6178755.383646405,35.0
9216.0,6179022.546568974,35.0
9216.0,6179494.15,35.0
9216.0,6180542.748591575,35.0
9216.0,6180555.900120508,35.0
9216.0,6180747.927998407,37.0
9216.0,6182029.0499629555,37.0
9110.0,6182285.196837146,36.0
9216.0,6182319.0499629555,36.0
9084.0,6182555.797523446,35.0
8908.0,6182885.325759424,34.0
9216.0,6182918.71,35.0
9216.0,6183011.487998406,35.0
9216.0,6183332.71,35.0
9216.0,6183439.21,35.0
9204.0,6183657.781288792,34.0
9216.0,6183704.0942881955,34.0
9216.0,6184900.928264674,34.0
9216.0,6185573.96530452,34.0
9216.0,6185954.537504237,34.0
9216.0,6186790.418939387,36.0
9216.0,6186891.518939387,36.0
9216.0,6186940.418939387,36.0
9216.0,6186986.513510364,36.0
9216.0,6187006.128528596,36.0
9177.0,6187041.013488591,35.0
9093.0,6187096.664463014,34.0
9216.0,6187096.724497166,36.0
9216.0,6187121.965034513,36.0
9216.0,6187264.595925929,36.0
9216.0,6187338.125925929,36.0
9216.0,6187360.232681763,36.0
9213.0,6187379.451064616,35.0
9216.0,6187452.493219417,35.0
9216.0,6187477.965739548,35.0
9216.0,6188011.392102986,35.0
9216.0,6188152.51112148,35.0
9216.0,6190144.869765814,39.0
9216.0,6190162.143578852,39.0
9216.0,6190322.965034513,39.0
9216.0,6190324.247998407,39.0
9216.0,6190424.486166632,40.0
9216.0,6190443.986166632,40.0
9216.0,6190456.709332877,40.0
9202.0,6190466.491018759,39.0
9163.0,6190481.762116502,38.0
9143.0,6190959.617526657,37.0
9098.0,6191234.574735403,36.0
9053.0,6191267.339458689,35.0
8969.0,6191465.936020644,34.0
9216.0,6191615.6021164805,34.0
9202.0,6191742.045262329,33.0
9216.0,6191813.6021164805,33.0
9216.0,6192065.453978338,33.0
9216.0,6192050.6021164805,33.0
9216.0,6192272.6021164805,33.0
9216.0,6192755.419767615,33.0
9216.0,6192760.6021164805,33.0
9216.0,6192878.742413302,33.0
9216.0,6196183.059765815,33.0
9216.0,6196238.302837898,34.0
9216.0,6198223.6021164805,34.0
9216.0,6199955.725034513,34.0
9216.0,6200738.09621173,34.0
9216.0,6202537.750631512,34.0
9216.0,6204225.788960755,34.0
9216.0,6204256.9715931695,34.0
9216.0,6204383.788960755,34.0
9216.0,6204403.9715931695,34.0
9216.0,6204529.788960755,34.0
9216.0,6204591.9715931695,34.0
9216.0,6204684.788960755,34.0
9216.0,6204749.9715931695,34.0
9216.0,6204820.788960755,34.0
9216.0,6204853.9715931695,34.0
9216.0,6204966.788960755,34.0
9216.0,6205000.9715931695,34.0
9216.0,6205054.547143912,34.0
9216.0,6205062.9715931695,34.0
9136.0,6205112.788960755,33.0
9216.0,6205291.9715931695,33.0
9216.0,6205591.949330961,33.0
9132.0,6205971.79286587,32.0
9216.0,6206617.939215014,32.0
9216.0,6206723.523652027,32.0
9216.0,6207437.933701389,32.0
9132.0,6207518.696792927,31.0
9216.0,6208643.50823984,31.0
9216.0,6209379.540544172,31.0
9216.0,6209838.43891128,31.0
9216.0,6210659.25580974,32.0
9216.0,6210701.72580974,32.0
9216.0,6210781.682860377,33.0
9216.0,6211085.082860378,33.0
9121.0,6211461.95442071,33.0
9216.0,6211529.589589816,33.0
9216.0,6211589.682860377,33.0
8811.0,6211681.801477043,32.0
9216.0,6211681.809379643,34.0
9216.0,6211827.801477043,34.0
8976.0,6214881.682860377,33.0
9216.0,6215603.83,34.0
7516.0,6216094.453708331,33.0
9216.0,6216094.471269033,36.0
8976.0,6216454.535754034,35.0
8856.0,6216945.302837898,34.0
9216.0,6217882.945907482,34.0
9132.0,6219752.550288794,33.0
8764.0,6220707.429494631,32.0
9216.0,6220707.467741332,36.0
9216.0,6220766.865907482,36.0
9216.0,6223297.750631512,36.0
9216.0,6223320.006166631,36.0
9216.0,6223428.945907482,36.0
9132.0,6223996.060739242,35.0
9216.0,6225368.634861337,37.0
9216.0,6226409.9715931695,37.0
9096.0,6226706.949330961,36.0
9216.0,6228571.0707532875,36.0
9216.0,6228871.303614912,36.0
9216.0,6229708.322804998,36.0
9104.0,6230159.293856953,35.0
9216.0,6230472.589589816,35.0
8781.0,6231407.725403051,34.0
9216.0,6231407.741948648,36.0
9216.0,6232020.567391574,36.0
9216.0,6232078.807391575,36.0
9216.0,6232216.879569272,36.0
9216.0,6232340.879569272,36.0
9216.0,6232433.879569272,36.0
9216.0,6233117.879569272,36.0
9216.0,6233493.709569272,36.0
9216.0,6233638.442469272,37.0
9216.0,6233809.725403051,37.0
9216.0,6234025.31274318,38.0
9096.0,6234062.933701389,37.0
9216.0,6234236.9715931695,37.0
9216.0,6235771.405393984,37.0
9216.0,6236074.83,37.0
9216.0,6236240.514148102,37.0
9216.0,6236532.471269033,37.0
8320.0,6236673.21361433,36.0
9216.0,6236673.263162061,38.0
9216.0,6236770.442469272,38.0
8976.0,6236882.725403051,37.0
9216.0,6237493.819999998,38.0
9216.0,6239339.801477043,38.0
9076.0,6239385.093991222,37.0
9216.0,6239417.33,38.0
9096.0,6239672.540544172,37.0
8976.0,6239890.43891128,36.0
9216.0,6240199.1499999985,37.0
9096.0,6241494.429494631,36.0
9216.0,6241494.462546887,38.0
9096.0,6241557.467741332,37.0
8976.0,6241833.31274318,36.0
8736.0,6241918.809379643,35.0
8364.0,6243289.290217928,34.0
9216.0,6244607.429494631,34.0
9096.0,6244623.429494631,33.0
9216.0,6246590.48,34.0
9096.0,6248053.1499999985,33.0
9216.0,6248053.297711048,36.0
9096.0,6249767.750631512,35.0
8840.0,6249949.741948648,34.0
8720.0,6251950.625907482,33.0
8600.0,6251982.634861337,32.0
8573.0,6252436.765102146,31.0
9216.0,6255130.3599999985,32.0
9216.0,6256502.83,32.0
9096.0,6256904.471269033,31.0
9096.0,6258265.025649608,31.0
9216.0,6258942.46,32.0
9216.0,6260042.801477043,32.0
9096.0,6260113.33,31.0
9216.0,6264501.53,32.0
9096.0,6265510.462546887,31.0
9216.0,6265510.502758164,33.0
9096.0,6265544.429494631,32.0
9216.0,6266223.296511692,34.0
9096.0,6266841.263162061,33.0
8976.0,6267183.819999998,32.0
9216.0,6269580.45,33.0
9216.0,6273059.48,33.0
9096.0,6274805.297711048,32.0
9216.0,6274805.34240927,35.0
9216.0,6275048.1499999985,35.0
9216.0,6275351.1998550445,35.0
9096.0,6275455.3599999985,34.0
8976.0,6276784.83,33.0
8876.0,6276997.45,32.0
9216.0,6277774.04,33.0
8896.0,6278397.589589816,32.0
9216.0,6278924.46,33.0
8987.0,6278951.444518997,32.0
9216.0,6279407.52,33.0
9096.0,6279623.46,32.0
8976.0,6280658.801477043,31.0
8876.0,6285229.04,30.0
9216.0,6285372.05,31.0
9096.0,6286758.53,30.0
9216.0,6286758.553296711,32.0
9096.0,6287756.462546887,31.0
8856.0,6292972.742413302,30.0
9216.0,6292972.753649954,32.0
9216.0,6293054.50764894,32.0
9076.0,6295117.013198675,31.0
9216.0,6295117.055088663,33.0
9216.0,6295286.055088663,33.0
9216.0,6295440.28,33.0
9216.0,6295465.502758164,33.0
9216.0,6295490.055088663,33.0
9216.0,6295634.1499999985,33.0
9096.0,6295703.055088663,32.0
8976.0,6295967.1998550445,31.0
9216.0,6297634.79,32.0
9216.0,6297839.79,32.0
9096.0,6298012.79,31.0
9216.0,6298012.805842216,33.0
9096.0,6298183.79,32.0
9216.0,6299225.59,33.0
9216.0,6299327.48,33.0
9216.0,6299889.46,33.0
9216.0,6300380.52,33.0
9216.0,6301188.6021164805,33.0
9096.0,6301243.34240927,32.0
8976.0,6301935.303670534,31.0
8856.0,6301937.297711048,30.0
9216.0,6303071.23967897,30.0
8563.0,6304491.817549706,29.0
9216.0,6307395.8999999985,30.0
9216.0,6307714.939215014,30.0
8916.0,6308391.453708331,29.0
8796.0,6308836.553296711,28.0
8556.0,6308848.50823984,27.0
8436.0,6308901.53,26.0
9216.0,6310680.75045072,27.0
9096.0,6315948.502758164,26.0
9216.0,6315948.526184548,28.0
9096.0,6315965.28,27.0
9040.0,6316281.5574363535,26.0
9216.0,6319454.94,27.0
9216.0,6320123.59,27.0
9096.0,6321213.52,26.0
9216.0,6322696.68,27.0
9096.0,6324323.805842216,26.0
9216.0,6324324.36489307,32.0
9096.0,6324495.937145035,31.0
8976.0,6324496.197915636,30.0
8856.0,6324501.064587988,29.0
8736.0,6324521.805842216,28.0
9216.0,6324751.14,29.0
9096.0,6324982.013198675,28.0
8996.0,6325090.302837898,27.0
9216.0,6325377.76,28.0
9096.0,6325435.1499999985,27.0
9216.0,6325546.54,28.0
9096.0,6325615.48,27.0
8976.0,6326588.46,26.0
8856.0,6327760.6021164805,25.0
9216.0,6328787.31,26.0
9216.0,6328850.361216372,26.0
9096.0,6329487.8999999985,25.0
8976.0,6329806.939215014,24.0
9216.0,6334481.21,25.0
9096.0,6336579.502758164,24.0
9216.0,6336579.544943069,26.0
9096.0,6336599.526184548,25.0
8976.0,6336965.68,24.0
9216.0,6340178.02,25.0
9216.0,6340330.7838072525,25.0
9216.0,6340668.744082994,27.0
9216.0,6340758.544082994,27.0
9216.0,6340859.120082994,27.0
9096.0,6341053.94,26.0
9216.0,6341117.744082994,26.0
9096.0,6341124.59,25.0
8021.0,6341249.3531714445,24.0
9216.0,6342561.31,25.0
8916.0,6344396.31,24.0
9216.0,6344396.331257019,26.0
9216.0,6345967.185054976,26.0
8896.0,6347511.05,25.0
9216.0,6347511.136491934,28.0
9216.0,6348496.136491934,28.0
9096.0,6350651.854564496,27.0
9216.0,6350651.87554271,29.0
9216.0,6350662.05,29.0
9216.0,6350853.87554271,29.0
9216.0,6350919.854564496,29.0
9216.0,6351131.854564496,29.0
9216.0,6351172.14,29.0
9216.0,6351854.76,29.0
9216.0,6352041.54,29.0
9216.0,6352060.31,29.0
9216.0,6352165.361216372,29.0
9216.0,6352721.296511692,29.0
9096.0,6354157.36489307,28.0
9216.0,6354157.414045593,30.0
9216.0,6354677.414045593,30.0
9216.0,6354745.36489307,30.0
9216.0,6354973.21,30.0
9216.0,6355193.21,30.0
9216.0,6355270.414045593,30.0
9216.0,6355315.36489307,30.0
9216.0,6355869.414045593,30.0
9216.0,6355897.36489307,30.0
9216.0,6356460.414045593,30.0
9116.0,6356510.36489307,29.0
9216.0,6356684.414045593,29.0
9216.0,6357028.502758164,29.0
9216.0,6358333.854564496,29.0
9116.0,6358551.854564496,28.0
9216.0,6360705.16,29.0
9116.0,6360823.16,28.0
8996.0,6361037.02,27.0
9216.0,6361037.058099059,29.0
9216.0,6361508.703807252,29.0
9216.0,6361729.703807252,29.0
9116.0,6361790.703807252,28.0
9216.0,6362027.27,29.0
9116.0,6362224.27,28.0
9216.0,6362583.08,29.0
9116.0,6362811.08,28.0
9216.0,6362831.3999999985,29.0
9116.0,6363028.3999999985,28.0
9216.0,6363958.9715931695,28.0
9096.0,6365696.544943069,27.0
9216.0,6365696.595278515,29.0
9116.0,6365876.544943069,28.0
9216.0,6366722.442469272,28.0
9216.0,6372849.154161172,28.0
8916.0,6373029.05,27.0
9216.0,6373941.78,28.0
9096.0,6375425.31,27.0
9216.0,6375425.435886005,31.0
9096.0,6375498.361216372,30.0
9216.0,6375758.59,31.0
9116.0,6377250.414045593,31.0
8996.0,6377253.87554271,30.0
9216.0,6377253.912630061,32.0
9096.0,6377423.14,31.0
8976.0,6377582.502758164,30.0
8856.0,6378658.76,29.0
9216.0,6378658.803423447,31.0
9096.0,6378790.54,30.0
9216.0,6380685.22,31.0
9216.0,6381951.058099059,31.0
9216.0,6382025.02,31.0
8916.0,6383271.9715931695,30.0
8796.0,6384471.21,29.0
9216.0,6384859.13,30.0
9096.0,6385179.59,29.0
8796.0,6385330.742413302,28.0
9216.0,6391382.21361433,28.0
7557.0,6395536.982081857,27.0
9216.0,6395537.029720859,32.0
9096.0,6395557.595278515,31.0
8976.0,6395709.982081857,30.0
8856.0,6396029.367640591,29.0
8736.0,6396082.3260491695,28.0
9216.0,6396098.52,29.0
9216.0,6396857.78,29.0
8960.0,6398273.803423447,28.0
8840.0,6398308.31,27.0
9216.0,6400610.96,28.0
9216.0,6400787.96,28.0
9216.0,6401371.0707532875,29.0
9096.0,6401792.22,28.0
8976.0,6402170.435886005,27.0
9216.0,6402823.53,28.0
9096.0,6402986.058099059,27.0
9216.0,6402989.3999999985,28.0
9096.0,6403960.87554271,27.0
8976.0,6403995.912630061,26.0
9216.0,6409718.315705389,28.0
9216.0,6411173.02,28.0
9096.0,6411485.13,27.0
9076.0,6413925.414045593,26.0
9216.0,6414043.52,27.0
9216.0,6416133.753649954,27.0
9216.0,6416163.982081857,27.0
9096.0,6416184.029720859,26.0
9216.0,6418402.7,27.0
9216.0,6419163.52,27.0
9096.0,6419921.78,26.0
9216.0,6421406.79,27.0
9216.0,6422333.0707532875,27.0
9096.0,6422391.0707532875,26.0
9216.0,6422678.46,27.0
9096.0,6425433.982081857,26.0
8796.0,6426387.31,25.0
9216.0,6426441.09,26.0
9216.0,6426609.09,26.0
9216.0,6426771.271090034,26.0
9096.0,6427315.96,25.0
9216.0,6428519.8120160075,27.0
9216.0,6429357.53,27.0
9096.0,6429688.3999999985,26.0
9216.0,6431031.136491934,26.0
9096.0,6434480.52,25.0
9216.0,6434480.592632019,28.0
9136.0,6434693.52,27.0
9216.0,6434696.545305121,27.0
9216.0,6434736.136491934,27.0
9096.0,6436602.982081857,26.0
9216.0,6436603.116785261,29.0
9216.0,6436695.982081857,29.0
9116.0,6436733.031586872,28.0
9216.0,6436733.116785261,28.0
9152.0,6436839.982081857,27.0
9216.0,6436865.68,28.0
9152.0,6436987.68,27.0
9216.0,6437046.1,28.0
9152.0,6437181.1,27.0
9032.0,6437694.02,26.0
9216.0,6438581.6099999985,27.0
9216.0,6439130.296511692,28.0
9152.0,6439223.296511692,27.0
9088.0,6439257.296511692,26.0
9216.0,6439507.29,26.0
9216.0,6439535.154161172,26.0
9216.0,6439774.154161172,26.0
8896.0,6440032.154161172,25.0
9216.0,6440032.196639987,27.0
9216.0,6440394.154161172,27.0
9216.0,6441760.7,27.0
9136.0,6441916.7,26.0
9216.0,6442191.95,27.0
9216.0,6442242.79,27.0
9216.0,6442251.6099999985,27.0
9152.0,6442337.95,26.0
9032.0,6442532.52,25.0
9216.0,6442532.546249333,27.0
9216.0,6443166.0707532875,27.0
9116.0,6445221.073919455,26.0
9216.0,6445221.0943706,28.0
9216.0,6445368.0943706,28.0
9152.0,6445436.073919455,27.0
9088.0,6445515.0943706,26.0
9216.0,6445723.154161172,26.0
9216.0,6446147.196639987,26.0
9216.0,6446218.8120160075,26.0
8976.0,6447051.8120160075,25.0
9216.0,6447051.8202544805,27.0
9216.0,6447144.8202544805,27.0
9216.0,6447318.196639987,27.0
9216.0,6447778.8202544805,27.0
9216.0,6447820.8120160075,27.0
8916.0,6447868.442469272,26.0
9216.0,6447868.461562194,28.0
9216.0,6447883.8202544805,28.0
9152.0,6448010.8202544805,27.0
9216.0,6448314.59,28.0
9152.0,6448451.59,27.0
8832.0,6448779.154161172,26.0
9216.0,6448779.17003328,28.0
9152.0,6448896.461562194,27.0
9216.0,6448902.29,27.0
9216.0,6448967.17003328,27.0
9216.0,6449179.17003328,27.0
9136.0,6449380.17003328,26.0
9216.0,6449380.209928095,28.0
9216.0,6449599.17003328,28.0
9216.0,6449811.17003328,28.0
9216.0,6450016.17003328,28.0
9216.0,6450143.17003328,28.0
9216.0,6450288.17003328,28.0
9136.0,6450443.17003328,27.0
9216.0,6450796.819999998,28.0
9136.0,6450944.819999998,27.0
9216.0,6450950.08,28.0
9216.0,6450993.08,28.0
9216.0,6451047.08,28.0
9215.0,6451089.08,27.0
9216.0,6451124.69572499,29.0
9215.0,6451215.68,28.0
9216.0,6451232.35,29.0
9216.0,6451271.69572499,29.0
9216.0,6451274.209928095,29.0
9215.0,6451306.35,28.0
9216.0,6451309.95,29.0
9215.0,6451369.95,28.0
9151.0,6451392.209928095,27.0
9216.0,6451408.69572499,27.0
9216.0,6452197.46,30.0
9215.0,6452287.46,29.0
9216.0,6452382.46,29.0
9136.0,6452593.46,28.0
9216.0,6452593.48331903,30.0
9216.0,6452663.46,30.0
9215.0,6452667.46,29.0
9195.0,6452676.46,28.0
9216.0,6452796.46,28.0
9096.0,6452824.69572499,27.0
9216.0,6452824.717218438,29.0
9152.0,6452931.46,28.0
9216.0,6452935.69572499,28.0
9216.0,6452974.717218438,28.0
9196.0,6453064.48331903,27.0
9216.0,6453069.09,27.0
9216.0,6453108.717218438,27.0
9216.0,6453120.69572499,27.0
9136.0,6453246.717218438,26.0
9216.0,6453246.757417159,28.0
9216.0,6453270.09,28.0
9216.0,6453320.69572499,28.0
9152.0,6453382.717218438,27.0
9216.0,6453423.757417159,27.0
9216.0,6453487.09,27.0
9096.0,6453499.69572499,26.0
9216.0,6453525.43,27.0
9136.0,6453710.43,26.0
9216.0,6453710.478698521,28.0
9196.0,6453799.478698521,27.0
9132.0,6453841.43,26.0
9216.0,6453887.280427337,28.0
9196.0,6454364.24,27.0
9216.0,6454956.592632019,27.0
9216.0,6455108.545305121,27.0
9216.0,6455254.545305121,27.0
9136.0,6455467.545305121,26.0
9216.0,6455467.572012115,29.0
9216.0,6455569.55527245,29.0
9216.0,6455587.8,29.0
9196.0,6455647.55527245,28.0
9216.0,6455686.545305121,28.0
9136.0,6455750.545305121,27.0
9216.0,6455750.561991114,29.0
9184.0,6455885.561991114,28.0
9216.0,6455892.545305121,28.0
9136.0,6456023.545305121,27.0
9216.0,6456023.567731966,29.0
9216.0,6456125.53,29.0
9184.0,6456126.567731966,28.0
9216.0,6456126.607569445,30.0
9216.0,6456170.567731966,30.0
9216.0,6456178.545305121,30.0
9216.0,6456217.607569445,30.0
9200.0,6456292.567731966,29.0
9216.0,6456313.545305121,29.0
9200.0,6456448.572012115,28.0
9216.0,6456468.545305121,28.0
9184.0,6456594.545305121,27.0
9216.0,6456637.19,28.0
9200.0,6456761.19,27.0
9216.0,6456863.2,28.0
9196.0,6456896.607569445,27.0
9180.0,6456910.2,26.0
9216.0,6457032.95,27.0
9196.0,6457153.95,26.0
9216.0,6457161.96,27.0
9200.0,6460761.96,26.0
9216.0,6460762.998825216,34.0
9216.0,6461094.580216793,34.0
9216.0,6460843.212210558,34.0
9216.0,6460867.082638379,34.0
9216.0,6460991.36780211,34.0
9216.0,6461004.000757169,34.0
9196.0,6461450.555927519,33.0
9216.0,6461692.766211617,33.0
9184.0,6461796.766211617,32.0
9216.0,6463175.116785261,32.0
9216.0,6463354.52,32.0
9216.0,6463383.546249333,32.0
9208.0,6464361.96,31.0
9192.0,6464362.998825216,30.0
9176.0,6464443.212210558,29.0
9160.0,6464467.082638379,28.0
9216.0,6465601.6099999985,28.0
9216.0,6465615.79,28.0
9216.0,6471444.76,28.0
9216.0,6473299.0707532875,28.0
9216.0,6474331.280427337,28.0
9216.0,6475389.592632019,28.0
9216.0,6477846.6099999985,28.0
9196.0,6478991.36780211,27.0
9176.0,6479004.000757169,26.0
9216.0,6479760.757417159,26.0
9201.0,6481153.050660586,26.0
9161.0,6481308.050660586,29.0
9161.0,6481452.050660586,29.0
9161.0,6481717.050660586,29.0
9161.0,6481770.050660586,29.0
9161.0,6481776.050660586,29.0
9161.0,6481856.050660586,29.0
9161.0,6482296.8,29.0
9161.0,6482624.53,29.0
9161.0,6482630.09,29.0
9161.0,6484023.116785261,29.0
9161.0,6484196.116785261,29.0
9161.0,6484202.52,29.0
9161.0,6488763.79,29.0
9161.0,6489555.546249333,29.0
9121.0,6490084.6099999985,29.0
9192.0,6490332.954658106,31.0
9192.0,6490497.954658106,31.0
9192.0,6491339.954658106,31.0
9192.0,6494966.331257019,31.0
9192.0,6495603.21361433,31.0
9192.0,6495995.592632019,31.0
9192.0,6496478.0707532875,31.0
9192.0,6500387.757417159,31.0
9192.0,6502617.280427337,31.0
9192.0,6505218.52,31.0
9192.0,6508767.8,31.0
9192.0,6509332.53,31.0
9192.0,6509647.09,31.0
9172.0,6509786.79,31.0
9172.0,6510006.79,31.0
9192.0,6510183.79,31.0
9172.0,6512653.546249333,31.0
9192.0,6512868.546249333,31.0
9172.0,6513483.6099999985,31.0
9172.0,6513674.6099999985,31.0
9172.0,6513882.116785261,31.0
9172.0,6513893.6099999985,31.0
9172.0,6514110.6099999985,31.0
9192.0,6514323.6099999985,31.0
9192.0,6516479.592632019,31.0
9192.0,6516546.196639987,31.0
9192.0,6516910.954658106,31.0
9172.0,6516979.0707532875,31.0
9172.0,6517059.8120160075,31.0
9172.0,6517107.442469272,31.0
9172.0,6517116.0707532875,31.0
9172.0,6517504.0707532875,31.0
9152.0,6517940.0707532875,31.0
9152.0,6518138.0707532875,31.0
9152.0,6518141.29,31.0
9152.0,6518397.0707532875,31.0
9152.0,6518640.0707532875,31.0
9072.0,6518884.0707532875,30.0
9092.0,6520041.24,31.0
9132.0,6521343.136491934,31.0
9212.0,6522666.06,32.0
9212.0,6522884.06,32.0
9212.0,6523080.06,32.0
9132.0,6523277.06,31.0
9212.0,6523295.59,32.0
9132.0,6523486.59,31.0
9172.0,6523560.280427337,31.0
9172.0,6523726.280427337,31.0
9172.0,6526175.52,31.0
9172.0,6527564.136491934,31.0
9172.0,6528529.757417159,31.0
9212.0,6528944.154161172,33.0
9212.0,6529111.154161172,33.0
9212.0,6529137.154161172,33.0
9212.0,6529300.154161172,33.0
9132.0,6529353.154161172,32.0
9172.0,6529384.154161172,32.0
9172.0,6529589.154161172,32.0
9192.0,6530020.76,33.0
9192.0,6530706.196639987,33.0
9192.0,6531219.8120160075,33.0
9192.0,6531256.442469272,33.0
9192.0,6531403.136491934,35.0
9192.0,6531507.136491934,35.0
9192.0,6531532.136491934,35.0
9192.0,6531549.136491934,35.0
9192.0,6531649.136491934,35.0
9192.0,6531656.136491934,35.0
9112.0,6531673.136491934,34.0
9192.0,6531754.154161172,34.0
9192.0,6531759.982081857,34.0
9112.0,6531778.136491934,33.0
9152.0,6531797.136491934,33.0
9152.0,6532290.29,34.0
9152.0,6533497.196639987,35.0
9152.0,6533649.79,35.0
8912.0,6533955.8120160075,34.0
8992.0,6533962.442469272,34.0
9192.0,6534981.8,34.0
9072.0,6536052.53,33.0
8952.0,6536294.546249333,32.0
9152.0,6536400.09,32.0
9032.0,6536985.592632019,31.0
9048.0,6537273.29,32.0
8928.0,6537389.954658106,31.0
8912.0,6537962.29,30.0
8928.0,6537962.96,31.0
8908.0,6538041.24,30.0
9212.0,6538051.96,30.0
9188.0,6538728.280427337,31.0
9188.0,6538829.315705389,31.0
9172.0,6538961.280427337,30.0
9132.0,6539083.753649954,30.0
9148.0,6539940.79,31.0
9132.0,6540057.79,30.0
9148.0,6540423.85,31.0
9132.0,6540589.85,30.0
9148.0,6540710.0,31.0
9132.0,6540770.0,30.0
9012.0,6540835.6099999985,29.0
9028.0,6541195.97,30.0
9012.0,6541255.97,29.0
9132.0,6542666.49,30.0
9132.0,6543906.154161172,30.0
9132.0,6543937.116785261,30.0
9132.0,6546021.442469272,30.0
9132.0,6547020.8,30.0
9012.0,6547099.52,29.0
9012.0,6548397.09,29.0
9012.0,6548445.96,29.0
9212.0,6549418.757417159,29.0
9212.0,6554195.196639987,29.0
9212.0,6554315.79,29.0
9212.0,6554523.154161172,29.0
9212.0,6555314.136491934,29.0
9212.0,6555482.136491934,29.0
9212.0,6555803.29,29.0
9212.0,6556638.442469272,29.0
9212.0,6556715.76,29.0
9212.0,6556763.442469272,29.0
9212.0,6556867.442469272,29.0
9212.0,6556996.442469272,29.0
9212.0,6557137.442469272,29.0
9212.0,6557320.442469272,29.0
9212.0,6557538.154161172,29.0
9212.0,6557648.8,29.0
9212.0,6558470.09,29.0
9212.0,6558540.96,29.0
9212.0,6559240.29,29.0
9212.0,6559524.757417159,29.0
9212.0,6560226.196639987,29.0
9212.0,6563844.49,29.0
9212.0,6564640.154161172,29.0
9212.0,6565048.116785261,29.0
9212.0,6565078.280427337,29.0
9212.0,6567453.753649954,29.0
9212.0,6567626.753649954,29.0
9212.0,6568932.442469272,29.0
9212.0,6569073.442469272,29.0
9212.0,6569451.8,29.0
9212.0,6570353.96,29.0
9212.0,6570528.09,29.0
9212.0,6571315.757417159,29.0
9212.0,6574769.196639987,29.0
9212.0,6574896.79,29.0
9032.0,6575384.954658106,29.0
9032.0,6576569.154161172,29.0
9112.0,6577206.050660586,29.0
9192.0,6577232.050660586,29.0
9192.0,6577237.050660586,29.0
9192.0,6577283.050660586,29.0
9192.0,6579988.29,29.0
9192.0,6580862.442469272,29.0
9192.0,6580931.76,29.0
9192.0,6581401.8,29.0
9192.0,6581578.8,29.0
9112.0,6581755.8,29.0
9152.0,6582335.09,30.0
9152.0,6582489.96,30.0
9152.0,6582624.96,30.0
9152.0,6583167.757417159,30.0
9152.0,6583184.96,30.0
9152.0,6583854.154161172,30.0
9152.0,6584758.49,30.0
9152.0,6584923.136491934,30.0
9152.0,6585664.29,30.0
9152.0,6585973.116785261,30.0
9032.0,6586988.196639987,29.0
9212.0,6587032.954658106,29.0
9212.0,6588481.154161172,29.0
9212.0,6588699.331257019,29.0
9212.0,6589133.050660586,29.0
9212.0,6589253.050660586,29.0
9132.0,6589921.96,30.0
9132.0,6590089.96,30.0
9028.0,6590657.24,30.0
9012.0,6590717.24,29.0
9028.0,6590833.78,30.0
9012.0,6590893.78,29.0
8892.0,6591183.280427337,28.0
8908.0,6591277.069999998,29.0
8892.0,6591337.069999998,28.0
8908.0,6591532.18,29.0
8892.0,6591592.18,28.0
8992.0,6591650.52,29.0
9092.0,6591820.27,30.0
8992.0,6591843.52,29.0
8892.0,6592276.27,28.0
9012.0,6592592.39,29.0
9132.0,6592624.3999999985,30.0
9172.0,6592856.442469272,30.0
9172.0,6595233.196639987,30.0
9052.0,6595317.79,29.0
8932.0,6595932.753649954,28.0
9132.0,6597072.819999998,29.0
8972.0,6598596.21361433,29.0
8972.0,6598742.21361433,29.0
9132.0,6599217.49,30.0
8972.0,6599401.49,29.0
8973.0,6599619.069999998,30.0
8972.0,6599708.069999998,29.0
8973.0,6599905.22,30.0
8972.0,6599985.22,29.0
8973.0,6600040.05,30.0
8974.0,6600095.34,31.0
8975.0,6600140.93,32.0
8974.0,6600145.05,31.0
8973.0,6600191.34,30.0
8972.0,6600221.93,29.0
8973.0,6600494.01,30.0
8974.0,6600572.58,31.0
8973.0,6600574.01,30.0
8972.0,6600662.58,29.0
9152.0,6600704.5,31.0
9153.0,6600821.87,32.0
9152.0,6601421.87,31.0
9212.0,6601929.6099999985,32.0
9152.0,6601981.5,31.0
9153.0,6602813.28,32.0
9152.0,6602902.28,31.0
9168.0,6603331.26,32.0
9152.0,6603391.26,31.0
9153.0,6603517.5,32.0
9152.0,6604117.5,31.0
9152.0,6604164.29,31.0
9152.0,6605083.76,31.0
9192.0,6605183.96,32.0
9208.0,6605222.76,33.0
9192.0,6605282.76,32.0
9192.0,6605788.49,32.0
9072.0,6605932.136491934,31.0
9032.0,6606127.96,30.0
9152.0,6606156.87,31.0
9192.0,6606181.12,32.0
9208.0,6606204.3999999985,33.0
9192.0,6606264.3999999985,32.0
9152.0,6606340.12,31.0
9152.0,6606359.87,31.0
9192.0,6606407.13,32.0
9192.0,6606577.87,32.0
9212.0,6607589.56,33.0
9213.0,6607976.59,34.0
9212.0,6608065.59,33.0
9213.0,6608383.02,34.0
9212.0,6608462.02,33.0
9212.0,6608499.56,33.0
9192.0,6608577.56,32.0
9152.0,6608848.09,32.0
9072.0,6608985.09,31.0
9152.0,6609329.74,32.0
9072.0,6609441.74,31.0
9088.0,6609632.38,32.0
9072.0,6609692.38,31.0
9088.0,6609813.77,32.0
9208.0,6609822.5,33.0
9192.0,6609872.77,32.0
9208.0,6609880.7,33.0
9209.0,6609892.34,34.0
9193.0,6609940.7,33.0
9192.0,6609970.34,32.0
9208.0,6610081.49,33.0
9192.0,6610141.49,32.0
9193.0,6610174.6099999985,33.0
9209.0,6610245.42,34.0
9208.0,6610259.6099999985,33.0
9209.0,6610290.04,34.0
9193.0,6610305.42,33.0
9192.0,6610890.04,32.0
9152.0,6611739.13,31.0
9192.0,6611796.45,32.0
9192.0,6612558.29,32.0
9193.0,6612653.93,33.0
9193.0,6613028.116785261,33.0
9193.0,6613203.116785261,33.0
9194.0,6613235.93,34.0
9193.0,6613253.93,33.0
9193.0,6613275.39,33.0
9192.0,6613306.93,32.0
9192.0,6613411.116785261,33.0
9193.0,6613416.35,34.0
9192.0,6613498.35,33.0
9193.0,6613508.5,34.0
9193.0,6613562.116785261,34.0
9153.0,6613564.3999999985,34.0
9153.0,6613693.116785261,34.0
9153.0,6613695.3999999985,34.0
9153.0,6613697.154161172,34.0
9193.0,6613838.3999999985,34.0
9193.0,6613852.116785261,34.0
9113.0,6614005.116785261,33.0
9112.0,6614108.5,32.0
9072.0,6614614.116785261,31.0
9192.0,6615207.94,32.0
9208.0,6615217.64,33.0
9192.0,6615277.64,32.0
9192.0,6615322.757417159,32.0
9193.0,6615350.53,33.0
9153.0,6615497.45,32.0
9152.0,6615950.53,31.0
9152.0,6616379.21361433,31.0
9032.0,6616423.96,30.0
9192.0,6616971.76,30.0
9192.0,6618012.154161172,30.0
9212.0,6619538.02,31.0
9213.0,6619675.76,32.0
9212.0,6619760.76,31.0
9212.0,6619890.02,31.0
9213.0,6620158.819999998,32.0
9212.0,6620206.819999998,31.0
9212.0,6620264.02,31.0
9212.0,6621088.02,31.0
9212.0,6621560.050660586,31.0
9212.0,6622116.02,31.0
9212.0,6622170.6099999985,32.0
9212.0,6622935.050660586,32.0
9212.0,6622966.02,32.0
9212.0,6623074.050660586,32.0
9212.0,6623217.196639987,33.0
9192.0,6623259.6099999985,32.0
9212.0,6623907.02,32.0
9212.0,6624067.02,32.0
9212.0,6624651.5,32.0
9212.0,6624696.196639987,32.0
9192.0,6624802.196639987,31.0
9152.0,6625049.6099999985,30.0
9153.0,6625821.68,31.0
9154.0,6625955.54,32.0
9154.0,6626232.76,32.0
9155.0,6626318.319999998,33.0
9154.0,6626408.68,32.0
9153.0,6626541.319999998,31.0
9154.0,6626554.03,32.0
9153.0,6626564.54,31.0
9113.0,6626630.02,30.0
9112.0,6626668.03,29.0
9113.0,6626739.3,30.0
9193.0,6626868.49,30.0
9194.0,6626943.97,31.0
9195.0,6627779.14,32.0
9195.0,6627996.29,32.0
9194.0,6629939.3,31.0
9194.0,6630123.757417159,31.0
9193.0,6630749.97,30.0
9193.0,6631103.757417159,30.0
9192.0,6632659.14,29.0
9192.0,6633284.87,29.0
9172.0,6633537.21361433,30.0
9212.0,6633916.050660586,30.0
9212.0,6634187.154161172,30.0
9212.0,6634275.3999999985,30.0
9212.0,6635620.050660586,30.0
9212.0,6636685.5,30.0
9212.0,6636707.154161172,30.0
9212.0,6639135.29,30.0
9212.0,6641873.94,30.0
9212.0,6641957.39,30.0
9212.0,6643638.757417159,30.0
9212.0,6647211.050660586,30.0
9212.0,6648654.154161172,30.0
9212.0,6650275.76,30.0
9212.0,6652064.29,30.0
9212.0,6654058.5,30.0
9212.0,6654135.87,30.0
9212.0,6654407.21361433,30.0
9212.0,6654895.3999999985,30.0
9212.0,6655775.757417159,30.0
9212.0,6657227.5,30.0
9212.0,6659284.050660586,30.0
9212.0,6660437.154161172,30.0
9212.0,6660553.154161172,30.0
9212.0,6661206.982081857,30.0
9132.0,6661434.819999998,30.0
9192.0,6664139.954658106,32.0
9192.0,6665890.29,32.0
9192.0,6667817.757417159,32.0
9176.0,6668346.315705389,35.0
9176.0,6668587.94,35.0
9176.0,6671108.39,35.0
9176.0,6671310.050660586,35.0
9176.0,6671312.39,35.0
9176.0,6672090.09,36.0
9176.0,6672505.154161172,36.0
9216.0,6672967.56,37.0
9176.0,6673102.56,36.0
9176.0,6673140.29,36.0
9216.0,6673484.569999998,37.0
9156.0,6674036.21361433,38.0
9116.0,6674206.569999998,37.0
9116.0,6674997.5,37.0
9117.0,6675426.51,38.0
9116.0,6675515.51,37.0
9116.0,6675533.954658106,37.0
9136.0,6675572.01,38.0
9176.0,6675734.0,39.0
9136.0,6675861.0,38.0
9176.0,6676025.97,39.0
9216.0,6676074.47,40.0
9176.0,6676125.97,39.0
9196.0,6676618.64,40.0
9197.0,6676680.72,41.0
9177.0,6676716.64,40.0
9057.0,6676733.76,39.0
9073.0,6676736.01,40.0
9072.0,6676779.72,39.0
9056.0,6676796.01,38.0
9156.0,6676950.38,39.0
9036.0,6677080.87,38.0
8936.0,6677119.38,37.0
9216.0,6677139.442469272,38.0
9196.0,6677403.21361433,38.0
9216.0,6677410.16,39.0
9196.0,6677457.16,38.0
9196.0,6677538.21361433,38.0
9176.0,6677640.5,38.0
9156.0,6677686.01,37.0
9157.0,6677876.73,38.0
9117.0,6678029.47,37.0
9157.0,6678123.1099999985,38.0
9177.0,6678247.5,38.0
9177.0,6678457.5,38.0
8937.0,6678476.050660586,37.0
8936.0,6678552.73,36.0
8937.0,6678588.71,37.0
9177.0,6678614.8999999985,38.0
9137.0,6678671.1099999985,37.0
9141.0,6678721.6,38.0
9137.0,6678802.6,37.0
9037.0,6678939.21361433,36.0
9038.0,6678961.19,37.0
9037.0,6679104.19,36.0
9057.0,6679215.33,37.0
9077.0,6679242.49,38.0
9078.0,6679255.1,39.0
9058.0,6679291.33,38.0
9057.0,6679447.1,37.0
9058.0,6679478.2,38.0
9057.0,6679537.2,37.0
9058.0,6679540.28,38.0
9059.0,6679652.8,39.0
9058.0,6679759.8,38.0
9078.0,6679821.58,39.0
9058.0,6679910.58,38.0
9058.0,6679912.757417159,38.0
9057.0,6679985.28,37.0
9058.0,6679997.1499999985,38.0
9038.0,6680110.49,37.0
9037.0,6680219.1499999985,36.0
9038.0,6680267.78,37.0
9038.0,6680307.315705389,37.0
9038.0,6680350.315705389,37.0
9037.0,6680488.78,36.0
9038.0,6680497.67,37.0
9038.0,6680535.315705389,37.0
9058.0,6680649.96,38.0
9078.0,6680723.68,39.0
9058.0,6680726.96,38.0
9057.0,6680741.67,37.0
9077.0,6680794.49,38.0
9057.0,6680795.68,37.0
9058.0,6680800.31,38.0
9038.0,6680847.49,37.0
9037.0,6680883.31,36.0
9057.0,6680931.26,37.0
9177.0,6680994.154161172,37.0
9157.0,6681020.26,36.0
9157.0,6681563.8999999985,36.0
9156.0,6681818.71,35.0
9176.0,6681898.331257019,35.0
9176.0,6683075.8,35.0
9177.0,6683099.21,36.0
9193.0,6683176.81,37.0
9177.0,6683270.81,36.0
9193.0,6683470.72,37.0
9177.0,6683544.72,36.0
9177.0,6683659.315705389,36.0
9177.0,6683843.154161172,36.0
9177.0,6684314.154161172,36.0
9177.0,6684359.8999999985,36.0
9157.0,6684380.3999999985,36.0
9157.0,6684382.050660586,36.0
9157.0,6684502.3999999985,36.0
9157.0,6684629.3999999985,36.0
9156.0,6684661.21,35.0
9120.0,6684718.3999999985,35.0
9200.0,6685291.41,36.0
9200.0,6685406.41,36.0
9120.0,6685506.41,35.0
9200.0,6685533.91,36.0
9200.0,6685671.91,36.0
9200.0,6685742.8,36.0
9200.0,6685845.21361433,36.0
9140.0,6685867.91,36.0
9120.0,6685956.91,35.0
9140.0,6685986.8999999985,36.0
9140.0,6686308.050660586,36.0
9160.0,6686479.66,37.0
9140.0,6686558.66,36.0
9200.0,6686605.154161172,36.0
9200.0,6686750.29,36.0
9216.0,6686796.85,37.0
9200.0,6686878.85,36.0
9200.0,6687090.8999999985,36.0
9200.0,6687118.050660586,36.0
9200.0,6687394.442469272,36.0
9200.0,6687522.954658106,36.0
9216.0,6687585.46,37.0
9200.0,6687674.46,36.0
9200.0,6687724.954658106,36.0
9216.0,6687846.39,37.0
9216.0,6687873.954658106,37.0
9216.0,6687895.819999998,37.0
9216.0,6688023.442469272,37.0
9216.0,6688044.954658106,37.0
9216.0,6688138.331257019,37.0
9200.0,6688153.39,36.0
9200.0,6688303.331257019,36.0
9200.0,6688391.954658106,36.0
9200.0,6688440.8,36.0
9200.0,6688626.442469272,36.0
9200.0,6688965.442469272,36.0
9200.0,6689022.8999999985,36.0
9200.0,6689100.8999999985,36.0
9200.0,6689178.8999999985,36.0
9200.0,6689242.331257019,36.0
9180.0,6689435.8999999985,35.0
9180.0,6689436.94,35.0
9180.0,6689594.76,35.0
9180.0,6689804.8999999985,35.0
9180.0,6689822.050660586,35.0
9180.0,6690924.954658106,35.0
9180.0,6690941.954658106,35.0
9180.0,6691139.8,35.0
9180.0,6691905.315705389,35.0
9180.0,6692023.315705389,35.0
9180.0,6692210.315705389,35.0
9180.0,6692479.050660586,35.0
9180.0,6692479.315705389,35.0
9180.0,6692492.8999999985,35.0
9180.0,6692512.757417159,35.0
9180.0,6693068.154161172,35.0
9180.0,6693754.8,35.0
9140.0,6694427.21361433,35.0
9140.0,6694540.050660586,35.0
9140.0,6694584.21361433,35.0
9204.0,6694601.47,36.0
9164.0,6694624.09,36.0
9164.0,6694737.21361433,36.0
9180.0,6694739.47,36.0
9180.0,6694756.21361433,36.0
9180.0,6694759.315705389,36.0
9180.0,6694813.09,36.0
9180.0,6694873.47,36.0
9180.0,6694881.21361433,36.0
9180.0,6694954.09,36.0
9180.0,6694988.47,36.0
9180.0,6695001.21361433,36.0
9180.0,6695079.09,36.0
9180.0,6695094.050660586,36.0
9180.0,6695096.8999999985,36.0
9180.0,6695118.21361433,36.0
9180.0,6695133.47,36.0
9180.0,6695188.09,36.0
9180.0,6695256.21361433,36.0
9180.0,6695281.47,36.0
9180.0,6695288.09,36.0
9180.0,6695365.315705389,36.0
9180.0,6695375.21361433,36.0
9180.0,6695387.5,36.0
9180.0,6695435.47,36.0
9164.0,6695441.09,36.0
9204.0,6695490.21361433,36.0
9144.0,6695540.47,36.0
9200.0,6695567.09,36.0
9180.0,6695632.47,35.0
9180.0,6695741.29,35.0
9200.0,6696015.73,36.0
9180.0,6696213.73,35.0
9200.0,6696228.16,36.0
9200.0,6696442.315705389,36.0
9200.0,6696798.050660586,36.0
9200.0,6696805.315705389,36.0
9200.0,6696934.315705389,36.0
9180.0,6697206.16,35.0
9180.0,6697353.315705389,35.0
9180.0,6697370.154161172,35.0
9180.0,6697378.757417159,35.0
9180.0,6697430.21361433,35.0
9180.0,6697627.315705389,35.0
9180.0,6697893.315705389,35.0
9180.0,6697919.39,35.0
9180.0,6697971.315705389,35.0
9180.0,6698034.315705389,35.0
9180.0,6698047.757417159,35.0
9180.0,6698126.39,35.0
9180.0,6698170.154161172,35.0
9180.0,6698329.315705389,35.0
9180.0,6698697.050660586,35.0
9181.0,6699059.59,36.0
9180.0,6699148.59,35.0
9181.0,6699274.93,36.0
9182.0,6699318.58,37.0
9183.0,6699358.35,38.0
9182.0,6699361.93,37.0
9181.0,6699398.58,36.0
9180.0,6699430.35,35.0
9181.0,6699772.54,36.0
9180.0,6699877.54,35.0
9181.0,6699918.04,36.0
9180.0,6699999.04,35.0
9181.0,6700040.26,36.0
9182.0,6700124.6499999985,37.0
9181.0,6700127.26,36.0
9180.0,6700176.6499999985,35.0
9181.0,6700180.91,36.0
9180.0,6700232.91,35.0
9181.0,6700271.12,36.0
9180.0,6700352.12,35.0
9181.0,6700353.569999998,36.0
9182.0,6700423.41,37.0
9181.0,6700425.569999998,36.0
9197.0,6700617.3999999985,36.0
9216.0,6700629.41,36.0
9216.0,6700677.3999999985,36.0
9196.0,6700711.41,35.0
9196.0,6700737.3999999985,35.0
9197.0,6700774.55,36.0
9197.0,6700797.3999999985,36.0
9216.0,6700843.55,36.0
9216.0,6700857.3999999985,36.0
9198.0,6700941.55,37.0
9198.0,6700979.3999999985,37.0
9199.0,6700990.8599999985,38.0
9198.0,6701010.55,37.0
9197.0,6701024.55,36.0
9216.0,6701064.8599999985,36.0
9201.0,6701100.196639987,38.0
9181.0,6701111.8599999985,37.0
9165.0,6701114.3999999985,37.0
9164.0,6701189.196639987,36.0
9100.0,6701245.196639987,35.0
9156.0,6701255.3999999985,35.0
9036.0,6701397.09,34.0
9116.0,6701530.18,35.0
9096.0,6701634.196639987,34.0
9216.0,6701646.18,34.0
9216.0,6703252.8,34.0
9216.0,6704419.8999999985,34.0
9216.0,6704536.315705389,34.0
9216.0,6704607.050660586,34.0
9216.0,6704666.315705389,34.0
9216.0,6707084.954658106,34.0
9216.0,6707327.5,36.0
9216.0,6707443.5,36.0
9216.0,6707548.5,39.0
9216.0,6707580.442469272,39.0
9216.0,6707609.442469272,39.0
9216.0,6707652.757417159,39.0
9216.0,6707682.442469272,39.0
9216.0,6707706.331257019,39.0
9216.0,6707929.5,39.0
9216.0,6708002.154161172,39.0
9216.0,6708079.5,39.0
9216.0,6708102.21361433,39.0
9216.0,6708194.5,39.0
9216.0,6708216.5,39.0
9216.0,6708225.5,39.0
9216.0,6708290.5,39.0
9216.0,6708341.315705389,39.0
9196.0,6708549.5,38.0
9176.0,6708612.5,37.0
9176.0,6708699.819999998,37.0
9192.0,6708710.12,38.0
9176.0,6708770.12,37.0
9156.0,6708966.5,36.0
9136.0,6709117.5,35.0
9152.0,6709163.1099999985,36.0
9136.0,6709223.1099999985,35.0
9116.0,6709265.5,34.0
9132.0,6709335.77,35.0
9116.0,6709395.77,34.0
9132.0,6709635.5,35.0
9116.0,6709695.5,34.0
9132.0,6709721.83,35.0
9116.0,6709781.83,34.0
9116.0,6710068.315705389,34.0
9196.0,6710240.94,34.0
9176.0,6710514.5,33.0
9176.0,6710524.050660586,33.0
9176.0,6711176.8,33.0
9176.0,6713161.29,33.0
9176.0,6713307.050660586,33.0
9216.0,6713679.49,33.0
9176.0,6714054.050660586,33.0
9176.0,6714174.050660586,33.0
9176.0,6714634.8999999985,33.0
9216.0,6716061.050660586,34.0
9216.0,6716063.09,34.0
9216.0,6716170.29,34.0
9216.0,6716343.29,34.0
9136.0,6716806.315705389,34.0
9176.0,6717092.050660586,35.0
9176.0,6717579.954658106,35.0
9176.0,6717589.954658106,35.0
9176.0,6719253.5,35.0
9176.0,6719385.21361433,35.0
9176.0,6720765.8,35.0
9216.0,6721886.94,35.0
9136.0,6723215.315705389,35.0
9136.0,6723254.49,35.0
9136.0,6723796.050660586,35.0
9136.0,6724283.8999999985,35.0
9136.0,6724553.39,35.0
9136.0,6724720.39,35.0
9136.0,6724886.39,35.0
9136.0,6725063.39,35.0
9136.0,6725732.050660586,35.0
9176.0,6726221.331257019,36.0
9216.0,6726333.757417159,37.0
9136.0,6726340.442469272,37.0
9016.0,6726397.331257019,36.0
9136.0,6726424.26,37.0
9136.0,6726499.315705389,37.0
9176.0,6726688.442469272,38.0
9176.0,6726799.050660586,38.0
9096.0,6726916.21361433,38.0
9016.0,6726990.315705389,38.0
9176.0,6727075.954658106,39.0
9096.0,6727185.154161172,39.0
9016.0,6729090.315705389,39.0
9096.0,6730500.8,39.0
9216.0,6730625.3999999985,39.0
9216.0,6730728.3999999985,39.0
9216.0,6730797.3999999985,39.0
9216.0,6730949.315705389,39.0
9216.0,6731360.94,39.0
9216.0,6733971.29,39.0
9216.0,6736432.09,39.0
9216.0,6736774.29,39.0
9216.0,6736860.050660586,39.0
9216.0,6736978.29,39.0
9216.0,6737037.050660586,39.0
9216.0,6737202.29,39.0
9216.0,6737791.819999998,39.0
9216.0,6741337.050660586,39.0
9216.0,6742169.315705389,39.0
9216.0,6742484.315705389,39.0
9216.0,6742524.050660586,40.0
9216.0,6743114.5,40.0
9096.0,6743136.050660586,39.0
8976.0,6743256.21361433,38.0
9056.0,6743508.8999999985,38.0
9176.0,6744089.8999999985,39.0
8936.0,6744341.315705389,38.0
9136.0,6744466.954658106,38.0
9016.0,6744538.954658106,37.0
9016.0,6744613.954658106,37.0
9136.0,6746478.04,38.0
9196.0,6746977.154161172,38.0
9196.0,6747176.26,38.0
9076.0,6747513.442469272,37.0
9056.0,6747763.954658106,37.0
9056.0,6748936.154161172,37.0
9056.0,6749689.954658106,37.0
9056.0,6750881.154161172,37.0
9176.0,6751200.0,38.0
9176.0,6751471.39,38.0
9176.0,6751606.954658106,38.0
9176.0,6751671.954658106,38.0
9176.0,6752826.154161172,38.0
9176.0,6753591.954658106,38.0
9176.0,6753920.315705389,39.0
9176.0,6754088.315705389,39.0
9176.0,6754092.315705389,39.0
9176.0,6754257.315705389,39.0
9056.0,6754263.315705389,38.0
8936.0,6754512.29,37.0
8936.0,6754722.154161172,37.0
9116.0,6755328.757417159,37.0
9116.0,6755520.954658106,37.0
9136.0,6756656.154161172,37.0
9216.0,6756719.442469272,37.0
9096.0,6756916.09,36.0
9116.0,6757296.757417159,36.0
9136.0,6757452.954658106,36.0
9200.0,6757461.35,37.0
9200.0,6757571.35,37.0
9200.0,6757681.35,37.0
9136.0,6757827.35,36.0
9196.0,6757922.954658106,36.0
9212.0,6758416.8,37.0
9196.0,6758476.8,36.0
9196.0,6759820.954658106,36.0
9116.0,6759832.954658106,37.0
9216.0,6759944.55,38.0
9216.0,6759969.8999999985,38.0
9116.0,6760004.954658106,37.0
9136.0,6761168.55,37.0
9136.0,6761216.819999998,37.0
9076.0,6761739.954658106,37.0
9196.0,6762376.34,38.0
9197.0,6763010.72,39.0
9198.0,6763058.25,40.0
9197.0,6763077.72,39.0
9196.0,6763127.25,38.0
9196.0,6763335.29,38.0
9212.0,6763628.6099999985,39.0
9213.0,6763723.67,40.0
9214.0,6763773.14,41.0
9213.0,6763812.67,40.0
9212.0,6763854.14,39.0
9196.0,6763944.6099999985,38.0
9197.0,6763969.08,39.0
9196.0,6764037.08,38.0
9196.0,6764205.315705389,38.0
9196.0,6764743.315705389,38.0
9197.0,6765225.23,39.0
9196.0,6765326.23,38.0
9216.0,6765924.050660586,39.0
9216.0,6765986.050660586,39.0
9176.0,6766065.050660586,38.0
9176.0,6766131.050660586,38.0
9176.0,6766248.050660586,38.0
9156.0,6766385.050660586,38.0
9156.0,6766454.49,38.0
9156.0,6766518.49,38.0
9156.0,6766913.050660586,38.0
9156.0,6766996.050660586,38.0
9156.0,6767134.954658106,38.0
9136.0,6767416.04,38.0
9156.0,6767418.050660586,38.0
9176.0,6767421.050660586,38.0
9176.0,6768181.26,38.0
9216.0,6768503.8999999985,39.0
9216.0,6769421.331257019,39.0
9216.0,6769533.757417159,39.0
9096.0,6769609.050660586,38.0
8996.0,6769878.04,37.0
8996.0,6769888.442469272,37.0
9116.0,6769956.89,38.0
9116.0,6769999.050660586,38.0
9116.0,6770116.21361433,38.0
9036.0,6770117.954658106,38.0
9156.0,6770188.5,38.0
9156.0,6770275.954658106,38.0
9036.0,6770798.8999999985,37.0
9156.0,6770895.85,38.0
9156.0,6771542.0,38.0
9036.0,6771829.39,37.0
9056.0,6772272.28,38.0
9036.0,6772703.28,37.0
9056.0,6772862.04,38.0
9036.0,6772934.04,37.0
9076.0,6772989.1099999985,38.0
9036.0,6773062.1099999985,37.0
9056.0,6773087.08,38.0
9056.0,6773754.442469272,38.0
9056.0,6773801.8999999985,38.0
9176.0,6773876.050660586,38.0
9176.0,6773987.21361433,38.0
9176.0,6773999.954658106,38.0
9176.0,6774046.5,38.0
9176.0,6774134.954658106,38.0
9176.0,6774502.331257019,38.0
9176.0,6774625.757417159,38.0
9156.0,6774842.08,37.0
9076.0,6775382.154161172,37.0
9196.0,6775445.442469272,38.0
9116.0,6775901.757417159,38.0
8996.0,6775994.76,38.0
9176.0,6775999.954658106,38.0
9196.0,6776773.08,39.0
9176.0,6776843.08,38.0
9196.0,6776966.1099999985,39.0
9176.0,6777002.1099999985,38.0
9196.0,6777964.24,39.0
9176.0,6778321.24,38.0
9196.0,6779172.8599999985,39.0
9136.0,6779239.154161172,39.0
9116.0,6780038.8599999985,38.0
9136.0,6780928.56,39.0
9156.0,6781167.18,40.0
9136.0,6781399.18,39.0
9116.0,6781428.56,38.0
9116.0,6782613.21361433,38.0
9196.0,6782614.954658106,38.0
9196.0,6782650.5,38.0
9196.0,6782774.954658106,38.0
9196.0,6782859.5,38.0
9196.0,6782919.954658106,38.0
9196.0,6783021.5,38.0
9196.0,6783067.954658106,38.0
9196.0,6783095.331257019,38.0
9216.0,6783117.85,39.0
9216.0,6783185.757417159,39.0
9216.0,6783337.315705389,39.0
9216.0,6783505.315705389,39.0
9216.0,6783942.154161172,39.0
9216.0,6784041.442469272,39.0
9216.0,6784439.757417159,39.0
9216.0,6784510.76,39.0
9216.0,6784918.85,39.0
9216.0,6784985.819999998,39.0
9216.0,6785033.55,39.0
9196.0,6785811.85,38.0
9196.0,6786085.8999999985,38.0
9196.0,6786159.442469272,38.0
9196.0,6786552.3999999985,38.0
9196.0,6787669.954658106,38.0
9196.0,6787744.154161172,38.0
9196.0,6787792.5,38.0
9196.0,6787812.954658106,38.0
9196.0,6787825.954658106,38.0
9196.0,6787830.331257019,38.0
9196.0,6787886.757417159,38.0
9116.0,6787945.954658106,38.0
9116.0,6788194.94,38.0
9156.0,6788476.18,38.0
9156.0,6788622.154161172,38.0
9156.0,6788673.34,38.0
9156.0,6788685.442469272,38.0
9156.0,6788694.18,38.0
9156.0,6788702.154161172,38.0
9156.0,6788905.26,38.0
9156.0,6789040.757417159,38.0
9156.0,6789099.76,38.0
9156.0,6789196.8999999985,38.0
9156.0,6789353.8999999985,38.0
9156.0,6789503.8999999985,38.0
9154.0,6790286.982081857,39.0
9154.0,6790470.982081857,39.0
9154.0,6790609.8999999985,39.0
9154.0,6790656.982081857,39.0
9154.0,6790672.442469272,39.0
9194.0,6790880.8,40.0
9194.0,6791042.3999999985,40.0
9074.0,6791154.21361433,40.0
8954.0,6791163.85,39.0
9074.0,6791452.09,40.0
9194.0,6791537.45,41.0
9074.0,6791765.0,40.0
8834.0,6792182.331257019,39.0
8594.0,6792186.954658106,38.0
8994.0,6792196.5,38.0
9114.0,6792197.05,39.0
8874.0,6792205.154161172,38.0
8634.0,6792215.757417159,37.0
9154.0,6792620.29,37.0
9154.0,6792775.5,37.0
9034.0,6794135.050660586,36.0
8914.0,6794250.050660586,35.0
8914.0,6794740.5,35.0
8914.0,6794872.5,35.0
8914.0,6795009.5,35.0
9034.0,6795424.24,36.0
8914.0,6796254.89,35.0
8914.0,6797530.29,35.0
8914.0,6797601.29,35.0
8914.0,6797731.29,35.0
8914.0,6802870.5,35.0
9074.0,6802988.5,35.0
9074.0,6803173.5,35.0
9074.0,6803238.5,35.0
8914.0,6803594.5,35.0
9034.0,6806232.95,36.0
9154.0,6806551.1099999985,37.0
9154.0,6808886.819999998,37.0
9154.0,6808982.55,37.0
9154.0,6808997.29,37.0
9034.0,6809320.34,36.0
9154.0,6809389.33,37.0
9154.0,6809540.26,37.0
9034.0,6809588.33,36.0
9154.0,6809615.34,37.0
9034.0,6809728.26,36.0
9154.0,6810177.94,37.0
9154.0,6811176.5,37.0
9154.0,6811231.8,37.0
9034.0,6811433.21361433,36.0
9154.0,6812931.315705389,36.0
9154.0,6814750.954658106,36.0
9154.0,6815074.94,36.0
9154.0,6815524.154161172,36.0
9154.0,6815550.18,36.0
9154.0,6815576.442469272,36.0
9154.0,6815873.757417159,36.0
9154.0,6815910.8999999985,36.0
9154.0,6815932.76,36.0
9154.0,6816373.29,36.0
9154.0,6817130.982081857,36.0
9154.0,6817453.8999999985,36.0
9154.0,6817516.442469272,36.0
9154.0,6817724.8,36.0
9034.0,6817886.3999999985,36.0
9034.0,6818114.982081857,36.0
9154.0,6818319.1499999985,37.0
9034.0,6818350.45,36.0
8914.0,6819166.05,35.0
9034.0,6819733.41,36.0
9154.0,6819841.08,37.0
9034.0,6819891.41,36.0
9194.0,6820233.29,36.0
9194.0,6820422.29,36.0
9194.0,6820650.09,36.0
9074.0,6821420.24,35.0
8434.0,6822710.5,34.0
8554.0,6826793.069999998,35.0
8674.0,6826930.81,36.0
8794.0,6829157.93,37.0
8914.0,6829448.93,38.0
8794.0,6829607.819999998,37.0
8674.0,6829637.55,36.0
8794.0,6829758.3599999985,37.0
8674.0,6829908.95,36.0
8794.0,6829935.87,37.0
8674.0,6830196.1099999985,36.0
8554.0,6830396.94,35.0
8434.0,6831512.8,34.0
8688.0,6837821.29,34.0
8808.0,6837947.1,35.0
8928.0,6838053.8,36.0
8808.0,6838098.1,35.0
8688.0,6838858.34,34.0
8808.0,6839308.01,35.0
8688.0,6842481.8999999985,34.0
8808.0,6843112.35,35.0
8928.0,6843908.72,36.0
8808.0,6844351.3999999985,35.0
8688.0,6844740.1499999985,34.0
8808.0,6846292.01,35.0
8928.0,6846403.56,36.0
8808.0,6846480.01,35.0
8928.0,6846787.68,36.0
9048.0,6846998.17,37.0
8928.0,6847217.09,36.0
8808.0,6847453.069999998,35.0
8688.0,6847697.81,34.0
8808.0,6847959.44,35.0
8928.0,6848064.2,36.0
8808.0,6848141.44,35.0
8688.0,6848867.08,34.0
8808.0,6849585.16,35.0
8928.0,6849752.0,36.0
8808.0,6850244.3599999985,35.0
8688.0,6850401.87,34.0
8808.0,6851557.17,35.0
8928.0,6851827.8,36.0
8808.0,6852292.93,35.0
8688.0,6852562.93,34.0
8688.0,6853151.982081857,34.0
8888.0,6854342.04,35.0
8528.0,6856874.050660586,34.0
8328.0,6862077.442469272,33.0
8448.0,6865168.21,34.0
8328.0,6866041.01,33.0
9142.0,6866492.94,33.0
8902.0,6866820.982081857,32.0
9022.0,6866989.87,33.0
9142.0,6867076.2,34.0
9142.0,6867268.2,34.0
9142.0,6867692.68,34.0
9022.0,6867887.17,33.0
8902.0,6868019.8,32.0
8848.0,6868135.29,32.0
8968.0,6869103.5,33.0
9088.0,6869292.6499999985,34.0
9208.0,6869309.14,35.0
9088.0,6869746.16,34.0
9208.0,6869838.76,35.0
8208.0,6869889.29,34.0
8088.0,6869988.0,33.0
7968.0,6870161.35,32.0
7728.0,6870273.442469272,31.0
7608.0,6870686.72,30.0
7728.0,6871598.34,31.0
7608.0,6872451.56,30.0
7728.0,6874597.58,31.0
7488.0,6874845.954658106,30.0
7608.0,6874917.68,31.0
7368.0,6874922.49,30.0
7248.0,6875384.17,29.0
8194.0,6875532.982081857,29.0
8074.0,6875673.8,28.0
8194.0,6876437.67,29.0
8074.0,6877356.2,28.0
7834.0,6882765.442469272,27.0
8074.0,6885754.52,28.0
8314.0,6885769.069999998,29.0
8554.0,6886272.5,30.0
8794.0,6886286.08,31.0
8554.0,6886336.76,30.0
8794.0,6886343.31,31.0
9034.0,6886366.59,32.0
9154.0,6886906.88,33.0
9154.0,6887555.87,33.0
9154.0,6887803.08,33.0
9154.0,6887837.5,33.0
9154.0,6887856.59,33.0
9154.0,6887889.069999998,33.0
9154.0,6887900.31,33.0
9154.0,6887930.52,33.0
9154.0,6888179.069999998,33.0
9034.0,6888256.68,32.0
9114.0,6888984.59,32.0
9114.0,6889038.5,32.0
9154.0,6889077.59,33.0
9154.0,6889186.050660586,33.0
9154.0,6889226.08,33.0
9154.0,6889701.5,33.0
9034.0,6889857.14,32.0
9034.0,6890070.18,32.0
9154.0,6890459.02,33.0
9154.0,6890603.02,33.0
9034.0,6891288.21,32.0
9034.0,6893314.8,32.0
9154.0,6895121.81,33.0
9154.0,6895968.6499999985,33.0
9180.0,6896203.94,37.0
9060.0,6896414.76,36.0
9060.0,6896601.315705389,36.0
9060.0,6896853.315705389,36.0
9180.0,6897019.2,36.0
9180.0,6898246.34,36.0
9180.0,6898343.954658106,37.0
9060.0,6898443.58,36.0
8940.0,6898692.68,35.0
8700.0,6899092.154161172,34.0
8460.0,6899441.757417159,33.0
8220.0,6901032.8999999985,32.0
7980.0,6904753.315705389,31.0
8100.0,6905209.81,32.0
7980.0,6906131.67,31.0
8100.0,6907197.34,32.0
8220.0,6907384.55,33.0
8100.0,6907865.88,32.0
7980.0,6908507.87,31.0
8100.0,6908705.69,32.0
8220.0,6908862.83,33.0
8100.0,6909389.59,32.0
8140.0,6910018.1,33.0
8180.0,6910022.95,34.0
8220.0,6910026.83,35.0
8260.0,6910029.74,36.0
8300.0,6910033.62,37.0
8340.0,6910037.5,38.0
8380.0,6910041.38,39.0
8260.0,6910045.5,38.0
8300.0,6910079.21,39.0
8260.0,6910119.62,38.0
8220.0,6910147.38,37.0
8260.0,6910291.64,38.0
8300.0,6910487.58,39.0
8260.0,6910493.64,38.0
8220.0,6910715.58,37.0
8260.0,6910719.41,38.0
8220.0,6910768.83,37.0
8260.0,6910807.68,38.0
8300.0,6910909.53,39.0
8260.0,6911128.53,38.0
8220.0,6911142.68,37.0
8180.0,6911146.41,36.0
8140.0,6911176.21,35.0
8100.0,6911176.5,34.0
8060.0,6911179.74,33.0
8020.0,6911183.95,32.0
7980.0,6911201.1,31.0
8020.0,6911665.16,32.0
8060.0,6911668.069999998,33.0
8100.0,6911670.98,34.0
8140.0,6911673.89,35.0
8180.0,6911682.62,36.0
8220.0,6911688.44,37.0
8260.0,6911692.319999998,38.0
8300.0,6911695.23,39.0
8260.0,6912120.23,38.0
8280.0,6912875.72,39.0
8240.0,6913772.319999998,38.0
8360.0,6916223.19,39.0
8240.0,6917105.02,38.0
8200.0,6920370.44,37.0
8320.0,6920628.93,38.0
8440.0,6920773.46,39.0
8560.0,6920854.94,40.0
8680.0,6921266.22,41.0
8560.0,6921642.81,40.0
8440.0,6922037.954658106,39.0
8320.0,6922047.954658106,38.0
8200.0,6922531.6499999985,37.0
8320.0,6923131.53,38.0
8440.0,6923239.2,39.0
8320.0,6923288.53,38.0
8200.0,6924832.34,37.0
8320.0,6924992.96,38.0
8440.0,6925102.569999998,39.0
8320.0,6925143.96,38.0
8440.0,6925207.33,39.0
8320.0,6925253.569999998,38.0
8440.0,6925312.09,39.0
8320.0,6925358.33,38.0
8440.0,6925410.06,39.0
8320.0,6925455.09,38.0
8200.0,6926129.94,37.0
8320.0,6927266.64,38.0
8440.0,6927407.29,39.0
8320.0,6927930.34,38.0
8200.0,6928070.55,37.0
8320.0,6928287.08,38.0
8440.0,6928459.74,39.0
8320.0,6928937.69,38.0
8200.0,6929109.83,37.0
8320.0,6934399.05,38.0
8200.0,6935344.81,37.0
7960.0,6937543.315705389,36.0
8160.0,6937860.98,37.0
8820.0,6940482.04,36.0
8940.0,6941460.6499999985,37.0
9060.0,6941579.96,38.0
8940.0,6941659.6499999985,37.0
9060.0,6941691.51,38.0
8940.0,6941767.96,37.0
8820.0,6942282.19,36.0
8940.0,6943633.45,37.0
9060.0,6943814.84,38.0
8940.0,6944426.93,37.0
8820.0,6944557.94,36.0
8920.0,6945986.67,37.0
9020.0,6945988.6099999985,38.0
9120.0,6946024.5,39.0
9200.0,6946778.72,39.0
9160.0,6946809.069999998,38.0
9120.0,6946811.98,37.0
9180.0,6946817.16,37.0
9140.0,6946823.62,36.0
9200.0,6946825.89,36.0
9200.0,6947114.46,36.0
9200.0,6947909.22,36.0
9200.0,6947966.64,36.0
9200.0,6948033.29,36.0
9200.0,6948706.08,36.0
8940.0,6948799.954658106,37.0
8820.0,6948816.74,36.0
8940.0,6948874.3599999985,37.0
8820.0,6948979.954658106,36.0
8700.0,6949600.2,35.0
8600.0,6951760.89,34.0
8720.0,6954567.29,35.0
8600.0,6955512.06,34.0
9100.0,6957778.96,35.0
9100.0,6959634.268317376,35.0
9100.0,6964013.05,35.0
9100.0,6967326.45,35.0
9100.0,6967496.84,35.0
9100.0,6968151.51,35.0
9100.0,6968342.51,35.0
9100.0,6968740.64,35.0
9100.0,6968867.29,35.0
9100.0,6968891.64,35.0
9100.0,6969066.64,35.0
9100.0,6969098.08,35.0
9100.0,6969192.954658106,35.0
9100.0,6969246.08,35.0
9100.0,6969266.64,35.0
9100.0,6973637.46,35.0
9100.0,6974503.22,35.0
9100.0,6975498.3599999985,35.0
9100.0,6975648.3599999985,35.0
8860.0,6978543.315705389,34.0
8980.0,6982749.67,35.0
9100.0,6982862.19,36.0
8980.0,6982937.67,35.0
9100.0,6982971.8,36.0
8980.0,6983050.19,35.0
9100.0,6983085.29,36.0
8980.0,6983159.8,35.0
8860.0,6983702.29,34.0
8861.0,6985567.52,35.0
8862.0,6985572.37,36.0
8866.0,6985573.34,40.0
8870.0,6985574.31,44.0
8874.0,6985575.28,48.0
8878.0,6985576.25,52.0
8881.0,6985577.22,55.0
8880.0,6985735.52,54.0
8879.0,6985736.28,53.0
8878.0,6985739.25,52.0
8877.0,6985740.22,51.0
8876.0,6985746.28,50.0
8875.0,6985747.28,49.0
8873.0,6985748.25,47.0
8872.0,6985751.37,46.0
8871.0,6985752.28,45.0
8870.0,6985752.34,44.0
8869.0,6985755.22,43.0
8866.0,6985773.34,40.0
8865.0,6985774.25,39.0
8864.0,6985774.31,38.0
8863.0,6985781.22,37.0
8860.0,6985825.31,34.0
8862.0,6985841.06,36.0
8866.0,6985842.03,40.0
8870.0,6985843.0,44.0
8873.0,6985843.97,47.0
8877.0,6985844.94,51.0
8884.0,6985845.91,58.0
8891.0,6985846.88,65.0
8897.0,6985847.85,71.0
8903.0,6985848.819999998,77.0
8910.0,6985849.79,84.0
8917.0,6985850.76,91.0
8919.0,6985851.73,93.0
8923.0,6985852.7,97.0
8927.0,6985853.67,101.0
8931.0,6985854.64,105.0
8935.0,6985855.6099999985,109.0
8941.0,6985856.58,115.0
8947.0,6985857.55,121.0
8954.0,6985858.52,128.0
8960.0,6985859.49,134.0
8959.0,6985990.91,133.0
8957.0,6985991.819999998,131.0
8956.0,6985993.91,130.0
8955.0,6985994.88,129.0
8954.0,6986002.06,128.0
8953.0,6986004.0,127.0
8952.0,6986007.06,126.0
8950.0,6986008.03,124.0
8949.0,6986010.91,123.0
8948.0,6986011.85,122.0
8947.0,6986015.88,121.0
8945.0,6986015.91,119.0
8944.0,6986016.0,118.0
8941.0,6986016.88,115.0
8938.0,6986016.97,112.0
8934.0,6986017.94,108.0
8933.0,6986018.52,107.0
8932.0,6986019.03,106.0
8931.0,6986019.79,105.0
8930.0,6986020.52,104.0
8928.0,6986021.73,102.0
8927.0,6986024.0,101.0
8926.0,6986026.49,100.0
8925.0,6986026.52,99.0
8923.0,6986026.58,97.0
8920.0,6986027.85,94.0
8919.0,6986027.91,93.0
8918.0,6986028.0,92.0
8915.0,6986028.819999998,89.0
8914.0,6986029.03,88.0
8913.0,6986029.49,87.0
8909.0,6986029.79,83.0
8908.0,6986030.49,82.0
8901.0,6986030.76,75.0
8900.0,6986031.91,74.0
8896.0,6986032.7,70.0
8895.0,6986032.85,69.0
8893.0,6986033.64,67.0
8889.0,6986033.67,63.0
8885.0,6986034.6099999985,59.0
8883.0,6986035.58,57.0
8881.0,6986035.88,55.0
8879.0,6986036.58,53.0
8877.0,6986037.49,51.0
8871.0,6986037.55,45.0
8869.0,6986038.52,43.0
8868.0,6986040.49,42.0
8867.0,6986042.85,41.0
8865.0,6986043.64,39.0
8863.0,6986045.79,37.0
8861.0,6986048.52,35.0
8860.0,6986049.819999998,34.0
8980.0,6987612.28,35.0
9100.0,6987685.03,36.0
9100.0,6989274.51,36.0
9100.0,6989759.29,36.0
8980.0,6989831.64,35.0
8860.0,6989832.954658106,34.0
8980.0,6989898.569999998,35.0
9100.0,6990034.37,36.0
8860.0,6990260.2,35.0
8740.0,6991403.45,34.0
8620.0,6991542.84,33.0
8740.0,6991830.81,34.0
8860.0,6993280.96,35.0
8740.0,6993718.05,34.0
8620.0,6995501.08,33.0
8740.0,6997706.1,34.0
8860.0,6998751.76,35.0
8740.0,7000236.46,34.0
8860.0,7000420.16,35.0
8980.0,7000532.68,36.0
8860.0,7000608.16,35.0
8980.0,7000643.26,36.0
8860.0,7000720.68,35.0
8980.0,7000755.78,36.0
8860.0,7000831.26,35.0
8980.0,7000866.3599999985,36.0
8860.0,7000943.78,35.0
8740.0,7001266.22,34.0
8620.0,7002179.3599999985,33.0
8740.0,7007676.73,34.0
8860.0,7007748.51,35.0
8980.0,7007950.27,36.0
9100.0,7008005.56,37.0
8980.0,7008613.28,36.0
8860.0,7008709.03,35.0
8740.0,7009865.51,34.0
8760.0,7010137.62,35.0
8740.0,7010206.62,34.0
8620.0,7010352.29,33.0
8740.0,7010474.21,34.0
8860.0,7010584.79,35.0
8740.0,7010655.21,34.0
8860.0,7010692.46,35.0
8740.0,7010734.79,34.0
8760.0,7010739.02,35.0
8640.0,7011361.29,34.0
8620.0,7012531.02,33.0
8740.0,7012704.24,34.0
8860.0,7012841.98,35.0
8740.0,7013453.569999998,34.0
8620.0,7013589.37,33.0
7760.0,7015402.990065855,33.0
7760.0,7015510.990065855,33.0
7760.0,7016101.990065855,33.0
7520.0,7016439.069999998,32.0
7620.0,7017151.69,33.0
7720.0,7017214.74,34.0
7820.0,7017341.81,35.0
7920.0,7017373.819999998,36.0
8020.0,7017430.08,37.0
7920.0,7017545.08,36.0
7680.0,7018466.18,35.0
7580.0,7018550.6099999985,34.0
7480.0,7018559.67,33.0
7380.0,7018566.5,32.0
8020.0,7018629.0,33.0
8140.0,7018642.58,34.0
8260.0,7018757.04,35.0
8140.0,7018824.58,34.0
8780.0,7019005.3599999985,35.0
8680.0,7019289.72,34.0
8580.0,7019306.16,33.0
8460.0,7019506.96,32.0
8360.0,7020328.819999998,31.0
8480.0,7020827.02,32.0
8600.0,7020929.84,33.0
8480.0,7021017.02,32.0
8580.0,7021030.72,33.0
8680.0,7021052.06,34.0
8780.0,7021077.28,35.0
8980.0,7021691.29,36.0
8860.0,7021764.81,35.0
8760.0,7021930.06,34.0
8660.0,7021930.28,33.0
8560.0,7021931.72,32.0
8680.0,7023199.64,33.0
8560.0,7024070.1,32.0
8360.0,7024325.98,31.0
8480.0,7024393.71,32.0
8580.0,7024558.6099999985,33.0
8680.0,7024599.35,34.0
8780.0,7024611.96,35.0
8680.0,7024623.6099999985,34.0
8780.0,7024627.48,35.0
8540.0,7024731.52,34.0
8440.0,7025035.35,33.0
8340.0,7025191.96,32.0
8220.0,7025234.76,31.0
8320.0,7025377.29,32.0
8420.0,7025589.72,33.0
8520.0,7025627.55,34.0
8420.0,7026083.48,33.0
8320.0,7026200.29,32.0
8440.0,7026321.1,33.0
8340.0,7026389.55,32.0
8240.0,7026435.72,31.0
8540.0,7027145.6,32.0
8420.0,7027193.3599999985,31.0
8720.0,7027239.69,32.0
8420.0,7027291.6,31.0
8720.0,7027319.23,32.0
8420.0,7027381.69,31.0
8720.0,7027387.13,32.0
8420.0,7027461.23,31.0
8120.0,7027464.13,30.0
8420.0,7027519.05,31.0
8720.0,7027552.03,32.0
8420.0,7027575.05,31.0
8540.0,7027589.8599999985,32.0
8660.0,7027623.81,33.0
8960.0,7027632.54,34.0
8660.0,7027705.03,33.0
8960.0,7027714.02,34.0
8660.0,7027781.54,33.0
8960.0,7027786.77,34.0
8960.0,7027865.02,34.0
8960.0,7027934.77,34.0
8960.0,7028013.02,34.0
8960.0,7028097.77,34.0
8960.0,7028146.02,34.0
8960.0,7028259.77,34.0
8960.0,7028274.02,34.0
8840.0,7028276.73,33.0
8960.0,7028282.44,34.0
9140.0,7028316.51,34.0
8960.0,7028413.77,34.0
8960.0,7028422.02,34.0
8660.0,7028442.51,33.0
8360.0,7028572.02,32.0
8240.0,7028976.27,31.0
8120.0,7029042.56,30.0
7480.0,7029689.0,29.0
7580.0,7029883.91,30.0
7680.0,7029906.22,31.0
7580.0,7029933.91,30.0
8220.0,7030631.78,31.0
8120.0,7030703.22,30.0
8220.0,7030744.3,31.0
8120.0,7031579.3,30.0
8200.0,7032758.99,31.0
8280.0,7032820.1,32.0
8200.0,7032881.99,31.0
8120.0,7032891.1,30.0
8200.0,7032972.39,31.0
8280.0,7033065.51,32.0
8200.0,7033079.39,31.0
8120.0,7033180.51,30.0
8220.0,7034450.67,31.0
8300.0,7034600.05,32.0
8400.0,7034619.45,33.0
8500.0,7034628.18,34.0
8600.0,7034636.91,35.0
8680.0,7034676.68,36.0
8600.0,7034717.05,35.0
8520.0,7034791.68,34.0
8420.0,7034881.67,33.0
8320.0,7035179.45,32.0
8400.0,7035307.18,33.0
8300.0,7035427.18,32.0
8220.0,7035495.18,31.0
8300.0,7035495.3599999985,32.0
8400.0,7035900.819999998,33.0
8520.0,7036009.46,34.0
8420.0,7036020.91,33.0
8540.0,7036330.53,34.0
8420.0,7036770.24,33.0
8300.0,7037124.98,32.0
8380.0,7038192.93,33.0
8300.0,7038291.93,32.0
8220.0,7038321.3599999985,31.0
8300.0,7038359.77,32.0
8380.0,7038381.1099999985,33.0
8460.0,7038408.27,34.0
8380.0,7038432.77,33.0
8300.0,7038482.27,32.0
8220.0,7038483.1099999985,31.0
8300.0,7038567.35,32.0
8380.0,7038587.72,33.0
8300.0,7038664.35,32.0
8220.0,7038693.72,31.0
8300.0,7038757.47,32.0
8200.0,7038773.819999998,31.0
8280.0,7038801.12,32.0
8200.0,7038859.12,31.0
8280.0,7038866.1099999985,32.0
8200.0,7038868.47,31.0
8280.0,7038917.52,32.0
8400.0,7039618.83,33.0
8280.0,7040553.46,32.0
8380.0,7041614.12,33.0
8500.0,7044244.76,34.0
8380.0,7045070.04,33.0
8500.0,7047448.67,34.0
8620.0,7047550.52,35.0
8380.0,7047692.050660586,34.0
8260.0,7048144.8599999985,33.0
8140.0,7048201.81,32.0
8260.0,7048493.3599999985,33.0
8380.0,7048561.26,34.0
8500.0,7048605.88,35.0
8620.0,7048788.24,36.0
8500.0,7049227.44,35.0
8380.0,7049320.64,34.0
8260.0,7049392.77,33.0
8140.0,7049692.84,32.0
8260.0,7049817.41,33.0
8140.0,7050677.71,32.0
8260.0,7051931.04,33.0
8140.0,7052765.1,32.0
7500.0,7054476.78,31.0
7260.0,7054940.8,30.0
8620.0,7055005.3599999985,30.0
8520.0,7057318.12,29.0
8640.0,7059046.96,30.0
8760.0,7059400.04,31.0
8640.0,7059803.46,30.0
8520.0,7060155.53,29.0
8280.0,7060700.31,28.0
8040.0,7061838.5,27.0
7800.0,7061877.59,26.0
7560.0,7062026.08,25.0
7320.0,7062113.94,24.0
7440.0,7067191.08,25.0
7560.0,7067343.37,26.0
7440.0,7067865.67,25.0
7320.0,7067998.52,24.0
7440.0,7068229.95,25.0
7560.0,7068824.56,26.0
7680.0,7068870.1499999985,27.0
8960.0,7069003.94,25.0
8840.0,7069157.83,24.0
8720.0,7069535.88,23.0
8600.0,7069544.26,22.0
8720.0,7069622.87,23.0
8840.0,7069765.46,24.0
8720.0,7069810.87,23.0
8600.0,7070451.76,22.0
8720.0,7073979.14,23.0
8600.0,7074808.3599999985,22.0
8720.0,7075531.14,23.0
8600.0,7076366.41,22.0
8720.0,7076389.59,23.0
8600.0,7077286.24,22.0
8720.0,7077581.72,23.0
8600.0,7078415.04,22.0
8720.0,7082139.75,23.0
8840.0,7082451.12,24.0
8720.0,7082933.96,23.0
8600.0,7083206.04,22.0
8720.0,7087224.49,23.0
8840.0,7087430.13,24.0
8720.0,7087881.08,23.0
8600.0,7088132.37,22.0
8720.0,7088902.59,23.0
8840.0,7088976.31,24.0
8720.0,7089556.56,23.0
8600.0,7089636.1499999985,22.0
8620.0,7094308.3999999985,23.0
8740.0,7094986.43,24.0
8760.0,7095360.85,25.0
8780.0,7095413.23,26.0
8760.0,7095483.23,25.0
8640.0,7095807.46,24.0
8660.0,7095971.95,25.0
8680.0,7095993.29,26.0
8700.0,7096046.64,27.0
8720.0,7096060.22,28.0
8700.0,7096067.3999999985,27.0
8680.0,7096296.85,26.0
8700.0,7096317.27,27.0
8680.0,7096559.22,26.0
8660.0,7096656.95,25.0
8780.0,7096667.44,26.0
8760.0,7096781.64,25.0
8740.0,7096948.27,24.0
8720.0,7097045.29,23.0
8740.0,7097249.44,24.0
8760.0,7097276.6,25.0
8640.0,7097618.95,24.0
8620.0,7097670.6,23.0
8640.0,7097685.94,24.0
8740.0,7097755.78,25.0
8720.0,7098226.44,24.0
8620.0,7098595.78,23.0
8720.0,7099380.53,24.0
8820.0,7099514.39,25.0
8940.0,7099695.78,26.0
8920.0,7099741.94,25.0
9020.0,7099807.33,26.0
8920.0,7099837.39,25.0
9020.0,7099949.92,26.0
8920.0,7099979.33,25.0
8820.0,7100180.53,24.0
8840.0,7100441.71,25.0
8860.0,7100471.78,26.0
8740.0,7100532.14,25.0
8780.0,7100627.95,26.0
8680.0,7100721.92,25.0
8720.0,7101191.52,26.0
8840.0,7101281.73,27.0
8720.0,7102115.14,26.0
8840.0,7103099.51,27.0
8800.0,7103409.52,26.0
8680.0,7103928.72,25.0
8640.0,7104473.95,24.0
8641.0,7104520.56,25.0
8661.0,7104553.54,26.0
8660.0,7104596.56,25.0
8680.0,7104630.17,26.0
8700.0,7104668.0,27.0
8820.0,7105460.49,28.0
8940.0,7105468.25,29.0
9060.0,7105767.01,30.0
9140.0,7106225.75,30.0
9020.0,7106442.59,29.0
8900.0,7106554.12,28.0
8880.0,7106824.54,27.0
9000.0,7107238.5,28.0
8980.0,7107454.0,27.0
9100.0,7107482.94,28.0
9120.0,7107664.33,29.0
9140.0,7107705.069999998,30.0
9020.0,7107940.49,29.0
8900.0,7108169.13,28.0
8700.0,7108464.29,27.0
8680.0,7108537.069999998,26.0
8660.0,7108729.71,25.0
8640.0,7108897.17,24.0
8760.0,7109288.1099999985,25.0
8880.0,7109323.03,26.0
8860.0,7109414.33,25.0
8740.0,7109994.59,24.0
8620.0,7110025.31,23.0
8624.0,7110355.1099999985,24.0
8620.0,7110428.1099999985,23.0
8820.0,7111009.8599999985,24.0
8920.0,7111636.48,25.0
9020.0,7111712.14,26.0
8920.0,7111762.48,25.0
8940.0,7112210.72,26.0
8960.0,7112236.91,27.0
8980.0,7112719.0,28.0
8960.0,7112782.0,27.0
8980.0,7112888.75,28.0
8960.0,7112958.75,27.0
9160.0,7112983.81,28.0
8960.0,7113056.81,27.0
8961.0,7113166.17,28.0
8960.0,7113235.17,27.0
8980.0,7113338.83,28.0
9000.0,7113413.52,29.0
9020.0,7113791.819999998,30.0
9080.0,7113799.58,31.0
9100.0,7113843.23,32.0
9040.0,7113906.58,31.0
9020.0,7114556.91,30.0
9040.0,7114576.55,31.0
9060.0,7114583.34,32.0
9080.0,7114851.06,33.0
9100.0,7114898.59,34.0
9160.0,7114917.99,35.0
9100.0,7114990.99,34.0
9080.0,7115141.59,33.0
9140.0,7115145.94,34.0
9080.0,7115218.94,33.0
9060.0,7115237.06,32.0
9120.0,7115714.3599999985,33.0
9060.0,7115787.3599999985,32.0
9120.0,7115936.49,33.0
9060.0,7116009.49,32.0
9040.0,7116122.23,31.0
9020.0,7116985.78,30.0
9080.0,7117019.01,31.0
9060.0,7117311.72,30.0
9000.0,7117382.01,29.0
8980.0,7117449.52,28.0
9100.0,7117452.6,29.0
9140.0,7117704.8,30.0
9100.0,7117822.8,29.0
9120.0,7117873.58,30.0
9140.0,7117932.75,31.0
9020.0,7117944.6,30.0
9000.0,7117951.58,29.0
9020.0,7117998.71,30.0
9000.0,7118002.75,29.0
9120.0,7118105.41,30.0
9160.0,7118550.64,31.0
9140.0,7118598.71,30.0
9180.0,7118761.13,31.0
9140.0,7118848.64,30.0
9120.0,7119038.83,29.0
9140.0,7119169.5,30.0
9160.0,7119187.93,31.0
9180.0,7119376.1099999985,32.0
9200.0,7119391.63,33.0
9180.0,7119511.819999998,32.0
9180.0,7119749.41,32.0
9200.0,7120826.26,33.0
9200.0,7120896.26,33.0
9100.0,7120957.14,32.0
9100.0,7120994.43,32.0
9080.0,7121031.93,31.0
9060.0,7121415.63,30.0
9040.0,7122454.5,29.0
9020.0,7122728.1099999985,28.0
9040.0,7122729.3999999985,29.0
9060.0,7122749.77,30.0
9040.0,7123271.55,29.0
9060.0,7123313.34,30.0
9080.0,7123329.83,31.0
9180.0,7123383.18,32.0
9200.0,7123425.8599999985,33.0
9180.0,7123680.26,32.0
9160.0,7124460.77,31.0
9140.0,7125977.3999999985,30.0
9140.0,7126364.78,30.0
9140.0,7126418.44,30.0
9160.0,7127219.53,31.0
9180.0,7127236.02,32.0
9180.0,7127415.41,32.0
9180.0,7127654.73,32.0
9140.0,7127761.13,31.0
9140.0,7127916.5,31.0
9020.0,7128129.94,30.0
9140.0,7128321.45,31.0
9120.0,7128442.8599999985,30.0
9120.0,7129144.51,30.0
9120.0,7129487.49,30.0
9120.0,7129792.01,30.0
9120.0,7130385.03,30.0
9000.0,7130488.1099999985,29.0
8756.0,7130578.96,29.0
8736.0,7130631.83,28.0
8992.0,7132255.77,29.0
8736.0,7132370.77,28.0
9216.0,7132587.02,28.0
9196.0,7134045.34,27.0
9196.0,7135156.25,27.0
9196.0,7135313.25,27.0
9176.0,7139925.53,26.0
9176.0,7147038.43,26.0
9176.0,7147238.43,26.0
9176.0,7147400.43,26.0
9176.0,7147557.43,26.0
9176.0,7148214.73,26.0
9176.0,7148476.5,26.0
9176.0,7150758.990065855,26.0
9176.0,7150827.01,26.0
9156.0,7150850.34,25.0
9156.0,7150885.990065855,25.0
9156.0,7151430.03,25.0
9156.0,7152808.44,25.0
9156.0,7153419.51,25.0
9156.0,7153671.49,25.0
9156.0,7153918.41,25.0
9156.0,7154613.45,25.0
9156.0,7154765.45,25.0
7788.0,7155105.94,27.0
7688.0,7155480.18,26.0
7568.0,7156079.78,25.0
7688.0,7162630.35,26.0
7808.0,7162737.05,27.0
7688.0,7162787.35,26.0
7568.0,7164553.25,25.0
7688.0,7167057.43,26.0
7808.0,7167152.49,27.0
7688.0,7168767.73,26.0
7568.0,7168998.5,25.0
7688.0,7170302.08,26.0
7808.0,7170415.569999998,27.0
7928.0,7170951.98,28.0
8048.0,7171057.71,29.0
7928.0,7171139.98,28.0
8048.0,7171162.47,29.0
7928.0,7171203.71,28.0
7808.0,7171753.01,27.0
7688.0,7172398.03,26.0
7568.0,7173618.43,25.0
7688.0,7175713.71,26.0
7808.0,7175904.8,27.0
7608.0,7176634.8599999985,26.0
7708.0,7176834.06,27.0
7828.0,7176877.71,28.0
8148.0,7177085.29,29.0
7828.0,7177266.29,28.0
8148.0,7177437.3999999985,29.0
8468.0,7177555.74,30.0
8148.0,7177594.3999999985,29.0
8028.0,7177676.51,28.0
7908.0,7177901.49,27.0
8028.0,7178550.96,28.0
8148.0,7179196.98,29.0
8028.0,7179515.44,28.0
8348.0,7180447.31,29.0
8668.0,7180495.81,30.0
8348.0,7180551.31,29.0
8668.0,7180583.1099999985,30.0
8348.0,7180629.81,29.0
8028.0,7180729.1099999985,28.0
7908.0,7180867.41,27.0
7788.0,7180896.45,26.0
7808.0,7181836.35,27.0
7828.0,7181872.24,28.0
7848.0,7182341.72,29.0
7828.0,7182411.72,28.0
7848.0,7182438.72,29.0
7828.0,7182506.72,28.0
7848.0,7182520.2,29.0
7828.0,7182570.2,28.0
7948.0,7182578.3999999985,29.0
7848.0,7182593.69,28.0
7868.0,7182625.93,29.0
7888.0,7182677.34,30.0
7868.0,7182711.93,29.0
7848.0,7182747.34,28.0
7868.0,7182805.38,29.0
7848.0,7182875.38,28.0
8168.0,7183162.34,29.0
8728.0,7183242.85,30.0
8748.0,7183507.66,31.0
8768.0,7183522.21,32.0
8748.0,7183591.21,31.0
8728.0,7183592.66,30.0
8748.0,7183600.78,31.0
8768.0,7183616.3,32.0
8788.0,7183673.53,33.0
8808.0,7183700.69,34.0
9128.0,7183799.63,35.0
8808.0,7183835.34,34.0
8688.0,7184384.94,33.0
8708.0,7184929.68,34.0
8728.0,7185169.27,35.0
8748.0,7185220.68,36.0
8768.0,7185261.42,37.0
8808.0,7186045.18,38.0
8768.0,7186118.18,37.0
8888.0,7187011.3,38.0
9008.0,7187110.24,39.0
9108.0,7187280.96,40.0
9008.0,7187353.96,39.0
9108.0,7187498.24,40.0
9128.0,7187554.5,41.0
9028.0,7187594.24,40.0
9008.0,7187625.5,39.0
8888.0,7187665.43,38.0
8768.0,7187767.49,37.0
8748.0,7188500.42,36.0
8728.0,7188648.27,35.0
8748.0,7188871.76,36.0
8728.0,7189053.76,35.0
8748.0,7189178.28,36.0
8728.0,7189225.28,35.0
8748.0,7189279.16,36.0
9068.0,7189481.89,37.0
9048.0,7189489.16,36.0
8728.0,7189612.89,35.0
9048.0,7190287.96,36.0
9048.0,7190423.96,36.0
9168.0,7190510.09,37.0
8848.0,7190553.96,36.0
9168.0,7190618.73,37.0
9148.0,7190683.69,36.0
9128.0,7190709.68,35.0
8928.0,7190773.73,35.0
8948.0,7191131.8599999985,36.0
9148.0,7191177.08,36.0
9028.0,7191302.569999998,35.0
8708.0,7191324.08,34.0
8828.0,7191377.27,35.0
8808.0,7191402.24,34.0
9128.0,7192005.83,35.0
9128.0,7192182.83,35.0
9008.0,7192299.05,34.0
9008.0,7192534.83,34.0
8808.0,7192637.75,33.0
8788.0,7192742.68,32.0
8768.0,7192978.3,31.0
8788.0,7193102.8999999985,32.0
9028.0,7193134.83,32.0
9008.0,7193181.8599999985,31.0
9028.0,7194944.93,32.0
9008.0,7194992.93,31.0
9008.0,7195306.3599999985,31.0
9028.0,7195375.6099999985,32.0
9008.0,7195456.6099999985,31.0
9028.0,7195647.21,32.0
9008.0,7195725.21,31.0
9108.0,7195926.569999998,32.0
9208.0,7195937.24,33.0
9188.0,7196050.63,35.0
9208.0,7196319.8999999985,35.0
9208.0,7196330.24,35.0
9208.0,7196330.569999998,35.0
9208.0,7196363.63,35.0
9208.0,7196374.63,35.0
9168.0,7196427.8999999985,34.0
9168.0,7196432.63,34.0
9168.0,7196491.63,34.0
9188.0,7196508.569999998,35.0
9208.0,7196577.569999998,35.0
9208.0,7196578.24,35.0
9208.0,7196588.63,35.0
9208.0,7196593.63,35.0
9208.0,7196612.569999998,35.0
9208.0,7196621.63,35.0
9208.0,7196670.569999998,35.0
9208.0,7197044.24,35.0
9188.0,7197137.47,35.0
9188.0,7197220.63,35.0
9188.0,7197310.81,35.0
9208.0,7197326.28,36.0
9188.0,7197404.28,35.0
9188.0,7197509.63,35.0
9208.0,7197516.3999999985,36.0
9188.0,7197586.3999999985,35.0
9208.0,7197906.53,35.0
9208.0,7198031.53,35.0
9128.0,7198072.1099999985,34.0
9148.0,7198081.52,34.0
9208.0,7198146.53,34.0
9208.0,7198146.63,34.0
9208.0,7198212.81,34.0
9208.0,7198570.52,34.0
9208.0,7198613.53,34.0
9208.0,7198739.63,34.0
9208.0,7199095.81,34.0
9209.0,7199687.26,35.0
9208.0,7199758.26,34.0
9208.0,7199790.74,34.0
9208.0,7199850.71,35.0
9188.0,7200037.8,35.0
9189.0,7200201.3599999985,36.0
9188.0,7200267.3599999985,35.0
9208.0,7200443.71,37.0
9208.0,7200495.8,37.0
9208.0,7200558.71,37.0
9168.0,7200572.71,36.0
9188.0,7200604.8,36.0
9148.0,7200669.71,35.0
9168.0,7200711.74,35.0
9188.0,7200825.069999998,36.0
9168.0,7200872.069999998,35.0
9168.0,7200915.63,35.0
9188.0,7200924.98,36.0
9148.0,7200947.71,35.0
9148.0,7200988.63,35.0
9128.0,7200995.98,34.0
9028.0,7201579.63,33.0
9148.0,7201732.99,34.0
9048.0,7201771.63,33.0
9168.0,7201831.99,33.0
9188.0,7202444.24,33.0
9188.0,7202505.99,33.0
9208.0,7202537.47,33.0
9208.0,7202640.47,33.0
9208.0,7202841.24,33.0
9088.0,7202942.24,32.0
8988.0,7202970.52,31.0
8988.0,7203120.99,31.0
9108.0,7203185.71,31.0
9188.0,7203351.99,31.0
9168.0,7203400.569999998,30.0
9168.0,7203405.71,30.0
9188.0,7203429.81,30.0
9108.0,7203488.99,30.0
8988.0,7203535.81,29.0
8988.0,7203625.71,29.0
8988.0,7203697.99,29.0
8989.0,7203832.069999998,30.0
8989.0,7203834.71,30.0
8988.0,7203883.069999998,29.0
8988.0,7203906.99,29.0
9128.0,7204013.53,29.0
9128.0,7204032.71,29.0
9148.0,7204139.63,29.0
9148.0,7204312.99,29.0
9128.0,7204366.35,28.0
9128.0,7204397.53,28.0
9128.0,7204405.71,28.0
9108.0,7204457.78,27.0
9108.0,7204674.99,27.0
9188.0,7204745.71,27.0
9188.0,7204748.53,27.0
9188.0,7204887.71,27.0
9188.0,7204892.96,27.0
9188.0,7205003.99,27.0
9108.0,7205019.71,27.0
9108.0,7205238.98,27.0
9108.0,7205650.53,27.0
9108.0,7205910.99,27.0
9108.0,7205926.71,27.0
9108.0,7206259.96,27.0
9108.0,7206365.96,27.0
9108.0,7206462.96,27.0
9088.0,7206492.71,26.0
9208.0,7206492.78,27.0
9208.0,7206557.53,27.0
9088.0,7206566.78,26.0
9208.0,7206573.96,26.0
9208.0,7206828.99,26.0
9208.0,7206844.71,26.0
9209.0,7207264.8999999985,27.0
9208.0,7207353.8999999985,26.0
9208.0,7207486.53,26.0
9208.0,7207513.96,26.0
9208.0,7207701.3,26.0
9184.0,7207768.24,28.0
9184.0,7207774.3,28.0
9184.0,7207779.99,28.0
9184.0,7207781.71,28.0
9128.0,7207828.24,26.0
9208.0,7207880.3,26.0
9168.0,7207888.24,25.0
9208.0,7208339.66,26.0
9168.0,7208399.66,25.0
9168.0,7208412.53,25.0
9168.0,7208417.96,25.0
9168.0,7208728.99,25.0
9169.0,7209106.93,26.0
9168.0,7209195.93,25.0
9168.0,7209646.71,25.0
9216.0,7209938.22,26.0
9216.0,7210260.96,26.0
9216.0,7210266.53,26.0
9216.0,7210560.99,26.0
9216.0,7211462.71,26.0
9216.0,7211475.3999999985,26.0
9216.0,7211550.3999999985,26.0
9216.0,7211560.09,26.0
9216.0,7211636.3999999985,26.0
9216.0,7211670.09,26.0
9216.0,7211732.3999999985,26.0
9216.0,7211781.09,26.0
9216.0,7211781.73,26.0
9216.0,7211835.3999999985,26.0
9192.0,7211854.73,27.0
9216.0,7211883.09,29.0
9192.0,7211908.3999999985,30.0
9192.0,7212049.53,30.0
9192.0,7212054.96,30.0
9192.0,7212332.99,30.0
9192.0,7213234.71,30.0
9176.0,7213508.96,30.0
9176.0,7213793.96,30.0
9176.0,7213799.53,30.0
9176.0,7213998.73,30.0
9128.0,7214239.73,29.0
9208.0,7214463.96,29.0
9160.0,7214578.22,28.0
9160.0,7214730.96,28.0
9160.0,7214827.53,28.0
9200.0,7214903.96,29.0
9200.0,7215102.96,29.0
9200.0,7215290.96,29.0
9200.0,7215480.96,29.0
9200.0,7215866.53,29.0
9152.0,7217347.3999999985,28.0
9204.0,7217518.09,28.0
9204.0,7217626.09,28.0
9204.0,7218137.09,28.0
9156.0,7218307.09,27.0
9208.0,7219129.73,27.0
9176.0,7219828.74,28.0
9176.0,7220860.74,28.0
9176.0,7222188.27,28.0
9176.0,7223961.09,28.0
9128.0,7223977.3999999985,27.0
9128.0,7224109.569999998,27.0
9128.0,7224583.8,27.0
9128.0,7224643.74,27.0
9108.0,7228899.47,27.0
9108.0,7229853.74,27.0
9108.0,7231109.63,27.0
9156.0,7231398.5,28.0
9204.0,7231402.38,29.0
9204.0,7232815.98,29.0
9188.0,7233386.94,29.0
9172.0,7233614.94,29.0
9172.0,7234274.74,29.0
9172.0,7234418.94,29.0
9172.0,7238835.74,29.0
9172.0,7240210.09,29.0
9172.0,7242922.27,29.0
9172.0,7244810.569999998,29.0
9172.0,7244962.569999998,29.0
9172.0,7245033.96,29.0
9172.0,7245642.8,29.0
9172.0,7245692.74,29.0
9172.0,7245707.5,29.0
9172.0,7245855.74,29.0
9172.0,7247285.38,29.0
9172.0,7248845.74,29.0
9172.0,7250761.990065855,29.0
9172.0,7250856.990065855,29.0
9172.0,7250967.990065855,29.0
9100.0,7255070.63,29.0
9172.0,7256613.09,29.0
9172.0,7256817.98,29.0
9124.0,7260223.5,28.0
9196.0,7262750.74,28.0
9148.0,7263600.38,27.0
9168.0,7266723.96,28.0
9148.0,7266823.96,27.0
9168.0,7266837.45,28.0
9148.0,7266940.45,27.0
9168.0,7267207.99,28.0
9188.0,7267237.09,29.0
9168.0,7267433.09,28.0
9148.0,7267555.99,27.0
9168.0,7267595.99,28.0
9188.0,7267636.729999999,29.0
9189.0,7267919.97,30.0
9169.0,7267976.729999999,29.0
9168.0,7267999.97,28.0
9188.0,7268105.24,29.0
9208.0,7268141.13,30.0
9209.0,7268146.95,31.0
9189.0,7268184.99,30.0
9188.0,7268234.95,29.0
9168.0,7268674.13,28.0
9188.0,7268787.1499999985,29.0
9188.0,7268817.27,29.0
9208.0,7268828.8599999985,30.0
9188.0,7269007.24,29.0
9208.0,7269294.46,30.0
9208.0,7269490.8599999985,30.0
9209.0,7269566.06,31.0
9189.0,7269921.1499999985,30.0
9169.0,7270053.8599999985,29.0
9168.0,7270098.06,28.0
9148.0,7270244.46,27.0
9148.0,7271290.96,27.0
9200.0,7271395.63,27.0
9200.0,7271803.74,27.0
9200.0,7272128.8,27.0
9200.0,7274465.569999998,27.0
9200.0,7274611.569999998,27.0
9200.0,7277223.09,27.0
9200.0,7277395.98,27.0
9200.0,7283900.74,27.0
9200.0,7289153.63,28.0
9200.0,7289279.63,31.0
9200.0,7289326.63,31.0
9200.0,7289327.63,31.0
9200.0,7289400.63,31.0
9200.0,7289523.63,31.0
9200.0,7289566.63,31.0
9200.0,7289595.63,31.0
9201.0,7289666.3999999985,32.0
9201.0,7289675.63,32.0
9201.0,7289680.63,32.0
9201.0,7289686.63,32.0
9200.0,7289736.3999999985,31.0
9200.0,7289753.63,31.0
9200.0,7289773.63,31.0
9200.0,7289774.63,31.0
9200.0,7289841.63,31.0
9200.0,7289847.63,31.0
9200.0,7289867.63,31.0
9200.0,7289894.63,31.0
9200.0,7289920.63,31.0
9200.0,7289937.63,31.0
9180.0,7289956.63,30.0
9200.0,7289998.63,30.0
9180.0,7290009.63,29.0
9180.0,7290050.27,29.0
9188.0,7290058.63,29.0
9216.0,7290181.63,29.0
9196.0,7290227.63,28.0
9196.0,7290592.63,28.0
9216.0,7293792.78,29.0
9196.0,7293875.78,28.0
9216.0,7294085.72,29.0
9196.0,7294174.72,28.0
9116.0,7294280.3,28.0
9136.0,7294799.73,28.0
9136.0,7296053.74,28.0
9136.0,7296395.8,28.0
9136.0,7300832.96,28.0
9136.0,7301015.96,28.0
9136.0,7301040.569999998,28.0
9136.0,7301113.569999998,28.0
9136.0,7301181.96,28.0
9136.0,7301235.569999998,28.0
9136.0,7301284.96,28.0
9216.0,7301330.569999998,28.0
9216.0,7301397.96,28.0
9216.0,7301441.569999998,28.0
9216.0,7301558.96,28.0
9216.0,7301715.96,28.0
9216.0,7301864.96,28.0
9216.0,7303725.98,28.0
9216.0,7303832.98,28.0
9216.0,7304055.98,28.0
9216.0,7304466.74,28.0
9156.0,7305387.02,29.0
9156.0,7305515.02,29.0
9156.0,7305529.02,29.0
9156.0,7305624.02,29.0
9156.0,7305734.02,29.0
9196.0,7305745.02,30.0
9196.0,7306401.09,30.0
9196.0,7310593.27,30.0
9196.0,7311142.02,30.0
9212.0,7313728.02,30.0
9212.0,7315286.3,30.0
9212.0,7315816.73,30.0
9212.0,7322154.8,30.0
9212.0,7322268.8,30.0
9212.0,7322763.74,30.0
9212.0,7327200.09,30.0
9212.0,7328140.98,30.0
9212.0,7328541.74,30.0
9212.0,7329371.09,30.0
9212.0,7331172.96,30.0
9212.0,7331352.27,30.0
9212.0,7331426.27,30.0
9212.0,7331529.27,30.0
9212.0,7331801.02,30.0
9212.0,7332031.02,30.0
9212.0,7336237.3,30.0
9212.0,7342329.02,30.0
9212.0,7342625.73,30.0
9212.0,7343132.02,30.0
9212.0,7343307.02,30.0
9212.0,7343495.02,30.0
9212.0,7343683.02,30.0
9212.0,7351022.74,30.0
9212.0,7352063.8,30.0
9212.0,7352102.96,30.0
9212.0,7352188.27,30.0
9212.0,7352290.96,30.0
9212.0,7352376.27,30.0
9212.0,7352478.96,30.0
9212.0,7352581.74,30.0
9212.0,7353426.09,30.0
9204.0,7355218.98,32.0
9188.0,7355289.98,31.0
9188.0,7356035.98,31.0
9188.0,7356821.98,31.0
9212.0,7357407.3,33.0
9212.0,7357586.3,33.0
9212.0,7358114.3,33.0
9212.0,7358150.3,33.0
9212.0,7358402.3,33.0
9212.0,7358426.3,33.0
9212.0,7362181.63,33.0
9164.0,7362592.63,32.0
9164.0,7363550.02,32.0
9164.0,7369631.02,32.0
9164.0,7372196.73,32.0
9164.0,7373124.96,32.0
9184.0,7373153.33,33.0
9184.0,7373189.74,33.0
9164.0,7373313.33,32.0
9165.0,7374964.319999998,33.0
9164.0,7375012.319999998,32.0
9165.0,7375088.479999999,33.0
9164.0,7375136.479999999,32.0
9164.0,7377716.74,32.0
9164.0,7378463.27,32.0
9180.0,7380132.99,32.0
9180.0,7380173.09,32.0
9180.0,7380296.71,32.0
9204.0,7380844.96,33.0
9204.0,7380959.96,33.0
9140.0,7381778.96,32.0
9140.0,7381815.8,32.0
9180.0,7381943.96,33.0
9180.0,7382047.96,33.0
9180.0,7382142.96,33.0
9200.0,7382246.96,33.0
9200.0,7382895.53,34.0
9120.0,7383628.96,34.0
9120.0,7386807.02,34.0
9120.0,7386958.02,34.0
9120.0,7387109.02,34.0
9120.0,7387258.02,34.0
9120.0,7392904.02,34.0
9120.0,7393245.73,34.0
9120.0,7393413.73,34.0
9120.0,7393563.73,34.0
9120.0,7394182.96,34.0
9192.0,7394402.3,34.0
9144.0,7394426.3,33.0
9216.0,7398181.63,33.0
9216.0,7398412.990065855,33.0
9150.0,7398563.990065855,37.0
9150.0,7398658.990065855,37.0
9150.0,7398688.990065855,37.0
9150.0,7398694.990065855,37.0
9150.0,7398813.990065855,37.0
9150.0,7398829.990065855,37.0
9214.0,7398886.02,37.0
9214.0,7398948.990065855,37.0
9214.0,7398953.990065855,37.0
9214.0,7399024.02,37.0
9214.0,7399041.990065855,37.0
9214.0,7399088.990065855,37.0
9214.0,7399145.990065855,37.0
9214.0,7399162.02,37.0
9214.0,7399204.990065855,37.0
9214.0,7399271.990065855,37.0
9214.0,7399289.02,37.0
9214.0,7399332.990065855,37.0
9214.0,7399408.02,37.0
9214.0,7399410.990065855,37.0
9214.0,7399469.990065855,37.0
9214.0,7399481.74,37.0
9134.0,7399512.02,37.0
9174.0,7399536.990065855,37.0
9214.0,7399624.990065855,37.0
9214.0,7399699.94,37.0
9214.0,7399720.02,37.0
9214.0,7399896.94,37.0
9214.0,7399917.02,37.0
9214.0,7400466.94,37.0
9214.0,7401242.09,37.0
9214.0,7401393.09,37.0
9214.0,7402822.8,37.0
9214.0,7404248.94,37.0
9214.0,7404291.02,37.0
9214.0,7404862.94,37.0
9214.0,7404869.74,37.0
9214.0,7405078.27,37.0
9214.0,7406132.53,37.0
9214.0,7406217.53,37.0
9214.0,7406289.53,37.0
9214.0,7406367.53,37.0
9214.0,7407197.74,37.0
9214.0,7408613.94,37.0
9214.0,7408667.02,37.0
9214.0,7409238.94,37.0
9214.0,7409256.74,37.0
9214.0,7412901.94,37.0
9214.0,7412935.96,37.0
9214.0,7413054.02,37.0
9214.0,7413123.96,37.0
9214.0,7413302.02,37.0
9214.0,7413312.74,37.0
9214.0,7413625.94,37.0
9214.0,7413977.94,37.0
9214.0,7414306.94,37.0
9214.0,7414624.94,37.0
9214.0,7414931.94,37.0
9120.0,7416658.990065855,38.0
9120.0,7416929.94,38.0
9120.0,7417104.02,38.0
9120.0,7417362.74,38.0
9216.0,7417761.990065855,39.0
9216.0,7417918.990065855,39.0
9216.0,7419561.02,39.0
9216.0,7419625.73,39.0
9216.0,7421116.3,39.0
9216.0,7422096.63,39.0
9216.0,7422489.990065855,39.0
9216.0,7422640.990065855,39.0
9216.0,7424061.96,39.0
9216.0,7424306.990065855,39.0
9116.0,7425531.96,38.0
9116.0,7426344.74,38.0
9216.0,7427131.89,39.0
9168.0,7427218.98,38.0
9120.0,7428821.98,37.0
9120.0,7429054.8,37.0
9072.0,7429586.3,36.0
9192.0,7430462.87,37.0
9072.0,7430497.53,36.0
9192.0,7430611.28,37.0
9072.0,7431101.09,36.0
9192.0,7431309.74,36.0
9072.0,7431546.27,35.0
9192.0,7433825.8599999985,36.0
9092.0,7434936.06,35.0
9212.0,7435380.53,35.0
9052.0,7435842.85,35.0
9052.0,7435915.85,35.0
9172.0,7439477.96,35.0
9052.0,7440381.02,34.0
9172.0,7440482.0,35.0
9172.0,7440663.0,35.0
9172.0,7440835.0,35.0
9172.0,7441016.0,35.0
9172.0,7443714.73,35.0
9172.0,7445203.3,35.0
9188.0,7445734.83,35.0
9068.0,7445893.02,34.0
9188.0,7447735.990065855,34.0
9068.0,7449053.63,33.0
9188.0,7450153.96,33.0
9068.0,7451170.990065855,32.0
9188.0,7451543.88,33.0
9188.0,7451696.88,33.0
9188.0,7451871.88,33.0
9068.0,7452718.990065855,32.0
9188.0,7453688.55,33.0
9188.0,7453834.55,33.0
9188.0,7454506.3599999985,33.0
9188.0,7454684.87,33.0
9188.0,7454875.28,33.0
9068.0,7455074.8,32.0
9108.0,7455934.990065855,32.0
8988.0,7455993.74,31.0
9164.0,7455998.990065855,31.0
9164.0,7460701.8599999985,31.0
9148.0,7465313.99,31.0
9212.0,7468726.46,32.0
9148.0,7469101.46,31.0
9212.0,7469243.47,32.0
9148.0,7469557.47,31.0
9148.0,7470073.73,31.0
9188.0,7470368.990065855,31.0
9188.0,7470614.990065855,32.0
9068.0,7470931.0,31.0
9188.0,7471366.8,32.0
9132.0,7472256.3,32.0
9068.0,7472569.3,31.0
9108.0,7474241.569999998,31.0
9172.0,7476678.52,32.0
9108.0,7476966.52,31.0
9128.0,7477337.09,31.0
9192.0,7477340.06,32.0
9128.0,7477573.06,31.0
9128.0,7478522.88,31.0
9128.0,7478888.87,31.0
9128.0,7479170.28,31.0
9128.0,7479372.28,31.0
9008.0,7479817.88,30.0
9128.0,7482464.569999998,31.0
9008.0,7483480.55,30.0
9168.0,7483884.71,30.0
9168.0,7483901.3599999985,30.0
9168.0,7487443.8599999985,30.0
9068.0,7488099.47,29.0
9188.0,7491420.58,30.0
9188.0,7494769.94,30.0
9068.0,7496081.73,29.0
9188.0,7497244.46,30.0
9068.0,7498087.8,29.0
9188.0,7498379.3599999985,30.0
9188.0,7498530.3599999985,30.0
9188.0,7498639.94,30.0
9188.0,7498803.02,30.0
9188.0,7498854.02,30.0
9188.0,7499017.74,30.0
9188.0,7499621.85,30.0
9188.0,7499984.85,30.0
9068.0,7500298.990065855,29.0
9068.0,7500563.94,29.0
9188.0,7500783.99,30.0
9188.0,7501562.09,30.0
9068.0,7503108.87,29.0
9188.0,7504183.84,30.0
9212.0,7504761.990065855,30.0
9188.0,7504919.990065855,30.0
9188.0,7505022.990065855,30.0
9068.0,7505479.28,29.0
9188.0,7511723.6499999985,30.0
9188.0,7511873.6499999985,30.0
9188.0,7512660.569999998,30.0
9188.0,7512953.74,30.0
9068.0,7514328.8599999985,29.0
9188.0,7516679.38,30.0
9188.0,7517002.53,30.0
9188.0,7517157.53,30.0
9188.0,7517312.53,30.0
9188.0,7517456.53,30.0
9068.0,7517529.58,29.0
9068.0,7517600.53,29.0
9068.0,7517733.53,29.0
9068.0,7517866.53,29.0
9068.0,7517988.53,29.0
9068.0,7518099.53,29.0
9068.0,7518210.53,29.0
9168.0,7518526.26,30.0
9168.0,7518645.26,30.0
9068.0,7520354.89,29.0
9068.0,7521088.96,29.0
9208.0,7521863.26,29.0
9188.0,7524171.46,29.0
9208.0,7524287.46,29.0
9188.0,7524889.99,29.0
9188.0,7525736.09,29.0
9188.0,7528286.3599999985,29.0
9188.0,7529335.990065855,29.0
9188.0,7530501.84,29.0
9188.0,7530989.83,29.0
9188.0,7531742.96,29.0
9208.0,7536651.99,29.0
9188.0,7538645.6499999985,29.0
9188.0,7541231.990065855,29.0
9188.0,7542594.569999998,29.0
9188.0,7543178.38,29.0
9188.0,7546749.99,29.0
9188.0,7549941.09,29.0
9188.0,7550120.09,29.0
9168.0,7551282.46,29.0
9168.0,7551531.46,29.0
9168.0,7552039.990065855,29.0
9148.0,7552450.3599999985,29.0
9108.0,7553715.71,30.0
9148.0,7554743.96,30.0
9164.0,7555666.569999998,30.0
9140.0,7559833.990065855,31.0
9140.0,7559979.990065855,31.0
9140.0,7560033.84,31.0
9140.0,7560181.84,31.0
9020.0,7562876.99,30.0
9140.0,7563666.18,31.0
9064.0,7567432.990065855,31.0
9184.0,7567772.189999999,32.0
9184.0,7567923.189999999,32.0
9064.0,7569402.569999998,31.0
9184.0,7569827.62,32.0
9184.0,7569976.62,32.0
9184.0,7570127.62,32.0
9184.0,7570310.62,32.0
9064.0,7573123.38,31.0
9184.0,7575495.33,32.0
9200.0,7576183.94,32.0
9080.0,7576277.09,31.0
8960.0,7580652.71,30.0
9080.0,7580861.37,31.0
9200.0,7580965.16,32.0
9080.0,7581050.37,31.0
9200.0,7581078.6499999985,32.0
9080.0,7581146.16,31.0
9200.0,7585190.479999999,32.0
9200.0,7585338.479999999,32.0
9200.0,7585488.479999999,32.0
9080.0,7586565.990065855,31.0
9180.0,7588648.85,31.0
9180.0,7590289.990065855,31.0
9180.0,7590305.84,31.0
9060.0,7590687.18,30.0
9180.0,7593153.21,31.0
9180.0,7593299.21,31.0
9180.0,7593454.21,31.0
9180.0,7593603.21,31.0
9180.0,7593752.21,31.0
9060.0,7594020.189999999,30.0
8820.0,7598864.02,29.0
8940.0,7598865.54,30.0
8820.0,7599961.62,29.0
9156.0,7600126.74,29.0
8916.0,7601329.94,28.0
9036.0,7601516.55,29.0
9156.0,7602363.33,29.0
9156.0,7607395.6499999985,29.0
9156.0,7607541.6499999985,29.0
9176.0,7608766.33,30.0
9196.0,7608982.64,31.0
9176.0,7609005.33,30.0
9156.0,7609206.64,29.0
9156.0,7612079.74,29.0
9116.0,7615717.479999999,29.0
9117.0,7616321.66,30.0
9116.0,7616405.66,29.0
9116.0,7617400.84,29.0
9100.0,7617405.990065855,29.0
9120.0,7618797.1,30.0
9100.0,7618888.1,29.0
9120.0,7618888.279999998,30.0
9100.0,7618955.279999998,29.0
9120.0,7619001.6499999985,29.0
9160.0,7619707.479999999,29.0
9144.0,7619754.83,29.0
9144.0,7619874.479999999,29.0
9024.0,7620239.21,28.0
9104.0,7622213.439999999,29.0
9124.0,7624146.6499999985,30.0
9144.0,7624206.79,31.0
9124.0,7624224.6499999985,30.0
9104.0,7624295.79,29.0
9124.0,7624489.06,30.0
9104.0,7624578.06,29.0
9122.0,7624842.14,30.0
9158.0,7624847.96,32.0
9212.0,7624848.93,35.0
9194.0,7624977.93,34.0
9176.0,7625027.14,33.0
9158.0,7625039.96,32.0
9140.0,7625052.96,31.0
9122.0,7625053.93,30.0
9142.0,7625057.479999999,31.0
9124.0,7625070.93,30.0
9144.0,7625217.529999998,31.0
9124.0,7625239.479999999,30.0
9144.0,7625274.76,31.0
9124.0,7625276.529999998,30.0
9104.0,7625445.76,29.0
9124.0,7626204.99,30.0
9044.0,7626212.439999999,29.0
9064.0,7626226.33,30.0
9084.0,7626303.93,31.0
9104.0,7626341.76,32.0
9084.0,7627310.76,31.0
9204.0,7627701.7,32.0
9184.0,7628030.93,31.0
9200.0,7628280.79,32.0
9184.0,7628340.79,31.0
9184.0,7628553.55,31.0
9168.0,7628670.990065855,31.0
9048.0,7628729.54,30.0
9168.0,7629044.18,31.0
9148.0,7629313.33,30.0
9028.0,7629952.479999999,29.0
9008.0,7632052.99,28.0
9128.0,7632445.97,29.0
9128.0,7632724.3599999985,29.0
9008.0,7634186.6499999985,28.0
8992.0,7640816.569999998,28.0
9112.0,7642019.87,29.0
9112.0,7645862.6499999985,29.0
8992.0,7647548.84,28.0
9076.0,7649875.74,29.0
9076.0,7650048.74,29.0
9076.0,7650395.74,29.0
9196.0,7653753.96,30.0
9196.0,7654602.7,30.0
9196.0,7654760.7,30.0
9196.0,7654908.7,30.0
9196.0,7655058.7,30.0
9196.0,7655207.7,30.0
9196.0,7655276.18,30.0
9076.0,7655358.7,29.0
9196.0,7656842.439999999,30.0
9196.0,7656999.439999999,30.0
9196.0,7658544.55,30.0
9076.0,7658868.97,29.0
8816.0,7660676.74,28.0
9136.0,7661356.94,28.0
8896.0,7664194.96,27.0
9016.0,7667731.66,28.0
8896.0,7668605.87,27.0
9016.0,7672810.58,28.0
9016.0,7673918.3599999985,28.0
8896.0,7675759.6499999985,27.0
8796.0,7676460.3599999985,26.0
8916.0,7679684.0,27.0
8796.0,7680528.96,26.0
8916.0,7680674.37,27.0
9036.0,7680778.16,28.0
8916.0,7680824.37,27.0
8796.0,7681807.18,26.0
8916.0,7683825.8999999985,27.0
8796.0,7685179.55,26.0
8816.0,7685663.08,27.0
8836.0,7685697.029999998,28.0
8956.0,7685856.1099999985,29.0
8976.0,7685869.689999999,30.0
9096.0,7685962.81,31.0
8976.0,7686013.1099999985,30.0
8996.0,7686093.76,31.0
9016.0,7686334.319999998,32.0
9036.0,7686381.85,33.0
8916.0,7686866.439999999,32.0
8896.0,7686967.029999998,31.0
8876.0,7687121.85,30.0
8856.0,7687689.319999998,29.0
8836.0,7687986.76,28.0
8908.0,7688862.14,32.0
8944.0,7688863.1099999985,34.0
8704.0,7689711.26,33.0
8684.0,7690055.08,32.0
8664.0,7692150.689999999,31.0
8684.0,7692255.2,32.0
8704.0,7692296.91,33.0
8944.0,7693114.62,34.0
9184.0,7693118.5,35.0
9185.0,7693564.7,36.0
9186.0,7693831.45,37.0
9187.0,7694226.24,38.0
9188.0,7694347.49,39.0
9168.0,7694410.2,38.0
9169.0,7694415.39,39.0
9170.0,7694829.58,40.0
9170.0,7694904.66,40.0
9170.0,7695027.990065855,40.0
9190.0,7697137.21,41.0
9210.0,7697218.689999999,42.0
9190.0,7697264.21,41.0
9170.0,7697296.689999999,40.0
9190.0,7697419.479999999,41.0
9170.0,7697508.479999999,40.0
9190.0,7697563.04,41.0
9210.0,7697637.729999999,42.0
9190.0,7698047.91,41.0
9170.0,7698129.04,40.0
9150.0,7698260.729999999,39.0
9149.0,7698855.7,38.0
9148.0,7698993.45,37.0
9147.0,7699391.24,36.0
9146.0,7699530.49,35.0
9145.0,7699569.39,34.0
9144.0,7699907.58,33.0
9164.0,7699952.1499999985,34.0
9144.0,7700023.1499999985,33.0
9164.0,7700178.16,34.0
9144.0,7700244.16,33.0
9164.0,7700721.3599999985,34.0
9144.0,7700810.3599999985,33.0
9164.0,7700977.439999999,34.0
9144.0,7701047.439999999,33.0
9144.0,7701196.33,33.0
9164.0,7701291.72,34.0
9144.0,7701361.72,33.0
9164.0,7701689.42,34.0
9144.0,7701759.42,33.0
9164.0,7701839.77,34.0
9165.0,7702373.27,35.0
9185.0,7702445.05,36.0
9205.0,7702513.92,37.0
9205.0,7702781.58,38.0
9206.0,7703468.3999999985,39.0
9206.0,7704830.94,39.0
9206.0,7704900.94,39.0
9206.0,7705444.58,39.0
9186.0,7706614.0,39.0
9166.0,7706842.58,38.0
9146.0,7707187.16,38.0
9126.0,7707468.92,37.0
9125.0,7707752.27,36.0
9126.0,7708131.189999999,37.0
9127.0,7708272.81,38.0
9128.0,7708467.779999998,39.0
9129.0,7708547.319999998,40.0
9130.0,7708703.49,41.0
9131.0,7710223.479999999,42.0
9131.0,7710776.8999999985,42.0
9130.0,7710823.479999999,41.0
9130.0,7710932.74,41.0
9130.0,7710938.8999999985,41.0
9150.0,7711524.25,42.0
9130.0,7711949.77,41.0
9129.0,7712229.3999999985,40.0
9130.0,7712594.16,41.0
9210.0,7712807.25,41.0
9210.0,7712914.25,41.0
9209.0,7713479.189999999,40.0
9208.0,7713546.81,39.0
9207.0,7713654.779999998,38.0
9206.0,7713780.319999998,37.0
9206.0,7713829.3599999985,37.0
9205.0,7713998.49,36.0
9205.0,7714522.53,36.0
9185.0,7716108.81,36.0
9167.0,7716529.1099999985,35.0
9137.0,7718347.3599999985,38.0
9177.0,7718876.74,40.0
9177.0,7718998.74,40.0
9177.0,7719014.74,40.0
9177.0,7719268.96,40.0
9157.0,7720601.05,39.0
9156.0,7721584.16,38.0
9156.0,7721839.66,38.0
9176.0,7722312.3599999985,38.0
9176.0,7722574.3599999985,38.0
9176.0,7725236.990065855,38.0
9176.0,7726913.990065855,38.0
9196.0,7733205.25,38.0
9216.0,7738312.81,38.0
9216.0,7739643.569999998,38.0
9216.0,7740232.990065855,38.0
9216.0,7741200.8999999985,38.0
9216.0,7741220.74,38.0
9216.0,7742045.74,38.0
9216.0,7747958.99,38.0
9216.0,7748361.94,38.0
9196.0,7748546.66,38.0
9196.0,7748944.3599999985,38.0
9196.0,7748947.3599999985,38.0
9196.0,7749246.3599999985,38.0
9216.0,7753062.74,38.0
9216.0,7755029.96,38.0
9216.0,7755466.74,38.0
9216.0,7759761.25,38.0
9196.0,7761448.85,39.0
9196.0,7761803.3599999985,39.0
9197.0,7762150.49,40.0
9196.0,7762373.49,39.0
9197.0,7762657.8,40.0
9196.0,7762826.8,39.0
9216.0,7763542.66,39.0
9216.0,7767246.3599999985,39.0
9199.0,7767747.8999999985,42.0
9198.0,7768102.8999999985,41.0
9178.0,7768184.81,41.0
9198.0,7769385.72,42.0
9198.0,7769416.74,42.0
9198.0,7778979.3599999985,43.0
9178.0,7779688.74,43.0
9198.0,7779732.71,44.0
9199.0,7779949.02,45.0
9198.0,7780549.02,44.0
9199.0,7780753.1499999985,45.0
9200.0,7781265.31,46.0
9199.0,7781353.1499999985,45.0
9198.0,7781865.31,44.0
9199.0,7782588.39,45.0
9200.0,7782798.88,46.0
9199.0,7782868.88,45.0
9200.0,7783034.59,46.0
9199.0,7783188.39,45.0
9198.0,7783634.59,44.0
9198.0,7786299.25,45.0
9197.0,7786299.8999999985,44.0
9216.0,7786335.8999999985,44.0
9216.0,7786853.8999999985,44.0
9216.0,7790082.66,45.0
9216.0,7790308.66,45.0
9216.0,7790534.66,45.0
9216.0,7790651.66,45.0
9216.0,7790839.25,45.0
9216.0,7791070.66,45.0
9216.0,7791132.71,45.0
9216.0,7791840.94,45.0
9216.0,7791850.66,45.0
9216.0,7792348.66,45.0
9216.0,7792640.66,45.0
9216.0,7794507.25,45.0
9216.0,7795906.71,46.0
9216.0,7795995.3599999985,46.0
9216.0,7796046.3599999985,46.0
9198.0,7796691.14,45.0
9200.0,7797264.14,45.0
9202.0,7797337.14,45.0
9202.0,7797414.25,45.0
9203.0,7797779.56,46.0
9204.0,7797906.63,47.0
9203.0,7798379.56,46.0
9202.0,7798506.63,45.0
9204.0,7798534.1099999985,45.0
9204.0,7799186.14,45.0
9206.0,7799649.14,45.0
9206.0,7801320.8999999985,45.0
9206.0,7801697.25,45.0
9206.0,7802207.14,45.0
9186.0,7803126.66,44.0
9214.0,7803158.71,44.0
9214.0,7803360.71,44.0
9194.0,7803797.8999999985,43.0
9174.0,7804070.72,42.0
9202.0,7804123.14,42.0
9182.0,7804531.3599999985,41.0
9182.0,7805259.3599999985,41.0
9202.0,7806747.81,41.0
9202.0,7806973.74,41.0
9202.0,7807110.74,41.0
9182.0,7807640.1099999985,40.0
9183.0,7807821.97,41.0
9184.0,7807898.6,42.0
9183.0,7807906.97,41.0
9184.0,7807975.229999999,42.0
9212.0,7808658.14,42.0
9212.0,7808785.66,42.0
9192.0,7809023.66,42.0
9212.0,7809189.66,42.0
9192.0,7809785.25,41.0
9212.0,7810731.46,41.0
9212.0,7810818.74,41.0
9212.0,7811796.14,41.0
9192.0,7813190.14,40.0
9212.0,7816784.3599999985,40.0
9192.0,7822357.71,40.0
9192.0,7823782.74,41.0
9192.0,7823863.74,41.0
9202.0,7824846.3599999985,44.0
8962.0,7824939.3599999985,43.0
9178.0,7825856.71,45.0
9210.0,7826145.71,45.0
9162.0,7826156.71,44.0
9161.0,7827075.6,43.0
9160.0,7827114.229999999,42.0
9200.0,7834163.71,42.0
9200.0,7835274.94,42.0
9200.0,7836394.81,42.0
9200.0,7837390.46,42.0
9200.0,7837547.46,42.0
9200.0,7837557.74,42.0
9200.0,7837697.46,42.0
9200.0,7842875.0,42.0
9180.0,7842939.0,42.0
9180.0,7843104.0,42.0
9180.0,7843269.0,42.0
9180.0,7843434.0,42.0
9180.0,7843514.99,43.0
9180.0,7843537.0,43.0
9200.0,7843541.66,43.0
9200.0,7843603.99,44.0
9200.0,7843637.0,44.0
9180.0,7843647.99,44.0
9160.0,7843672.74,44.0
9100.0,7843802.99,43.0
9160.0,7843834.74,43.0
9160.0,7844411.81,43.0
9160.0,7846872.3599999985,43.0
9180.0,7846931.74,43.0
9180.0,7847144.74,43.0
9180.0,7847337.74,43.0
9181.0,7848495.04,44.0
9182.0,7848628.8999999985,45.0
9182.0,7848792.3599999985,45.0
9180.0,7850585.96,46.0
9180.0,7850660.96,46.0
9180.0,7850722.96,46.0
9180.0,7851646.66,46.0
9180.0,7851915.66,46.0
9180.0,7852108.66,46.0
9181.0,7852308.1099999985,47.0
9181.0,7852483.96,47.0
9201.0,7852729.09,48.0
9201.0,7852924.74,48.0
9199.0,7853023.5,49.0
9199.0,7853075.74,49.0
9198.0,7854329.8999999985,48.0
9197.0,7854338.04,47.0
9197.0,7855664.74,47.0
9213.0,7855994.0,49.0
9214.0,7856213.33,50.0
9214.0,7856529.3599999985,50.0
9214.0,7856602.3599999985,50.0
9212.0,7856993.85,51.0
9212.0,7857060.85,51.0
9208.0,7857137.99,52.0
9208.0,7857160.85,52.0
9207.0,7858069.1099999985,51.0
9207.0,7858114.85,51.0
9207.0,7859062.96,51.0
9203.0,7860212.99,52.0
9203.0,7860374.71,52.0
9143.0,7860820.71,53.0
9142.0,7862009.33,52.0
9143.0,7862600.779999998,53.0
9144.0,7862674.5,54.0
9184.0,7862775.85,54.0
9184.0,7862868.85,54.0
9144.0,7862949.74,54.0
9144.0,7863466.85,54.0
9144.0,7863570.85,54.0
9144.0,7863643.85,54.0
9144.0,7863716.85,54.0
9144.0,7863817.85,54.0
9144.0,7863919.85,54.0
9144.0,7864024.85,54.0
9144.0,7864126.85,54.0
9144.0,7864199.85,54.0
9144.0,7864272.85,54.0
9144.0,7864376.85,54.0
9144.0,7864442.74,54.0
9144.0,7864450.85,54.0
9144.0,7864524.85,54.0
9144.0,7864540.74,54.0
9144.0,7864598.85,54.0
9144.0,7864613.74,54.0
9144.0,7864672.85,54.0
9144.0,7864686.74,54.0
9144.0,7864745.85,54.0
9144.0,7864775.74,54.0
9144.0,7864818.85,54.0
9144.0,7864848.74,54.0
9186.0,7866934.96,54.0
9186.0,7867126.46,54.0
9186.0,7868312.3599999985,54.0
9186.0,7868343.5,54.0
9185.0,7868385.5,53.0
9184.0,7868390.779999998,52.0
9204.0,7869167.68,53.0
9205.0,7869535.31,54.0
9205.0,7869923.0,54.0
9205.0,7870005.990065855,54.0
9205.0,7871151.81,54.0
9205.0,7871304.81,54.0
9205.0,7871677.09,54.0
9205.0,7871825.09,54.0
9205.0,7872171.96,54.0
9205.0,7872354.83,54.0
9207.0,7872962.85,55.0
9207.0,7873090.990065855,57.0
9207.0,7873158.990065855,57.0
9207.0,7873229.990065855,57.0
9207.0,7873530.3599999985,57.0
9207.0,7873701.3599999985,57.0
9207.0,7873932.3599999985,57.0
9207.0,7874331.71,57.0
9209.0,7875938.99,58.0
9201.0,7876123.14,58.0
9201.0,7878740.94,58.0
9203.0,7879191.0,59.0
9203.0,7879238.0,59.0
9203.0,7879539.0,59.0
9185.0,7880240.99,59.0
9165.0,7880917.58,59.0
9165.0,7881203.96,59.0
9145.0,7881393.66,59.0
9205.0,7882214.74,60.0
9205.0,7882742.74,60.0
9205.0,7882776.96,60.0
9167.0,7882798.5,59.0
9147.0,7883211.74,59.0
9187.0,7883228.74,59.0
9187.0,7883572.990065855,59.0
9139.0,7883796.14,58.0
9201.0,7883808.99,58.0
9201.0,7886277.99,58.0
9181.0,7886308.71,57.0
9161.0,7886315.68,56.0
9203.0,7886500.0,56.0
9183.0,7886908.71,56.0
9183.0,7887221.0,56.0
9183.0,7887795.0,56.0
9163.0,7888135.0,55.0
9143.0,7888233.99,55.0
9183.0,7888470.0,55.0
9183.0,7888652.0,55.0
9182.0,7888781.31,54.0
9182.0,7888803.0,54.0
9144.0,7889119.99,53.0
9204.0,7889536.71,54.0
9204.0,7891363.99,54.0
9204.0,7891503.96,54.0
9204.0,7892024.71,54.0
9204.0,7892035.71,54.0
9184.0,7892562.74,54.0
9204.0,7892692.96,54.0
9164.0,7892756.62,54.0
9164.0,7892852.62,54.0
9164.0,7892954.62,54.0
9184.0,7893710.99,54.0
9184.0,7893807.990065855,54.0
9164.0,7894238.0,53.0
9204.0,7894656.58,53.0
9184.0,7895122.99,52.0
9164.0,7895137.99,51.0
9116.0,7896846.3599999985,50.0
9196.0,7897185.46,50.0
9176.0,7898570.990065855,49.0
9136.0,7899102.990065855,49.0
9136.0,7900029.3599999985,49.0
9216.0,7900182.3599999985,49.0
9176.0,7901263.33,49.0
9056.0,7901292.81,48.0
9056.0,7902298.96,48.0
9056.0,7903479.96,48.0
9036.0,7903822.0,47.0
9197.0,7904649.96,47.0
9197.0,7904842.96,47.0
9197.0,7904948.96,47.0
9197.0,7905078.96,47.0
9197.0,7905257.96,47.0
9197.0,7905386.96,47.0
9197.0,7905480.96,47.0
9197.0,7905570.33,47.0
9197.0,7905657.96,47.0
9197.0,7905834.96,47.0
9197.0,7905969.96,47.0
9197.0,7906718.33,47.0
9197.0,7906844.96,47.0
9177.0,7908113.85,46.0
9197.0,7910505.99,46.0
9197.0,7911730.3599999985,46.0
9157.0,7911989.53,46.0
9137.0,7912162.990065855,45.0
9197.0,7913032.990065855,45.0
9197.0,7913702.74,45.0
9117.0,7913859.71,44.0
9157.0,7914329.71,44.0
9077.0,7914732.74,43.0
9077.0,7917345.46,43.0
9196.0,7917394.96,43.0
9176.0,7917477.85,42.0
9056.0,7917919.0,41.0
9216.0,7918951.14,41.0
9196.0,7919948.99,40.0
9196.0,7920255.3599999985,40.0
9196.0,7920613.990065855,40.0
9196.0,7920711.990065855,40.0
9196.0,7920787.990065855,40.0
9196.0,7920887.990065855,40.0
9076.0,7920919.58,39.0
9116.0,7920978.990065855,39.0
9100.0,7922174.94,39.0
9200.0,7923687.74,39.0
9200.0,7924210.990065855,39.0
9200.0,7924581.96,39.0
9200.0,7925435.990065855,39.0
9200.0,7926603.62,39.0
9180.0,7930037.71,38.0
9200.0,7933184.09,38.0
9160.0,7933973.3599999985,38.0
9060.0,7934073.25,37.0
9180.0,7934105.3,38.0
9200.0,7934653.35,39.0
9180.0,7934743.35,38.0
9200.0,7934745.5,39.0
9180.0,7934816.5,38.0
9200.0,7934896.819999998,39.0
9180.0,7934966.819999998,38.0
9200.0,7935022.92,39.0
9140.0,7936539.3599999985,40.0
9200.0,7937180.74,41.0
9200.0,7937424.74,41.0
9200.0,7937781.74,41.0
9200.0,7939703.74,41.0
9200.0,7940035.74,41.0
9180.0,7940501.92,40.0
9160.0,7940682.99,40.0
9160.0,7940777.71,40.0
9200.0,7941924.74,40.0
9200.0,7942235.74,40.0
9160.0,7942630.71,40.0
9200.0,7943128.74,41.0
9201.0,7943481.319999998,42.0
9201.0,7943494.3599999985,42.0
9200.0,7943863.319999998,41.0
9180.0,7944338.3599999985,40.0
9181.0,7946114.87,41.0
9180.0,7946416.87,40.0
9200.0,7946510.74,40.0
9201.0,7946755.069999998,41.0
9201.0,7946789.74,41.0
9201.0,7946883.71,41.0
9200.0,7946927.069999998,40.0
9201.0,7946993.689999999,41.0
9121.0,7947174.71,40.0
9120.0,7947263.689999999,39.0
9140.0,7947306.74,39.0
9160.0,7947349.74,39.0
9161.0,7948244.99,40.0
9161.0,7948568.74,40.0
9160.0,7948610.99,39.0
9161.0,7948763.939999999,40.0
9160.0,7948977.939999999,39.0
9060.0,7949036.74,38.0
9160.0,7949999.74,38.0
9160.0,7950107.74,38.0
9060.0,7950320.74,37.0
9108.0,7950489.569999998,38.0
9060.0,7950694.569999998,37.0
9108.0,7950863.02,38.0
9060.0,7951061.02,37.0
9180.0,7951817.74,37.0
9180.0,7951890.74,37.0
9180.0,7952019.74,37.0
9180.0,7952123.74,37.0
9180.0,7952258.74,37.0
9108.0,7952434.74,38.0
9108.0,7952507.74,38.0
9108.0,7952581.74,38.0
9109.0,7952598.35,39.0
9061.0,7952633.74,38.0
9060.0,7952997.35,37.0
9061.0,7953371.439999999,38.0
9060.0,7953418.439999999,37.0
9061.0,7953454.8599999985,38.0
9161.0,7953513.99,38.0
9161.0,7953587.99,38.0
9161.0,7953935.99,38.0
9160.0,7954113.8599999985,37.0
8960.0,7954314.99,36.0
9160.0,7954541.26,37.0
8960.0,7954698.85,36.0
9060.0,7954752.72,37.0
9160.0,7954761.45,38.0
9060.0,7954810.72,37.0
9160.0,7954817.71,38.0
9060.0,7954819.45,37.0
9160.0,7954829.35,38.0
9160.0,7954919.26,39.0
9160.0,7955209.3599999985,39.0
9140.0,7955615.71,39.0
9180.0,7955643.569999998,40.0
9080.0,7955647.35,39.0
9000.0,7955669.71,38.0
8920.0,7955696.569999998,37.0
9181.0,7955726.26,37.0
9081.0,7956077.26,36.0
9181.0,7956315.39,37.0
8981.0,7956659.53,36.0
8881.0,7957107.39,35.0
9042.0,7957189.74,35.0
8942.0,7957236.96,34.0
8943.0,7957869.33,35.0
8942.0,7958503.33,34.0
8943.0,7958850.97,35.0
8942.0,7959519.97,34.0
9143.0,7959653.74,34.0
9163.0,7959732.7,35.0
8963.0,7960197.990065855,34.0
8763.0,7960221.46,33.0
9059.0,7962240.85,33.0
9139.0,7963445.8599999985,34.0
9139.0,7964617.3,34.0
9139.0,7964811.3,34.0
9179.0,7965614.3599999985,35.0
8818.0,7965813.26,34.0
8718.0,7966387.16,33.0
9174.0,7966548.3599999985,33.0
9133.0,7967254.74,34.0
8973.0,7967369.74,33.0
9133.0,7967861.3,34.0
8973.0,7967912.74,33.0
9133.0,7968097.01,34.0
8973.0,7968123.3,33.0
8873.0,7968194.66,32.0
8753.0,7968298.74,31.0
9093.0,7968542.01,31.0
9093.0,7968615.01,31.0
9053.0,7968682.33,31.0
9053.0,7968716.01,31.0
9053.0,7968831.01,31.0
9213.0,7968925.33,31.0
9213.0,7968935.01,31.0
9213.0,7968990.33,31.0
9133.0,7969092.8599999985,30.0
9213.0,7969098.05,31.0
8893.0,7969105.33,30.0
9213.0,7969134.91,31.0
8893.0,7969280.91,30.0
9213.0,7969395.84,31.0
8893.0,7969516.84,30.0
9053.0,7969616.029999998,31.0
8973.0,7969635.05,30.0
9133.0,7969747.95,31.0
8973.0,7969924.95,30.0
9133.0,7970006.939999999,31.0
8772.0,7970028.74,30.0
9188.0,7970043.029999998,30.0
9188.0,7970236.939999999,30.0
9188.0,7970429.939999999,30.0
9188.0,7970829.939999999,30.0
9188.0,7971216.939999999,30.0
9188.0,7971578.939999999,30.0
9188.0,7971741.939999999,30.0
9188.0,7971921.939999999,30.0
9168.0,7973065.7,29.0
9168.0,7975134.939999999,29.0
9120.0,7975457.71,28.0
9120.0,7978756.939999999,28.0
9120.0,7981045.939999999,28.0
9120.0,7981306.939999999,28.0
9120.0,7981406.939999999,28.0
9136.0,7982734.83,28.0
9152.0,7985276.990065855,28.0
9152.0,7985277.939999999,28.0
9152.0,7985412.939999999,28.0
9152.0,7985525.939999999,28.0
9192.0,7985911.06,29.0
9192.0,7986947.3599999985,29.0
9192.0,7987478.06,29.0
9192.0,7987674.939999999,29.0
9192.0,7988296.939999999,29.0
9172.0,7988399.8999999985,30.0
9172.0,7988691.939999999,30.0
9132.0,7989378.14,30.0
9092.0,7990038.8999999985,29.0
9212.0,7990205.8999999985,29.0
9052.0,7990278.939999999,28.0
9212.0,7990892.8999999985,28.0
9212.0,7991077.8999999985,28.0
9212.0,7991261.8999999985,28.0
9212.0,7991417.8999999985,28.0
9212.0,7991555.8999999985,28.0
9212.0,7991702.8999999985,28.0
9092.0,7991843.3599999985,27.0
9092.0,7991848.8999999985,27.0
9092.0,7992001.8999999985,27.0
9092.0,7992209.8999999985,27.0
9092.0,7992448.8999999985,27.0
9092.0,7992593.8999999985,27.0
9092.0,7992801.8999999985,27.0
9212.0,7992872.75,28.0
9212.0,7993009.8999999985,28.0
9212.0,7993217.8999999985,28.0
9212.0,7993405.8999999985,28.0
9212.0,7993603.8999999985,28.0
9212.0,7993885.8999999985,28.0
9212.0,7994037.8999999985,28.0
9212.0,7994161.8999999985,28.0
9012.0,7994347.8999999985,28.0
9092.0,7994651.96,28.0
8932.0,7995214.14,27.0
8812.0,7995324.3,26.0
8692.0,7995800.3599999985,25.0
9116.0,7998689.3599999985,25.0
9116.0,7998793.3599999985,25.0
8916.0,7998902.62,24.0
8876.0,7999519.06,23.0
8876.0,8000300.3599999985,23.0
8877.0,8002073.2,24.0
8861.0,8005690.85,24.0
8661.0,8009440.3599999985,23.0
9085.0,8010078.3599999985,23.0
8509.0,8013500.029999998,22.0
8469.0,8016552.09,21.0
8229.0,8019194.3599999985,20.0
8349.0,8021180.26,21.0
8449.0,8021241.37,22.0
8549.0,8021255.92,23.0
8649.0,8021266.59,24.0
8749.0,8021279.2,25.0
8509.0,8021478.990065855,24.0
8508.0,8021479.2,23.0
8408.0,8022018.37,22.0
8308.0,8022034.92,21.0
9208.0,8022046.59,21.0
9108.0,8022068.2,20.0
8988.0,8022097.75,19.0
9108.0,8022552.81,20.0
8868.0,8023353.990065855,19.0
8968.0,8023839.029999998,20.0
8728.0,8023989.96,19.0
8628.0,8024316.029999998,18.0
8748.0,8024360.89,19.0
8628.0,8024454.81,18.0
8728.0,8024456.92,19.0
8608.0,8024684.8999999985,18.0
8508.0,8025231.92,17.0
8608.0,8025864.39,18.0
9032.0,8026163.83,18.0
8932.0,8026637.39,17.0
9032.0,8027914.0,18.0
8456.0,8028708.990065855,17.0
8356.0,8028712.0,16.0
8780.0,8030403.3599999985,16.0
8880.0,8034550.74,17.0
8780.0,8035088.74,16.0
8880.0,8035239.439999999,17.0
8980.0,8035311.22,18.0
8880.0,8035337.439999999,17.0
8780.0,8035429.22,16.0
8880.0,8035867.029999998,17.0
8780.0,8036046.029999998,16.0
8880.0,8036124.08,17.0
8780.0,8036214.08,16.0
8880.0,8036244.3599999985,17.0
8780.0,8036492.3599999985,16.0
8781.0,8037178.47,17.0
8780.0,8037298.47,16.0
8880.0,8037407.39,17.0
8980.0,8037500.51,18.0
8780.0,8037602.74,17.0
8580.0,8041097.5,16.0
8380.0,8043545.569999998,15.0
8500.0,8050236.6099999985,16.0
8380.0,8051204.26,15.0
8280.0,8052652.51,14.0
8180.0,8053040.39,13.0
8300.0,8053437.6099999985,14.0
7300.0,8053523.59,13.0
9180.0,8054378.89,13.0
9180.0,8054493.89,13.0
9181.0,8063403.39,14.0
9182.0,8063953.38,15.0
8182.0,8064497.3599999985,14.0
9182.0,8064745.3599999985,14.0
9181.0,8067591.39,13.0
9180.0,8067616.38,12.0
8180.0,8068216.3599999985,11.0
8300.0,8079277.439999999,12.0
8180.0,8080218.6099999985,11.0
8060.0,8083483.6099999985,10.0
8061.0,8090118.16,11.0
8062.0,8090715.68,12.0
8061.0,8090723.16,11.0
8062.0,8093524.8,12.0
8061.0,8093606.8,11.0
8062.0,8093625.68,12.0
8061.0,8093714.68,11.0
8062.0,8097055.6,12.0
8061.0,8098063.68,11.0
8060.0,8102977.6,10.0
8061.0,8103018.189999999,11.0
8062.0,8105662.41,12.0
8063.0,8105790.45,13.0
8062.0,8106069.41,12.0
8182.0,8108397.81,13.0
8062.0,8109379.439999999,12.0
8061.0,8110576.189999999,11.0
8561.0,8120166.819999998,12.0
9137.0,8120222.1099999985,13.0
9136.0,8125194.45,12.0
8936.0,8125335.74,11.0
8976.0,8128795.939999999,12.0
9096.0,8137816.939999999,13.0
8976.0,8138761.81,12.0
9052.0,8141735.01,12.0
9052.0,8163686.1099999985,12.0
9068.0,8165632.990065855,12.0
9188.0,8166998.42,13.0
9068.0,8167982.939999999,12.0
8068.0,8171680.83,11.0
8628.0,8173308.89,11.0
8628.0,8173443.89,11.0
8068.0,8173546.89,11.0
7508.0,8174774.94,10.0
7628.0,8176112.54,11.0
7508.0,8176432.42,10.0
8508.0,8182942.31,11.0
7508.0,8183744.31,10.0
8508.0,8183934.62,11.0
8588.0,8183973.42,12.0
8668.0,8183978.27,13.0
8748.0,8183985.06,14.0
8948.0,8183994.76,15.0
9148.0,8183999.6099999985,16.0
8772.0,8185187.01,16.0
8692.0,8188332.06,15.0
8732.0,8188935.939999999,16.0
8772.0,8189037.79,17.0
8812.0,8189087.26,18.0
8852.0,8189104.72,19.0
8892.0,8189149.34,20.0
8852.0,8189194.939999999,19.0
8972.0,8189432.62,20.0
9212.0,8189849.68,21.0
9012.0,8189921.76,20.0
8932.0,8189922.42,19.0
8732.0,8189926.6099999985,18.0
9212.0,8189927.27,18.0
9212.0,8190023.68,18.0
9216.0,8190615.01,19.0
9216.0,8190657.79,19.0
9216.0,8190681.26,19.0
9212.0,8190685.01,18.0
9212.0,8190687.72,18.0
9132.0,8190960.68,18.0
9172.0,8191103.01,18.0
9172.0,8191861.68,18.0
9172.0,8191982.01,18.0
9192.0,8192124.33,19.0
9172.0,8192171.33,18.0
9192.0,8192244.6099999985,19.0
9172.0,8192326.6099999985,18.0
9172.0,8192709.68,18.0
9172.0,8192807.01,18.0
9172.0,8193212.01,19.0
9192.0,8193336.01,19.0
9192.0,8193434.01,19.0
9192.0,8193510.68,19.0
9192.0,8193520.01,19.0
9192.0,8193584.01,19.0
9192.0,8193606.01,19.0
9212.0,8193904.68,20.0
9152.0,8193989.01,20.0
9152.0,8194020.68,20.0
9152.0,8194135.68,20.0
9132.0,8194254.01,20.0
9052.0,8194256.68,19.0
9212.0,8194482.01,19.0
9212.0,8194876.01,19.0
9212.0,8194905.819999998,19.0
9112.0,8194993.68,18.0
8872.0,8195259.01,17.0
8772.0,8195441.01,16.0
8872.0,8195613.42,17.0
8772.0,8195853.42,16.0
8773.0,8202223.97,17.0
8772.0,8202343.97,16.0
8773.0,8202661.439999999,17.0
8772.0,8202740.439999999,16.0
8773.0,8203228.89,17.0
8772.0,8203317.89,16.0
8812.0,8204307.529999998,17.0
8852.0,8204310.439999999,18.0
8892.0,8204318.2,19.0
8932.0,8204323.05,20.0
8972.0,8204445.27,21.0
9012.0,8204471.46,22.0
9052.0,8204485.04,23.0
9012.0,8204498.529999998,22.0
9052.0,8204507.35,23.0
9012.0,8204516.439999999,22.0
8972.0,8204535.2,21.0
8932.0,8204546.05,20.0
8892.0,8204631.34,19.0
8852.0,8204654.72,18.0
8812.0,8204670.26,17.0
8772.0,8204680.79,16.0
8812.0,8205030.18,17.0
8852.0,8205034.06,18.0
8892.0,8205036.97,19.0
8932.0,8205039.88,20.0
8892.0,8205079.35,19.0
8852.0,8205080.46,18.0
8812.0,8205084.04,17.0
8772.0,8205093.27,16.0
8892.0,8205406.54,17.0
9052.0,8205593.75,18.0
9132.0,8206174.779999998,19.0
9212.0,8206183.51,20.0
9172.0,8206240.88,19.0
9212.0,8206242.18,19.0
9172.0,8206246.06,18.0
9212.0,8206248.97,18.0
9052.0,8206324.75,17.0
9212.0,8206376.54,18.0
9092.0,8206389.54,17.0
8932.0,8206672.54,16.0
9092.0,8206992.49,17.0
9076.0,8207146.1099999985,17.0
8916.0,8207298.49,16.0
9076.0,8207352.3599999985,17.0
8996.0,8207884.51,16.0
8916.0,8207886.779999998,15.0
8964.0,8207908.17,16.0
8884.0,8207938.97,15.0
8804.0,8207943.18,14.0
8852.0,8208066.279999998,15.0
8932.0,8208103.14,16.0
9012.0,8208107.02,17.0
9092.0,8208109.93,18.0
9172.0,8208111.87,19.0
9172.0,8208180.17,19.0
9172.0,8208216.279999998,19.0
9124.0,8208329.17,18.0
9172.0,8208333.029999998,19.0
9124.0,8208364.279999998,18.0
9172.0,8208394.14,19.0
9172.0,8208457.87,19.0
9124.0,8208487.029999998,18.0
9204.0,8208592.99,19.0
9204.0,8208639.14,19.0
9204.0,8208654.02,19.0
9205.0,8208794.75,20.0
9204.0,8208884.75,19.0
9205.0,8208895.63,20.0
9204.0,8208985.63,19.0
9204.0,8209095.990065855,19.0
9205.0,8209174.02,20.0
9204.0,8209278.02,19.0
9205.0,8209664.84,20.0
9204.0,8209784.84,19.0
9156.0,8209788.14,18.0
9204.0,8209913.16,19.0
9205.0,8209948.08,20.0
9204.0,8210026.08,19.0
9205.0,8210787.13,20.0
9205.0,8210894.93,20.0
9204.0,8210903.13,19.0
9205.0,8210909.35,20.0
9205.0,8210921.99,20.0
9205.0,8210950.02,20.0
9205.0,8210957.14,20.0
9125.0,8210962.87,19.0
9124.0,8211008.35,18.0
9125.0,8211026.72,19.0
9124.0,8211146.72,18.0
9124.0,8211320.3599999985,18.0
9125.0,8211615.51,19.0
9124.0,8211716.51,18.0
9125.0,8211856.069999998,19.0
9124.0,8211934.069999998,18.0
9125.0,8212194.6,19.0
9126.0,8212280.93,20.0
9125.0,8212330.6,19.0
9124.0,8212389.93,18.0
9204.0,8214207.35,19.0
9204.0,8215924.35,19.0
9204.0,8217524.93,19.0
9204.0,8217540.99,19.0
9204.0,8217542.14,19.0
9204.0,8217546.02,19.0
9204.0,8217613.35,19.0
9164.0,8218955.939999999,18.0
9164.0,8219087.02,18.0
9164.0,8219105.14,18.0
9164.0,8219143.35,18.0
9164.0,8219177.99,18.0
9164.0,8219187.93,18.0
9164.0,8219853.14,18.0
9164.0,8219871.93,18.0
9164.0,8219872.99,18.0
9164.0,8219880.35,18.0
9164.0,8220493.35,18.0
9164.0,8220496.99,18.0
9164.0,8220517.93,18.0
9164.0,8220526.14,18.0
9164.0,8220606.02,18.0
9164.0,8221772.35,18.0
9164.0,8221775.99,18.0
9164.0,8221794.14,18.0
9164.0,8221796.93,18.0
9164.0,8221874.02,18.0
9164.0,8223029.35,18.0
9164.0,8223032.99,18.0
9164.0,8223042.93,18.0
9164.0,8223051.14,18.0
9164.0,8223120.02,18.0
9196.0,8223676.16,18.0
9196.0,8224267.99,18.0
9196.0,8224275.35,18.0
9196.0,8224277.93,18.0
9196.0,8224286.14,18.0
9196.0,8224355.02,18.0
9196.0,8224900.16,18.0
9196.0,8225697.02,18.0
9196.0,8226264.16,18.0
9196.0,8227072.02,18.0
9196.0,8227104.99,18.0
9196.0,8227123.35,18.0
9196.0,8227136.93,18.0
9196.0,8227156.14,18.0
9196.0,8227639.16,18.0
9196.0,8229931.02,18.0
9196.0,8229974.99,18.0
9196.0,8229993.35,18.0
9196.0,8230006.93,18.0
9196.0,8230549.14,18.0
9196.0,8231098.16,18.0
9196.0,8231312.35,18.0
9196.0,8231314.93,18.0
9196.0,8231748.14,18.0
9196.0,8232486.93,18.0
9196.0,8232495.35,18.0
9196.0,8232920.14,18.0
9196.0,8233260.16,18.0
9196.0,8233401.02,18.0
9196.0,8233444.99,18.0
9196.0,8233533.99,18.0
9196.0,8233563.35,18.0
9196.0,8233650.93,18.0
9196.0,8233895.35,18.0
9196.0,8233978.14,18.0
9196.0,8234318.16,18.0
9196.0,8234410.99,18.0
9196.0,8234470.02,18.0
9196.0,8234828.99,18.0
9196.0,8234888.02,18.0
9196.0,8235246.99,18.0
9196.0,8235306.02,18.0
9204.0,8235522.54,19.0
9204.0,8235633.99,19.0
9204.0,8235673.54,19.0
9204.0,8235703.02,19.0
9204.0,8235822.02,19.0
9204.0,8235930.54,19.0
9204.0,8236041.99,19.0
9204.0,8236116.54,19.0
9204.0,8236523.54,19.0
9156.0,8239104.54,18.0
9156.0,8240385.02,18.0
9156.0,8240482.54,18.0
9156.0,8240604.99,18.0
9156.0,8240786.54,18.0
9156.0,8240908.99,18.0
9156.0,8241208.54,18.0
9156.0,8241223.99,18.0
9156.0,8243893.35,18.0
9156.0,8244334.93,18.0
9156.0,8244662.14,18.0
9156.0,8244948.02,18.0
9156.0,8244991.16,18.0
9156.0,8245020.93,18.0
9156.0,8245348.14,18.0
9156.0,8245623.02,18.0
9156.0,8245655.16,18.0
9156.0,8245755.14,18.0
9156.0,8245999.02,18.0
9156.0,8246020.16,18.0
9156.0,8246120.14,18.0
9156.0,8247251.96,18.0
9156.0,8249109.02,18.0
9156.0,8249130.16,18.0
9156.0,8249241.14,18.0
9156.0,8249649.16,18.0
9156.0,8249771.14,18.0
9156.0,8250169.16,18.0
9156.0,8250678.16,18.0
9156.0,8251187.16,18.0
9156.0,8251269.54,18.0
9156.0,8251284.99,18.0
9156.0,8251696.16,18.0
9156.0,8251778.54,18.0
9156.0,8252230.02,18.0
9140.0,8252523.990065855,18.0
9140.0,8253967.35,18.0
9140.0,8254872.93,18.0
9140.0,8257131.99,18.0
9140.0,8258241.16,18.0
9140.0,8258290.85,18.0
9140.0,8258323.54,18.0
9140.0,8258732.54,18.0
9140.0,8258775.02,18.0
9140.0,8258909.54,18.0
9140.0,8260015.02,18.0
9140.0,8260105.54,18.0
9140.0,8260512.35,18.0
9140.0,8261417.93,18.0
9140.0,8263676.99,18.0
9140.0,8264797.16,18.0
9160.0,8268572.939999999,19.0
9140.0,8268608.939999999,18.0
9160.0,8270052.189999999,19.0
9140.0,8270192.189999999,18.0
9160.0,8270666.2,19.0
9140.0,8270806.2,18.0
9140.0,8275289.3599999985,18.0
9141.0,8277303.91,19.0
9142.0,8277330.1,20.0
9141.0,8277388.1,19.0
9140.0,8277441.91,18.0
9141.0,8277547.38,19.0
9140.0,8277667.38,18.0
9141.0,8277829.6499999985,19.0
9140.0,8277949.6499999985,18.0
9141.0,8278123.56,19.0
9140.0,8278234.56,18.0
9141.0,8278303.01,19.0
9140.0,8278425.01,18.0
9141.0,8278485.37,19.0
9140.0,8278602.37,18.0
9141.0,8278673.55,19.0
9140.0,8278806.55,18.0
9141.0,8282103.47,19.0
9140.0,8282243.47,18.0
9160.0,8284618.68,19.0
9140.0,8284665.68,18.0
9160.0,8285028.99,19.0
9200.0,8285187.1,20.0
9180.0,8285188.99,19.0
9140.0,8285261.1,18.0
9160.0,8286076.59,19.0
9161.0,8289020.54,20.0
9160.0,8289119.54,19.0
9161.0,8289126.27,20.0
9162.0,8289171.8599999985,21.0
9161.0,8289233.27,20.0
9162.0,8289263.04,21.0
9161.0,8289268.8599999985,20.0
9141.0,8289331.59,19.0
9140.0,8289354.04,18.0
9140.0,8290423.14,18.0
9180.0,8296157.8,19.0
9140.0,8296272.8,18.0
9180.0,8296566.17,19.0
9140.0,8296670.17,18.0
9140.0,8299267.02,18.0
9140.0,8299357.54,18.0
9140.0,8299764.35,18.0
9140.0,8300669.93,18.0
9140.0,8301687.93,18.0
9140.0,8302647.99,18.0
9140.0,8303430.16,18.0
9140.0,8320895.89,23.0
9140.0,8320992.89,23.0
9140.0,8321003.89,23.0
9140.0,8321014.89,23.0
9140.0,8321025.89,23.0
9140.0,8321078.89,23.0
9140.0,8321133.89,23.0
9140.0,8321160.89,23.0
9140.0,8321171.89,23.0
9140.0,8321237.89,23.0
9140.0,8321275.89,23.0
9140.0,8321358.89,23.0
9140.0,8321402.89,23.0
9140.0,8321485.89,23.0
9140.0,8321547.89,23.0
9140.0,8321614.89,23.0
9140.0,8321629.89,23.0
9140.0,8321726.89,23.0
9140.0,8321740.89,23.0
9140.0,8321760.89,23.0
9140.0,8321792.89,23.0
9140.0,8321890.89,23.0
9140.0,8321908.89,26.0
9140.0,8321946.89,29.0
9140.0,8321949.89,29.0
9140.0,8322049.89,29.0
9140.0,8322061.89,29.0
9140.0,8322073.89,29.0
9140.0,8322105.89,29.0
9140.0,8322206.89,29.0
9140.0,8322229.89,29.0
9140.0,8322358.89,29.0
9140.0,8322384.89,29.0
9140.0,8322540.89,29.0
9140.0,8322690.89,32.0
9140.0,8322802.89,32.0
9140.0,8322805.89,32.0
9140.0,8323140.89,35.0
9140.0,8325565.35,35.0
9140.0,8326779.89,35.0
9140.0,8326806.89,35.0
9140.0,8326901.89,35.0
9140.0,8326927.89,35.0
9140.0,8326938.89,35.0
9140.0,8326943.89,35.0
9140.0,8326951.89,35.0
9140.0,8326968.89,35.0
9140.0,8327027.89,35.0
9140.0,8327053.89,35.0
9140.0,8327058.89,35.0
9140.0,8327405.89,35.0
9140.0,8327406.89,35.0
9160.0,8327485.89,35.0
9180.0,8327520.89,35.0
9200.0,8327558.89,35.0
9200.0,8327566.89,35.0
9200.0,8327610.89,35.0
9200.0,8327678.89,35.0
9200.0,8327731.89,35.0
9200.0,8327767.89,35.0
9200.0,8327902.89,35.0
9200.0,8328003.89,35.0
9200.0,8329035.35,35.0
9200.0,8329400.89,35.0
9200.0,8329970.14,35.0
9200.0,8330766.54,35.0
9200.0,8330809.89,35.0
9200.0,8330826.89,35.0
9200.0,8330874.89,35.0
9200.0,8330894.89,35.0
9200.0,8330900.89,35.0
9200.0,8330941.89,35.0
9200.0,8330958.89,35.0
9200.0,8331009.89,35.0
9200.0,8331010.89,35.0
9200.0,8331016.89,35.0
9200.0,8331038.89,35.0
9200.0,8331107.89,35.0
9200.0,8331161.89,35.0
9200.0,8331249.89,35.0
9200.0,8331481.89,35.0
9200.0,8331974.89,35.0
9200.0,8331980.89,35.0
9200.0,8332030.89,35.0
9200.0,8332046.89,35.0
9200.0,8332330.89,35.0
9200.0,8332835.89,35.0
9200.0,8333215.89,35.0
9200.0,8333455.89,35.0
9200.0,8333655.89,35.0
9200.0,8333660.89,35.0
9200.0,8334073.89,35.0
9140.0,8334823.3599999985,35.0
9160.0,8334933.89,35.0
9180.0,8335173.89,35.0
9180.0,8335492.3599999985,35.0
9200.0,8338374.89,35.0
9200.0,8338403.89,35.0
9200.0,8338862.89,35.0
9200.0,8339145.02,35.0
9200.0,8340741.93,35.0
9200.0,8341690.99,35.0
9200.0,8341804.99,35.0
9200.0,8341811.89,35.0
9200.0,8341924.99,35.0
9200.0,8342150.89,35.0
9200.0,8342172.93,35.0
9200.0,8342462.16,35.0
9200.0,8342562.89,35.0
9200.0,8342575.02,35.0
9200.0,8343188.89,35.0
9200.0,8343261.89,35.0
9200.0,8343294.99,35.0
9200.0,8346517.89,35.0
9200.0,8347544.89,35.0
9200.0,8348576.89,35.0
9200.0,8360896.89,35.0
9120.0,8360918.89,35.0
9200.0,8360923.89,36.0
9200.0,8360929.89,37.0
9160.0,8360988.89,38.0
9120.0,8360992.89,37.0
9180.0,8361002.89,37.0
9140.0,8361029.89,36.0
9200.0,8361033.89,36.0
9120.0,8363907.89,35.0
9120.0,8364286.89,35.0
9200.0,8364439.89,35.0
9120.0,8367154.89,34.0
9120.0,8367620.89,34.0
9196.0,8367705.819999998,34.0
9196.0,8367763.89,34.0
9196.0,8367964.3599999985,34.0
9176.0,8368409.89,33.0
9196.0,8368540.14,33.0
9216.0,8369804.54,33.0
9136.0,8369968.35,32.0
9156.0,8371014.89,32.0
9156.0,8375648.89,32.0
9176.0,8375671.6099999985,33.0
9156.0,8375743.6099999985,32.0
9176.0,8376042.1499999985,33.0
9216.0,8376911.27,34.0
9176.0,8376985.27,33.0
9196.0,8376996.63,34.0
9176.0,8377099.1499999985,33.0
9216.0,8377156.68,34.0
9176.0,8377229.68,33.0
9216.0,8377487.45,34.0
9176.0,8377592.45,33.0
9216.0,8377730.92,34.0
9196.0,8377783.63,33.0
9156.0,8377799.92,32.0
9196.0,8377964.689999999,33.0
9196.0,8378002.89,33.0
9216.0,8378010.89,33.0
9156.0,8378072.89,33.0
9216.0,8378076.689999999,33.0
9216.0,8378809.89,33.0
9216.0,8382281.93,34.0
9176.0,8382354.93,33.0
9136.0,8382385.93,32.0
9156.0,8382506.02,32.0
9176.0,8382704.16,32.0
9196.0,8382833.99,32.0
9216.0,8383533.89,32.0
9216.0,8389143.89,32.0
9216.0,8399281.89,32.0
9216.0,8400165.89,32.0
9216.0,8400663.89,33.0
9176.0,8400840.89,32.0
9176.0,8401224.89,32.0
9136.0,8401263.89,31.0
9136.0,8401926.89,31.0
9136.0,8403155.89,31.0
9176.0,8405229.45,32.0
9136.0,8405829.45,31.0
9176.0,8405866.74,32.0
9136.0,8406107.74,31.0
9176.0,8406420.61,32.0
9136.0,8406803.61,31.0
9176.0,8406879.42,32.0
9136.0,8407479.42,31.0
9176.0,8408791.29,32.0
9136.0,8409391.29,31.0
9176.0,8411011.62,32.0
9176.0,8411170.819999998,32.0
9196.0,8411296.89,32.0
9196.0,8411591.62,32.0
9156.0,8411830.62,31.0
9196.0,8411972.89,32.0
9156.0,8412572.89,31.0
9156.0,8414906.02,31.0
9156.0,8415104.16,31.0
9156.0,8415233.99,31.0
9156.0,8415627.89,31.0
9156.0,8419600.36,31.0
9156.0,8421300.14,31.0
9196.0,8422240.34,32.0
9196.0,8422280.54,32.0
9156.0,8422355.34,31.0
9196.0,8422565.29,32.0
9156.0,8422773.29,31.0
9196.0,8423122.07,32.0
9156.0,8423280.07,31.0
9196.0,8423660.42,32.0
9196.0,8423772.89,32.0
9156.0,8423911.42,31.0
9196.0,8423936.87,32.0
9156.0,8424108.87,31.0
9196.0,8424340.39,32.0
9156.0,8424456.39,31.0
9196.0,8424533.42,32.0
9156.0,8424649.42,31.0
9196.0,8424926.27,32.0
9156.0,8425041.27,31.0
9196.0,8425172.65,32.0
9156.0,8425332.65,31.0
9156.0,8425642.89,31.0
9156.0,8426002.89,31.0
9196.0,8426428.799999999,32.0
9156.0,8426576.799999999,31.0
9196.0,8426669.36,32.0
9156.0,8426815.36,31.0
9156.0,8427144.89,31.0
9156.0,8428371.89,31.0
9156.0,8429335.89,31.0
9156.0,8429653.89,31.0
9156.0,8432773.89,31.0
9156.0,8432793.14,31.0
9156.0,8433711.89,31.0
9156.0,8434216.89,31.0
9196.0,8435356.68,32.0
9196.0,8435451.689999998,32.0
9156.0,8435533.68,31.0
9156.0,8437592.89,31.0
9156.0,8438025.89,31.0
9156.0,8440830.89,31.0
9156.0,8440955.89,31.0
9194.0,8442032.620000001,35.0
9194.0,8442092.620000001,35.0
9194.0,8442139.620000001,35.0
9194.0,8442228.620000001,35.0
9195.0,8442527.27,36.0
9195.0,8442601.27,37.0
9195.0,8442771.89,37.0
9195.0,8443178.89,37.0
9195.0,8443696.89,37.0
9215.0,8444335.0,38.0
9215.0,8444977.0,38.0
9215.0,8445246.27,38.0
9215.0,8445619.0,38.0
9215.0,8446261.0,38.0
9215.0,8446903.0,38.0
9215.0,8446965.89,38.0
9215.0,8447306.02,38.0
9215.0,8447504.16,38.0
9215.0,8447545.0,38.0
9215.0,8447742.89,38.0
9215.0,8448198.0,38.0
9215.0,8448851.0,38.0
9215.0,8449019.620000001,38.0
9215.0,8449504.0,38.0
9215.0,8449828.02,38.0
9215.0,8450053.89,38.0
9215.0,8450157.0,38.0
9215.0,8450810.0,38.0
9215.0,8451452.0,38.0
9215.0,8451638.89,38.0
9215.0,8452103.89,38.0
9215.0,8452105.0,38.0
9215.0,8452520.54,38.0
9215.0,8452758.0,38.0
9215.0,8453411.0,38.0
9215.0,8454064.0,38.0
9215.0,8454717.0,38.0
9200.0,8454728.819999998,40.0
9200.0,8454826.819999998,40.0
9200.0,8455370.0,40.0
9200.0,8456023.0,40.0
9200.0,8456676.0,40.0
9200.0,8457329.0,40.0
9200.0,8459746.11,44.0
9200.0,8460162.11,44.0
9199.0,8460350.27,46.0
9199.0,8460684.11,46.0
9199.0,8460792.11,50.0
9199.0,8464358.89,50.0
9199.0,8464646.620000001,50.0
9199.0,8470520.36,50.0
9199.0,8470520.54,50.0
9199.0,8472728.819999998,50.0
9199.0,8472826.819999998,50.0
9199.0,8473936.89,50.0
9201.0,8474492.620000001,50.0
9201.0,8474667.620000001,50.0
9201.0,8476084.689999998,50.0
9201.0,8477746.11,50.0
9201.0,8478350.27,50.0
9201.0,8478473.89,50.0
9201.0,8478792.11,50.0
9201.0,8479655.89,50.0
9201.0,8482358.89,50.0
9201.0,8482646.620000001,50.0
9201.0,8483347.36,50.0
9201.0,8485532.99,50.0
9201.0,8487216.89,50.0
9201.0,8488520.54,50.0
9201.0,8492170.89,50.0
9201.0,8499254.16,50.0
9201.0,8499463.99,50.0
9201.0,8499825.89,50.0
9201.0,8499851.96,52.0
9201.0,8500829.620000001,52.0
9201.0,8501587.02,52.0
9201.0,8501778.89,52.0
9201.0,8503941.96,52.0
9199.0,8505123.990065854,57.0
9199.0,8507950.96,60.0
9199.0,8509674.89,60.0
9199.0,8509715.27,60.0
9199.0,8509977.89,60.0
9199.0,8510106.27,60.0
9215.0,8510890.85,61.0
9215.0,8510995.85,61.0
9215.0,8511155.85,61.0
9211.0,8511332.85,64.0
9211.0,8511399.85,64.0
9211.0,8512114.27,64.0
9211.0,8512289.89,64.0
9211.0,8515119.89,64.0
9211.0,8516924.0,64.0
9211.0,8519743.11,64.0
9211.0,8521120.11,64.0
9211.0,8521734.89,64.0
9210.0,8521866.819999998,66.0
9210.0,8522017.819999998,66.0
9210.0,8522209.819999998,66.0
9210.0,8522511.819999998,66.0
9210.0,8522646.819999998,66.0
9210.0,8522823.819999998,66.0
9210.0,8522992.819999998,66.0
9210.0,8523430.819999998,66.0
9210.0,8523576.819999998,66.0
9210.0,8523722.819999998,66.0
9210.0,8523826.819999998,66.0
9210.0,8523958.11,66.0
9210.0,8524043.819999998,66.0
9210.0,8524179.819999998,66.0
9210.0,8524314.819999998,66.0
9210.0,8524449.819999998,66.0
9210.0,8524573.819999998,66.0
9210.0,8524690.11,66.0
9210.0,8527590.11,66.0
9210.0,8528635.89,66.0
9210.0,8530210.11,66.0
9210.0,8537523.990065854,66.0
9208.0,8538264.620000001,66.0
9210.0,8543688.85,67.0
9212.0,8544496.85,68.0
9212.0,8545674.89,68.0
9212.0,8545715.27,68.0
9212.0,8545830.27,68.0
9212.0,8545977.89,68.0
9212.0,8546173.819999998,68.0
9212.0,8548114.27,68.0
9212.0,8548289.89,68.0
9212.0,8549287.89,68.0
9212.0,8551119.89,68.0
9212.0,8551649.27,68.0
9212.0,8553501.89,68.0
9212.0,8554633.990065854,68.0
9212.0,8555523.990065854,68.0
9212.0,8555694.27,68.0
9212.0,8556076.89,68.0
9212.0,8556264.620000001,68.0
9212.0,8556271.990065854,68.0
9212.0,8556815.89,68.0
9212.0,8559267.89,68.0
9214.0,8561688.85,79.0
9214.0,8564991.990065854,79.0
9214.0,8567773.819999998,79.0
9214.0,8567919.819999998,79.0
9214.0,8568066.819999998,79.0
9214.0,8568171.819999998,79.0
9214.0,8568340.819999998,79.0
9214.0,8568487.819999998,79.0
9214.0,8568627.819999998,79.0
9210.0,8568773.819999998,82.0
9210.0,8569280.89,84.0
9210.0,8569354.89,84.0
9210.0,8569499.89,84.0
9210.0,8569540.89,84.0
9210.0,8569676.89,84.0
9210.0,8569701.85,84.0
9210.0,8569752.89,84.0
9210.0,8569898.89,84.0
9210.0,8569914.89,84.0
9210.0,8570285.89,84.0
9210.0,8570498.89,84.0
9210.0,8570713.96,84.0
9210.0,8570898.89,84.0
9190.0,8571031.89,84.0
9190.0,8571215.89,84.0
9210.0,8571649.89,84.0
9210.0,8572061.89,84.0
9210.0,8572506.89,84.0
9210.0,8573046.89,84.0
9211.0,8573495.89,86.0
9211.0,8573591.89,86.0
9211.0,8573673.89,87.0
9211.0,8573799.89,87.0
9211.0,8573837.89,87.0
9211.0,8573939.89,87.0
9211.0,8574098.89,87.0
9211.0,8574159.89,87.0
9211.0,8574299.89,87.0
9211.0,8574350.819999998,87.0
9211.0,8574413.89,87.0
9211.0,8574548.89,87.0
9211.0,8574642.89,87.0
9211.0,8574702.89,87.0
9211.0,8574764.89,87.0
9191.0,8574816.85,86.0
9211.0,8574826.0,86.0
9211.0,8574946.0,86.0
9211.0,8575141.0,86.0
9211.0,8575181.89,86.0
9211.0,8575212.89,86.0
9211.0,8575222.89,86.0
9211.0,8575329.89,86.0
9211.0,8575337.89,86.0
9211.0,8575502.0,86.0
9211.0,8575576.0,86.0
9211.0,8575623.89,86.0
9211.0,8575680.0,86.0
9211.0,8575761.89,86.0
9211.0,8575779.89,86.0
9211.0,8575826.0,86.0
9211.0,8575938.89,86.0
9211.0,8575950.89,86.0
9171.0,8576004.0,85.0
9191.0,8576116.89,85.0
9211.0,8576138.89,85.0
9171.0,8578937.89,84.0
9211.0,8579709.11,84.0
9211.0,8580496.85,84.0
9211.0,8580673.89,84.0
9191.0,8581345.11,83.0
9171.0,8582314.990065854,82.0
9211.0,8582406.96,82.0
9151.0,8583659.11,81.0
9211.0,8585660.819999998,81.0
9131.0,8585764.819999998,80.0
9171.0,8586119.89,80.0
9151.0,8586586.96,79.0
9131.0,8587511.11,78.0
9131.0,8587649.27,78.0
9131.0,8587894.89,78.0
9211.0,8588692.11,78.0
9211.0,8588862.11,78.0
9211.0,8588926.89,78.0
9211.0,8589017.11,78.0
9211.0,8589206.11,78.0
9211.0,8589352.11,78.0
9191.0,8589364.96,77.0
9191.0,8589465.11,77.0
9191.0,8589501.89,77.0
9191.0,8589614.89,77.0
9171.0,8590007.27,76.0
9151.0,8590258.85,75.0
9187.0,8591265.11,76.0
9205.0,8591523.990065854,76.0
9205.0,8591587.27,76.0
9205.0,8591694.27,76.0
9167.0,8592264.620000001,77.0
9167.0,8592681.89,77.0
9167.0,8592799.11,77.0
9147.0,8592931.11,76.0
9147.0,8594300.89,76.0
9147.0,8594461.27,76.0
9147.0,8594504.620000001,76.0
9147.0,8594699.620000001,76.0
9187.0,8594843.89,76.0
9187.0,8596205.27,76.0
9167.0,8596245.819999998,75.0
9167.0,8596672.11,75.0
9067.0,8596684.89,74.0
9127.0,8596957.89,74.0
9107.0,8598921.11,73.0
9087.0,8600631.11,72.0
9027.0,8602682.89,71.0
9007.0,8607068.85,70.0
9151.0,8607265.819999998,70.0
9071.0,8607339.819999998,70.0
9209.0,8607649.89,70.0
9209.0,8607709.89,70.0
8971.0,8607769.89,69.0
9131.0,8607870.819999998,69.0
9131.0,8607936.819999998,69.0
9111.0,8609340.85,68.0
9167.0,8609495.89,67.0
9067.0,8610275.819999998,66.0
9147.0,8611329.620000001,66.0
9163.0,8611419.620000001,66.0
9163.0,8611610.620000001,66.0
9163.0,8611756.620000001,66.0
9163.0,8611966.89,66.0
9163.0,8612163.620000001,66.0
9163.0,8612515.620000001,66.0
9163.0,8612723.620000001,66.0
9143.0,8613148.85,65.0
9123.0,8613833.85,64.0
9103.0,8613895.85,63.0
9083.0,8614343.85,62.0
9063.0,8614447.85,61.0
9043.0,8614672.85,60.0
9023.0,8615085.96,59.0
9003.0,8615792.85,58.0
9183.0,8616323.620000001,58.0
9203.0,8616368.819999998,58.0
9023.0,8616463.620000001,58.0
9105.0,8616496.85,58.0
9105.0,8616822.620000001,58.0
9105.0,8617341.620000001,58.0
9041.0,8617670.620000001,58.0
9041.0,8617674.990065854,58.0
9001.0,8617820.85,56.0
8981.0,8618225.85,55.0
9045.0,8618328.11,55.0
9045.0,8618538.11,55.0
9045.0,8618715.11,55.0
9045.0,8618934.11,55.0
9045.0,8619135.11,55.0
9045.0,8619337.11,55.0
9025.0,8619441.990065854,54.0
9025.0,8619494.36,55.0
9025.0,8619536.11,55.0
9025.0,8619618.36,55.0
9025.0,8619620.11,55.0
9025.0,8619773.36,55.0
9025.0,8620096.85,55.0
9121.0,8620455.36,55.0
9121.0,8620528.36,55.0
9121.0,8620632.36,55.0
9105.0,8620705.36,56.0
9085.0,8620764.819999998,55.0
9085.0,8620918.36,55.0
9021.0,8621066.11,55.0
9133.0,8621130.36,56.0
9113.0,8621986.85,55.0
9145.0,8622875.36,56.0
9125.0,8625646.990065854,55.0
9105.0,8625775.819999998,54.0
9085.0,8625775.89,53.0
9065.0,8626128.819999998,52.0
9165.0,8626961.75,53.0
9165.0,8627060.75,53.0
9165.0,8627159.75,53.0
9185.0,8627249.84,54.0
9185.0,8627258.75,54.0
9165.0,8627320.84,53.0
9185.0,8627358.48,54.0
9185.0,8627368.75,54.0
9165.0,8627427.48,53.0
9165.0,8627478.75,53.0
9165.0,8627567.11,53.0
9165.0,8627577.75,53.0
9165.0,8627666.11,53.0
9165.0,8627676.75,53.0
9165.0,8627765.11,53.0
9165.0,8627775.75,53.0
9165.0,8627864.11,53.0
9165.0,8627874.75,53.0
9165.0,8627963.11,53.0
9165.0,8627978.75,53.0
9165.0,8628067.11,53.0
9185.0,8628082.75,54.0
9185.0,8628171.11,54.0
9185.0,8628186.75,54.0
9205.0,8628191.75,54.0
9205.0,8628275.11,54.0
9145.0,8628292.75,53.0
9165.0,8628295.620000001,54.0
9185.0,8628297.75,54.0
9185.0,8628379.11,54.0
9125.0,8628386.620000001,54.0
9125.0,8628394.620000001,54.0
9125.0,8628399.75,54.0
9125.0,8628485.11,54.0
9125.0,8628498.620000001,54.0
9125.0,8628499.620000001,54.0
9125.0,8628500.75,54.0
9205.0,8628517.990065854,54.0
9205.0,8628584.11,54.0
9205.0,8628596.620000001,54.0
9205.0,8628599.620000001,54.0
9205.0,8628599.75,54.0
9145.0,8628609.89,54.0
9145.0,8628616.990065854,54.0
9145.0,8628683.11,54.0
9145.0,8628695.620000001,54.0
9145.0,8628698.620000001,54.0
9145.0,8628698.75,54.0
9145.0,8628708.89,54.0
9145.0,8628715.990065854,54.0
9205.0,8628769.83,55.0
9205.0,8628773.620000001,55.0
9205.0,8628782.11,55.0
9205.0,8628803.620000001,55.0
9205.0,8628803.89,55.0
9205.0,8628813.75,55.0
9205.0,8628822.990065854,55.0
9205.0,8629328.620000001,55.0
9185.0,8631261.83,56.0
9205.0,8633391.96,58.0
9185.0,8633569.85,57.0
9189.0,8634671.11,59.0
9169.0,8634880.85,58.0
9169.0,8635329.11,58.0
9213.0,8635752.620000001,60.0
9157.0,8635890.990065854,61.0
9201.0,8636678.89,63.0
9205.0,8637213.620000001,64.0
9145.0,8637286.11,63.0
9145.0,8640881.27,63.0
9125.0,8641631.620000001,63.0
9145.0,8641730.620000001,63.0
9145.0,8641866.27,63.0
9145.0,8642152.89,63.0
9145.0,8642564.89,63.0
9145.0,8642907.620000001,63.0
9145.0,8647193.89,63.0
9189.0,8647373.36,65.0
9189.0,8647548.620000001,65.0
9189.0,8648081.990065854,65.0
9209.0,8649380.96,65.0
9153.0,8650435.36,66.0
9153.0,8652271.620000001,66.0
9153.0,8652561.11,66.0
9153.0,8652800.620000001,66.0
9153.0,8653034.990065854,66.0
9153.0,8653745.75,66.0
9213.0,8655498.27,68.0
9213.0,8658840.27,68.0
9213.0,8663097.620000001,68.0
9213.0,8663299.11,68.0
9213.0,8664071.36,68.0
9213.0,8664603.36,68.0
9213.0,8664711.96,68.0
9213.0,8665588.990065854,68.0
9213.0,8665941.620000001,68.0
9213.0,8666345.36,68.0
9213.0,8677179.620000001,68.0
9213.0,8677553.11,68.0
9213.0,8677802.89,68.0
9213.0,8678032.89,68.0
9213.0,8680222.89,68.0
9153.0,8680427.620000001,68.0
9153.0,8681867.96,68.0
9153.0,8682601.11,68.0
9153.0,8684563.89,68.0
9053.0,8686428.620000001,67.0
9209.0,8686780.27,67.0
9109.0,8686898.11,66.0
9009.0,8687968.36,65.0
9165.0,8688092.36,65.0
9065.0,8688320.36,64.0
8965.0,8690691.89,63.0
9185.0,8691591.89,63.0
9085.0,8691973.89,62.0
8985.0,8691993.14,61.0
9141.0,8692415.89,61.0
9081.0,8693006.96,60.0
8981.0,8693995.11,59.0
8881.0,8694385.620000001,58.0
8781.0,8694944.990065854,57.0
8681.0,8695070.27,56.0
8661.0,8695433.83,55.0
9121.0,8695469.75,55.0
9021.0,8696249.89,54.0
8921.0,8696520.89,53.0
8821.0,8696761.27,52.0
8801.0,8696954.83,51.0
8701.0,8697881.620000001,50.0
9201.0,8698300.4,51.0
9121.0,8698497.96,50.0
8881.0,8698680.96,49.0
8781.0,8700589.36,48.0
8681.0,8701315.620000001,47.0
9141.0,8702234.620000001,47.0
9041.0,8702519.96,46.0
8941.0,8702831.990065854,45.0
9140.0,8703399.89,45.0
9140.0,8703512.89,45.0
9040.0,8703941.620000001,44.0
8784.0,8704530.27,43.0
8684.0,8705052.89,42.0
9004.0,8707808.990065854,42.0
9004.0,8707966.990065854,42.0
8988.0,8708135.36,42.0
9052.0,8709773.36,42.0
8732.0,8715092.85,41.0
9116.0,8719915.36,41.0
9016.0,8722473.689999998,40.0
8760.0,8724262.89,39.0
8660.0,8727454.96,38.0
9136.0,8732026.819999998,38.0
9036.0,8733136.89,37.0
9192.0,8733571.620000001,37.0
9092.0,8734470.89,36.0
9028.0,8735892.36,36.0
8928.0,8736946.11,35.0
8828.0,8737550.27,34.0
8728.0,8737673.89,33.0
9204.0,8737992.11,33.0
9104.0,8738855.89,32.0
9004.0,8741558.89,31.0
8904.0,8741846.620000001,30.0
8804.0,8742547.36,29.0
8904.0,8745127.15,30.0
9004.0,8745160.129999999,31.0
9104.0,8745373.53,32.0
9204.0,8745663.56,33.0
9140.0,8745977.36,33.0
9040.0,8747720.54,32.0
9140.0,8749232.19,33.0
9140.0,8750847.53,33.0
9200.0,8751205.17,34.0
9200.0,8751370.89,34.0
9200.0,8753005.129999999,34.0
9200.0,8757273.36,34.0
9200.0,8757668.89,37.0
9200.0,8758454.16,37.0
9200.0,8758663.99,37.0
9200.0,8759025.89,37.0
9200.0,8760029.620000001,37.0
9200.0,8760787.02,37.0
9200.0,8760978.89,37.0
9160.0,8761422.17,37.0
9160.0,8763378.27,37.0
9104.0,8765368.620000001,38.0
9164.0,8766709.27,38.0
9064.0,8770287.89,37.0
8964.0,8771168.11,36.0
9028.0,8775496.819999998,36.0
8928.0,8777835.620000001,35.0
8828.0,8778216.990065854,34.0
8892.0,8779327.36,34.0
8876.0,8781425.11,34.0
9116.0,8785158.08,35.0
9176.0,8789168.819999998,35.0
9160.0,8789436.36,35.0
9060.0,8790052.89,34.0
9200.0,8792566.02,34.0
9180.0,8795802.89,33.0
9100.0,8802156.819999998,33.0
9000.0,8802505.620000001,32.0
9080.0,8804401.27,32.0
9000.0,8805820.36,32.0
9156.0,8806409.19,32.0
9196.0,8809865.92,33.0
9196.0,8810525.92,33.0
8956.0,8811751.08,32.0
8996.0,8813727.49,33.0
8956.0,8813851.92,32.0
9212.0,8814078.629999999,33.0
9172.0,8814900.49,32.0
9072.0,8815440.89,31.0
9152.0,8815528.78,32.0
9072.0,8815725.78,31.0
9152.0,8815789.709999999,32.0
9052.0,8816020.27,31.0
9032.0,8816048.17,30.0
8952.0,8816748.709999999,29.0
9052.0,8817059.44,30.0
9132.0,8817401.85,31.0
9192.0,8817553.17,32.0
9092.0,8818961.620000001,31.0
9172.0,8819503.84,32.0
9092.0,8819610.85,31.0
9012.0,8821675.84,30.0
9092.0,8821760.06,31.0
9032.0,8824721.17,30.0
9192.0,8825360.06,30.0
9192.0,8826445.06,30.0
9092.0,8826619.44,29.0
9172.0,8827121.25,30.0
9092.0,8827174.25,29.0
9172.0,8827226.01,30.0
9172.0,8827508.06,30.0
9172.0,8827633.89,30.0
9172.0,8827744.01,30.0
9092.0,8827948.01,29.0
9172.0,8828018.5,30.0
9192.0,8828548.5,30.0
9032.0,8828558.06,30.0
8952.0,8829151.06,29.0
9032.0,8829229.06,30.0
9092.0,8829389.11,31.0
8992.0,8830057.620000001,30.0
8912.0,8830204.06,29.0
8992.0,8830695.7,30.0
8912.0,8831026.7,29.0
8992.0,8831327.17,30.0
8736.0,8832066.19,29.0
9056.0,8832092.5,30.0
8976.0,8832157.17,29.0
8736.0,8832486.02,28.0
9196.0,8840854.89,28.0
9196.0,8841008.89,28.0
9196.0,8841117.89,28.0
9196.0,8841293.89,28.0
9196.0,8841467.89,28.0
8956.0,8844328.27,27.0
8956.0,8844663.89,27.0
8896.0,8844961.11,26.0
9200.0,8845856.629999999,26.0
9100.0,8856691.53,25.0
9000.0,8858946.129999999,24.0
9060.0,8871100.4,24.0
9060.0,8873730.36,24.0
9216.0,8882101.16,24.0
9116.0,8884462.620000001,23.0
9016.0,8889511.89,22.0
9154.0,8891977.89,22.0
9156.0,8892037.89,22.0
9056.0,8892168.5,21.0
9054.0,8893232.89,21.0
9192.0,8893822.99,21.0
9192.0,8893882.99,21.0
9092.0,8894400.56,20.0
8992.0,8894403.15,19.0
9092.0,8894819.49,20.0
8992.0,8901911.36,19.0
9132.0,8904544.49,19.0
9132.0,8905787.49,19.0
9132.0,8906977.49,19.0
9132.0,8908156.49,19.0
9116.0,8913835.16,19.0
9118.0,8925632.89,19.0
9118.0,8926282.99,19.0
9118.0,8926342.99,19.0
9118.0,8926402.99,19.0
9118.0,8926462.99,19.0
9118.0,8927002.99,19.0
9134.0,8948069.75,19.0
9150.0,8954834.620000001,19.0
9166.0,8956112.89,19.0
9184.0,8959402.99,19.0
9200.0,8960566.990065854,19.0
9216.0,8960735.36,19.0
9216.0,8976072.5,19.0
9216.0,8976269.5,19.0
9216.0,8976322.5,19.0
9216.0,8976395.5,19.0
9216.0,8978970.5,19.0
9216.0,8979020.5,19.0
9156.0,8980509.89,20.0
9076.0,8980985.89,19.0
9076.0,8981139.5,19.0
9140.0,8991090.99,19.0
9140.0,8991518.75,19.0
9040.0,8996643.89,18.0
9040.0,8998281.620000001,18.0
9040.0,8999563.89,18.0
9140.0,9002699.01,19.0
9140.0,9004026.990065854,19.0
9124.0,9004214.36,19.0
9124.0,9024095.5,19.0
9060.0,9026603.5,19.0
9060.0,9026772.5,19.0
9060.0,9027186.5,19.0
9000.0,9034025.11,19.0
9180.0,9034077.99,19.0
9180.0,9034130.11,19.0
9000.0,9034209.99,19.0
9000.0,9034355.99,19.0
9000.0,9034501.99,19.0
9000.0,9034661.99,19.0
9000.0,9034980.75,19.0
9000.0,9035970.99,19.0
9000.0,9036116.99,19.0
9000.0,9036297.99,19.0
9000.0,9036970.99,19.0
9000.0,9037023.99,19.0
9000.0,9038097.99,19.0
9000.0,9038311.99,19.0
9000.0,9038565.99,19.0
9000.0,9038897.99,19.0
9000.0,9038992.99,19.0
9000.0,9039139.99,19.0
9000.0,9039739.99,19.0
9000.0,9039885.99,19.0
9000.0,9040031.99,19.0
9000.0,9040177.99,19.0
9000.0,9040330.99,19.0
9000.0,9040463.99,19.0
9000.0,9040619.99,19.0
9000.0,9040683.99,19.0
9000.0,9040828.99,19.0
9000.0,9041007.99,19.0
9192.0,9041712.620000001,21.0
9144.0,9041768.819999998,22.0
9144.0,9041785.620000001,22.0
9144.0,9041816.620000001,22.0
9144.0,9041906.620000001,22.0
9096.0,9042036.36,23.0
9032.0,9043025.89,24.0
8968.0,9044780.99,24.0
8392.0,9047453.990065854,23.0
8472.0,9050208.64,24.0
8392.0,9050670.64,23.0
9128.0,9054756.819999998,23.0
9128.0,9054868.819999998,23.0
8568.0,9058420.36,22.0
8888.0,9068244.82,23.0
8568.0,9068977.82,22.0
8888.0,9069021.79,23.0
9208.0,9069332.19,24.0
8888.0,9069376.79,23.0
9208.0,9069850.17,24.0
8888.0,9069896.19,23.0
8568.0,9070450.17,22.0
8888.0,9071055.88,23.0
8568.0,9071314.88,22.0
8888.0,9072886.27,23.0
8568.0,9073486.27,22.0
8888.0,9075793.36,23.0
8568.0,9076317.36,22.0
8328.0,9077037.49,21.0
8648.0,9077193.07,22.0
8328.0,9077630.07,21.0
8648.0,9078047.64,22.0
8328.0,9078205.64,21.0
8648.0,9078336.7,22.0
8072.0,9078444.75,21.0
9048.0,9078668.7,21.0
9128.0,9083811.16,21.0
9128.0,9083957.16,21.0
9128.0,9084103.16,21.0
9128.0,9084249.16,21.0
9128.0,9084446.16,21.0
9128.0,9084603.16,21.0
9128.0,9084762.16,21.0
9128.0,9085104.16,21.0
9128.0,9085247.16,21.0
9128.0,9085362.16,21.0
9128.0,9085869.16,21.0
9128.0,9086015.16,21.0
9128.0,9086194.16,21.0
9128.0,9086491.16,21.0
9128.0,9086750.16,21.0
9128.0,9087006.16,21.0
9128.0,9087300.16,21.0
9128.0,9087449.16,21.0
8808.0,9088049.16,20.0
9128.0,9089512.07,21.0
8808.0,9090112.07,20.0
8552.0,9090554.5,19.0
8856.0,9092507.819999998,19.0
8856.0,9093960.819999998,19.0
8296.0,9097263.89,18.0
9032.0,9098456.629999999,18.0
9032.0,9098764.819999998,18.0
9032.0,9102243.819999998,18.0
9032.0,9105668.819999998,18.0
9032.0,9116189.819999998,18.0
8972.0,9123700.4,18.0
8412.0,9126330.36,17.0
9116.0,9126520.7,17.0
8860.0,9127013.819999998,16.0
8604.0,9127031.620000001,15.0
8348.0,9127050.620000001,14.0
8092.0,9127159.620000001,13.0
9132.0,9127276.36,13.0
8876.0,9127290.36,12.0
8620.0,9128276.89,11.0
8364.0,9128307.89,10.0
8108.0,9130031.99,9.0
8188.0,9131712.89,10.0
8108.0,9132219.89,9.0
8188.0,9134399.79,10.0
8108.0,9134492.79,9.0
8346.0,9136032.3,10.0
8108.0,9136092.3,9.0
8346.0,9136295.17,10.0
8584.0,9137226.37,11.0
8822.0,9137235.1,12.0
9060.0,9137541.62,13.0
9060.0,9141898.629999999,13.0
8660.0,9144484.7,13.0
8422.0,9148026.37,12.0
8184.0,9148035.1,11.0
7946.0,9148341.62,10.0
8026.0,9153000.51,11.0
7946.0,9153228.51,10.0
8106.0,9153296.36,11.0
7946.0,9153504.36,10.0
8266.0,9153614.52,11.0
7946.0,9154214.52,10.0
8266.0,9157991.16,11.0
8586.0,9158567.34,12.0
8266.0,9158590.16,11.0
9066.0,9164602.819999998,11.0
9130.0,9166701.819999998,11.0
9212.0,9172295.17,11.0
9212.0,9181538.36,11.0
9212.0,9187715.7,11.0
9212.0,9188339.7,11.0
9212.0,9188547.7,11.0
9212.0,9200653.819999998,11.0
9212.0,9201767.34,11.0
9032.0,9206930.11,11.0
8712.0,9209901.819999998,10.0
8612.0,9210002.01,9.0
8292.0,9215495.17,8.0
8420.0,9218245.62,9.0
8292.0,9218318.62,8.0
8420.0,9218404.7,9.0
8292.0,9218556.7,8.0
9092.0,9219625.7,8.0
9156.0,9219771.43,9.0
9157.0,9219884.92,10.0
9157.0,9219929.7,10.0
9156.0,9224215.92,9.0
9156.0,9239432.629999999,9.0
9156.0,9244967.34,9.0
9156.0,9250130.11,9.0
9156.0,9251711.36,9.0
8916.0,9256814.36,9.0
8916.0,9266541.34,9.0
8916.0,9271688.11,9.0
8916.0,9275811.7,9.0
8916.0,9276214.7,9.0
8916.0,9277468.7,9.0
8436.0,9281356.7,10.0
7936.0,9296500.4,9.0
8640.0,9308962.629999999,9.0
9040.0,9309809.7,9.0
9040.0,9315408.36,9.0
9104.0,9316732.63,10.0
9040.0,9316806.63,9.0
9104.0,9316807.32,10.0
9040.0,9316973.32,9.0
9104.0,9316993.56,10.0
9040.0,9317332.56,9.0
9104.0,9317510.57,10.0
9040.0,9318017.57,9.0
9104.0,9318835.59,10.0
9040.0,9318959.59,9.0
8976.0,9322557.43,8.0
9156.0,9323319.36,8.0
9092.0,9331038.34,8.0
9092.0,9331173.34,8.0
9028.0,9342504.11,8.0
8964.0,9347330.7,8.0
9202.0,9362771.74,9.0
8964.0,9362831.74,8.0
9202.0,9362957.01,9.0
9204.0,9363143.25,10.0
9202.0,9363203.25,9.0
8964.0,9366470.01,8.0
9202.0,9367366.63,9.0
8964.0,9367426.63,8.0
9202.0,9367645.02,9.0
8964.0,9367705.02,8.0
9064.0,9367823.5,9.0
9202.0,9368132.5,9.0
8964.0,9368192.5,8.0
9028.0,9373925.77,9.0
9092.0,9374783.25,10.0
9028.0,9375000.25,9.0
9028.0,9380436.7,9.0
9092.0,9381455.88,10.0
9028.0,9382668.88,9.0
9092.0,9382948.71,10.0
9028.0,9383103.71,9.0
9092.0,9383318.28,10.0
9092.0,9400429.36,10.0
9092.0,9416417.34,10.0
9092.0,9427750.11,10.0
9092.0,9432545.7,10.0
9204.0,9455092.629999999,12.0
9204.0,9455196.629999999,12.0
9204.0,9455272.629999999,12.0
9204.0,9455345.629999999,12.0
9140.0,9459853.819999998,14.0
9140.0,9459963.819999998,14.0
9141.0,9462543.03,15.0
9142.0,9462736.06,16.0
9143.0,9463064.89,17.0
9148.0,9463065.86,22.0
9149.0,9463095.93,23.0
9153.0,9463096.9,27.0
9156.0,9463097.87,30.0
9160.0,9463098.84,34.0
9164.0,9463099.81,38.0
9168.0,9463100.78,42.0
9173.0,9463101.75,47.0
9174.0,9463102.72,48.0
9173.0,9463664.89,47.0
9168.0,9463665.86,42.0
9167.0,9463695.93,41.0
9163.0,9463696.9,37.0
9160.0,9463697.87,34.0
9156.0,9463698.84,30.0
9152.0,9463699.81,26.0
9148.0,9463700.78,22.0
9143.0,9463701.75,17.0
9142.0,9463702.72,16.0
9141.0,9470192.03,15.0
9142.0,9470398.09,16.0
9141.0,9470516.09,15.0
9142.0,9471059.63,16.0
9076.0,9471926.629999999,17.0
9076.0,9471986.629999999,17.0
9076.0,9472046.629999999,17.0
9140.0,9472048.06,18.0
9140.0,9472106.629999999,18.0
9140.0,9472166.629999999,18.0
9140.0,9472226.629999999,18.0
9140.0,9472346.629999999,18.0
9140.0,9472466.629999999,18.0
9140.0,9472586.629999999,18.0
9140.0,9472701.629999999,18.0
9140.0,9472821.629999999,18.0
9140.0,9472941.629999999,18.0
9139.0,9473054.63,17.0
9139.0,9473061.629999999,17.0
9139.0,9473168.629999999,17.0
9139.0,9473288.629999999,17.0
9203.0,9473344.95,18.0
9203.0,9473408.629999999,18.0
9203.0,9475136.629999999,18.0
9137.0,9475246.819999998,19.0
9137.0,9478736.629999999,19.0
9137.0,9478846.819999998,19.0
9137.0,9478876.819999998,19.0
9136.0,9482067.06,18.0
8996.0,9496119.36,18.0
8996.0,9497658.819999998,18.0
8996.0,9497678.819999998,18.0
9216.0,9501659.34,19.0
8960.0,9512999.11,18.0
9042.0,9514736.629999999,18.0
9042.0,9514975.629999999,18.0
9042.0,9515028.629999999,18.0
9042.0,9515145.629999999,18.0
9042.0,9515250.629999999,18.0
8722.0,9515378.629999999,17.0
8466.0,9517805.7,16.0
8228.0,9519596.819999998,15.0
7990.0,9523229.34,14.0
9048.0,9523357.34,14.0
8824.0,9528126.7,15.0
8825.0,9528615.55,16.0
8825.0,9529530.819999998,16.0
8824.0,9530649.55,15.0
8824.0,9531635.36,15.0
8828.0,9531923.25,16.0
8824.0,9532038.25,15.0
8896.0,9532224.92,16.0
9184.0,9532225.89,20.0
9184.0,9532424.92,20.0
9184.0,9532425.89,20.0
9184.0,9532479.89,20.0
9184.0,9532662.89,20.0
9184.0,9532678.92,20.0
9184.0,9532679.89,20.0
9184.0,9532716.89,20.0
9184.0,9532874.89,20.0
9184.0,9532899.89,20.0
9184.0,9532915.92,20.0
9184.0,9532927.89,20.0
9184.0,9532933.89,20.0
9112.0,9533104.92,19.0
9040.0,9533122.89,18.0
8968.0,9533141.89,17.0
8896.0,9533169.89,16.0
8824.0,9533175.89,15.0
8944.0,9534644.1,16.0
9064.0,9534686.78,17.0
9184.0,9534719.76,18.0
9184.0,9534910.78,18.0
9184.0,9536361.629999999,18.0
9185.0,9539338.9,19.0
9186.0,9539459.18,20.0
9170.0,9540353.629999999,21.0
9154.0,9540357.629999999,22.0
9154.0,9540533.629999999,22.0
9138.0,9545113.819999998,23.0
9137.0,9545991.18,22.0
9136.0,9545994.9,21.0
9136.0,9546253.819999998,24.0
9136.0,9546481.819999998,24.0
9136.0,9546633.819999998,24.0
9136.0,9547348.36,24.0
9016.0,9547990.819999998,23.0
9136.0,9555039.32,24.0
9136.0,9556971.819999998,24.0
9136.0,9561602.76,24.0
9136.0,9561771.78,24.0
9136.0,9564586.629999999,24.0
9136.0,9564778.1,24.0
9136.0,9564846.629999999,24.0
9136.0,9564941.34,24.0
9136.0,9566178.819999998,24.0
9136.0,9566231.819999998,24.0
9136.0,9566931.819999998,24.0
9136.0,9566953.629999999,24.0
9136.0,9566981.819999998,24.0
9016.0,9567146.629999999,23.0
9136.0,9567178.87,24.0
9016.0,9575633.32,23.0
8896.0,9576966.819999998,22.0
8896.0,9578964.36,22.0
9136.0,9582187.76,22.0
9016.0,9582705.78,21.0
8896.0,9588871.1,20.0
8776.0,9588979.629999999,19.0
8776.0,9592414.629999999,19.0
8656.0,9592467.819999998,18.0
8536.0,9592704.819999998,17.0
8416.0,9593565.819999998,16.0
8296.0,9593815.629999999,15.0
8176.0,9597074.819999998,14.0
8056.0,9597173.87,13.0
7992.0,9602866.06,12.0
9168.0,9607786.629999999,12.0
8926.0,9614526.7,12.0
8990.0,9624016.99,13.0
9112.0,9625326.7,13.0
9176.0,9626378.94,14.0
9112.0,9626527.94,13.0
9176.0,9627527.42,14.0
9176.0,9629118.7,14.0
9112.0,9633125.77,13.0
9112.0,9657214.36,13.0
8990.0,9658995.76,13.0
8752.0,9659035.76,12.0
9056.0,9675466.629999999,12.0
9056.0,9678126.36,12.0
9056.0,9678230.36,12.0
9056.0,9687850.819999998,12.0
9008.0,9690475.629999999,13.0
9148.0,9700427.7,13.0
9148.0,9700573.7,13.0
9148.0,9704401.34,13.0
9180.0,9718459.1,14.0
9116.0,9720515.42,13.0
9052.0,9728918.28,12.0
8692.0,9735398.36,11.0
8724.0,9741759.47,12.0
8692.0,9742212.47,11.0
8724.0,9742709.1,12.0
8692.0,9743103.1,11.0
8724.0,9744308.63,12.0
8692.0,9744461.63,11.0
8724.0,9744472.56,12.0
8692.0,9744906.56,11.0
8436.0,9745525.629999999,10.0
8372.0,9746157.99,9.0
8404.0,9747202.14,10.0
8372.0,9747928.14,9.0
8404.0,9748749.29,10.0
8436.0,9749455.45,11.0
8404.0,9749577.45,10.0
8436.0,9749757.12,11.0
8404.0,9750129.12,10.0
9108.0,9750573.36,10.0
9140.0,9750604.9,11.0
9076.0,9750824.95,10.0
9044.0,9751006.9,9.0
9076.0,9751435.22,10.0
9108.0,9752091.91,11.0
9108.0,9756105.819999998,11.0
9108.0,9756657.629999999,11.0
9108.0,9762455.7,11.0
9108.0,9767654.629999999,11.0
9108.0,9782394.36,11.0
9109.0,9788348.57,12.0
9108.0,9795954.57,11.0
9108.0,9801210.629999999,11.0
9109.0,9801225.32,12.0
9109.0,9801731.7,12.0
9109.0,9801824.7,12.0
9108.0,9803249.32,11.0
9108.0,9834565.36,11.0
9108.0,9843910.34,11.0
9108.0,9844014.34,11.0
9108.0,9858271.36,11.0
9108.0,9862383.36,11.0
9108.0,9864717.629999999,11.0
8608.0,9873373.7,10.0
8640.0,9883635.55,11.0
8640.0,9885373.629999999,11.0
8640.0,9886403.36,11.0
8608.0,9888168.1,10.0
9108.0,9891426.59,11.0
9108.0,9896800.819999998,11.0
9108.0,9911213.36,11.0
9168.0,9933283.06,12.0
9108.0,9936895.06,11.0
9108.0,9938321.36,11.0
9168.0,9938429.88,12.0
9168.0,9939509.7,12.0
9108.0,9942072.88,11.0
9168.0,9942435.01,12.0
9108.0,9945982.01,11.0
9168.0,9946097.73,12.0
9108.0,9949631.73,11.0
9168.0,9950355.06,12.0
9188.0,9950905.05,13.0
9168.0,9950998.05,12.0
9188.0,9951172.77,13.0
9168.0,9951292.77,12.0
9188.0,9951680.08,13.0
9188.0,9951887.36,13.0
9216.0,9952211.08,13.0
9216.0,9952957.08,13.0
9204.0,9953816.06,13.0
9188.0,9954867.08,13.0
9188.0,9954940.08,13.0
9204.0,9955024.08,13.0
9204.0,9955230.08,13.0
9156.0,9955344.06,12.0
9216.0,9955657.08,13.0
9216.0,9959213.08,13.0
9216.0,9962842.08,25.0
9216.0,9962919.08,25.0
9216.0,9962952.08,25.0
9216.0,9962983.08,25.0
9212.0,9962995.08,21.0
9212.0,9963012.08,21.0
9211.0,9963028.08,20.0
9210.0,9963060.08,19.0
9209.0,9963061.08,18.0
9208.0,9963075.08,17.0
9207.0,9963103.08,16.0
9206.0,9963126.08,15.0
9205.0,9963138.08,14.0
9204.0,9963169.08,13.0
9205.0,9963521.84,14.0
9212.0,9963522.81,21.0
9216.0,9963523.78,25.0
9216.0,9963597.84,25.0
9209.0,9963598.81,18.0
9208.0,9963632.78,17.0
9207.0,9963643.78,16.0
9205.0,9963665.78,14.0
9206.0,9963739.12,15.0
9210.0,9963744.94,19.0
9212.0,9963745.91,21.0
9211.0,9963771.84,20.0
9210.0,9963785.94,19.0
9209.0,9963797.12,18.0
9206.0,9963818.94,15.0
9204.0,9963850.91,13.0
9207.0,9963978.71,16.0
9211.0,9963979.68,20.0
9209.0,9964135.71,18.0
9208.0,9964208.71,17.0
9207.0,9964302.68,16.0
9206.0,9964436.68,15.0
9205.0,9964571.68,14.0
9204.0,9964579.68,13.0
9205.0,9964697.48,14.0
9205.0,9965183.08,14.0
9204.0,9965411.48,13.0
9204.0,9965420.08,13.0
9205.0,9966588.98,14.0
9204.0,9966661.98,13.0
9207.0,9968135.16,16.0
9208.0,9968150.68,17.0
9207.0,9968192.16,16.0
9206.0,9968214.16,15.0
9205.0,9968234.68,14.0
9204.0,9968245.16,13.0
9216.0,9968600.08,15.0
9216.0,9968699.08,15.0
9204.0,9968820.55,15.0
9216.0,9968849.08,15.0
9216.0,9968851.08,15.0
9196.0,9969743.08,14.0
9204.0,9970823.08,14.0
9208.0,9972393.08,14.0
9192.0,9972478.08,14.0
9208.0,9973372.22,14.0
9176.0,9973701.91,13.0
9204.0,9973857.29,13.0
9184.0,9974926.08,12.0
9204.0,9975501.34,13.0
9184.0,9975573.34,12.0
9204.0,9975643.93,13.0
9204.0,9975708.93,13.0
9196.0,9975717.08,13.0
9176.0,9975786.93,12.0
9216.0,9975789.08,12.0
9208.0,9977473.22,13.0
9208.0,9977493.29,13.0
9188.0,9977547.22,12.0
9168.0,9977566.22,11.0
9120.0,9977726.08,10.0
9060.0,9979491.08,9.0
9120.0,9980745.16,10.0
9060.0,9981272.29,9.0
9060.0,9982238.36,9.0
9200.0,9984444.16,9.0
9200.0,9984544.16,9.0
9200.0,9984659.16,9.0
9060.0,9984741.16,9.0
9108.0,9986238.27,10.0
9108.0,9987227.34,10.0
9168.0,9988278.18,11.0
9108.0,9988566.16,10.0
9060.0,9989582.27,9.0
9108.0,9990209.45,10.0
9060.0,9990391.45,9.0
9040.0,9992096.55,8.0
8980.0,9992121.18,7.0
9040.0,9992347.33,8.0
8980.0,9996164.33,7.0
8980.0,10002948.629999999,7.0
9040.0,10015794.17,8.0
8980.0,10019765.17,7.0
9040.0,10019784.75,8.0
8980.0,10023675.75,7.0
9040.0,10024899.56,8.0
9088.0,10027693.16,9.0
9028.0,10028771.56,8.0
9088.0,10028796.05,9.0
9028.0,10032643.05,8.0
9088.0,10033020.4,9.0
9088.0,10034546.629999999,9.0
9028.0,10036453.4,8.0
9048.0,10037091.49,9.0
9068.0,10037097.31,10.0
9088.0,10037130.29,11.0
9168.0,10037136.11,12.0
9148.0,10037170.49,11.0
9128.0,10037190.31,10.0
9108.0,10037200.29,9.0
9148.0,10037222.44,10.0
9068.0,10037255.11,9.0
9188.0,10037323.44,9.0
9028.0,10037442.44,8.0
9048.0,10038383.53,9.0
9088.0,10038388.38,10.0
9168.0,10038389.35,11.0
9148.0,10038431.53,10.0
9068.0,10038463.35,9.0
9188.0,10038515.38,9.0
9028.0,10038589.38,8.0
9188.0,10041618.48,9.0
9188.0,10042121.48,9.0
9188.0,10042601.48,9.0
9188.0,10043070.48,9.0
9188.0,10043528.48,9.0
9188.0,10043656.36,9.0
9188.0,10043986.48,9.0
9188.0,10044414.48,10.0
9188.0,10044518.48,10.0
9188.0,10044631.48,10.0
9188.0,10044665.48,10.0
9148.0,10044704.48,9.0
9168.0,10044814.63,10.0
9208.0,10044820.45,11.0
9208.0,10044881.63,11.0
9208.0,10044901.45,11.0
9188.0,10044950.63,10.0
9208.0,10045004.45,10.0
9208.0,10045117.45,10.0
9208.0,10045226.45,10.0
9208.0,10045333.45,10.0
9148.0,10045440.45,9.0
9208.0,10045798.21,10.0
9168.0,10045818.48,10.0
9168.0,10045921.48,10.0
9108.0,10045997.21,9.0
9188.0,10046024.48,9.0
9208.0,10046910.8,10.0
9188.0,10046983.8,9.0
9188.0,10047714.48,9.0
9208.0,10048060.25,10.0
9188.0,10048133.25,9.0
9208.0,10048215.45,10.0
9188.0,10048267.45,9.0
9208.0,10048455.04,10.0
9188.0,10048528.04,9.0
9188.0,10049393.48,9.0
9208.0,10050699.62,10.0
9208.0,10050758.62,10.0
9208.0,10050828.62,10.0
9208.0,10050909.62,10.0
9208.0,10050990.62,10.0
9208.0,10051071.62,10.0
9208.0,10051072.48,10.0
9188.0,10051142.62,9.0
9188.0,10052751.48,9.0
9188.0,10054408.48,9.0
9188.0,10056065.48,9.0
9188.0,10056138.48,9.0
9188.0,10056241.48,9.0
9188.0,10056344.48,11.0
9188.0,10056433.48,11.0
9108.0,10056464.48,10.0
9188.0,10056546.48,11.0
9188.0,10056553.48,11.0
9188.0,10056588.48,11.0
9188.0,10056666.48,11.0
9188.0,10056668.48,11.0
9188.0,10056691.48,11.0
9188.0,10056782.48,11.0
9188.0,10056790.48,11.0
9188.0,10056805.48,11.0
9148.0,10056875.48,10.0
9188.0,10056893.48,10.0
9148.0,10056923.48,9.0
9188.0,10057011.48,9.0
9188.0,10057064.819999998,9.0
9188.0,10057131.48,9.0
9188.0,10057251.48,9.0
9148.0,10057319.48,9.0
9148.0,10057425.48,9.0
9188.0,10057531.48,9.0
9148.0,10057624.48,9.0
9144.0,10064226.59,10.0
9144.0,10064702.59,10.0
9144.0,10065654.36,10.0
9144.0,10069188.48,10.0
9144.0,10077614.7,10.0
9144.0,10080774.48,10.0
9184.0,10092444.48,11.0
9184.0,10092558.48,11.0
9104.0,10092649.48,10.0
9184.0,10092676.48,10.0
9184.0,10092790.48,10.0
9184.0,10092893.48,10.0
9184.0,10093007.48,10.0
9184.0,10093109.48,10.0
9184.0,10093189.48,10.0
9184.0,10114946.36,10.0
9185.0,10118612.23,11.0
9184.0,10118733.23,10.0
9184.0,10118973.48,10.0
9168.0,10119221.59,10.0
9168.0,10119507.48,10.0
9168.0,10119658.48,10.0
9168.0,10120575.34,10.0
9168.0,10121385.48,10.0
9169.0,10121870.46,11.0
9170.0,10121918.96,12.0
9169.0,10121954.46,11.0
9168.0,10122002.96,10.0
9169.0,10122288.53,11.0
9168.0,10122347.53,10.0
9169.0,10122349.64,11.0
9168.0,10122436.64,10.0
9169.0,10124958.94,11.0
9168.0,10125027.94,10.0
9169.0,10125029.75,11.0
9168.0,10125100.75,10.0
9169.0,10125125.78,11.0
9168.0,10125195.78,10.0
9169.0,10125237.33,11.0
9168.0,10125284.33,10.0
9168.0,10127668.48,10.0
9168.0,10129981.48,10.0
9169.0,10130439.44,11.0
9168.0,10130901.44,10.0
9169.0,10131184.4,11.0
9168.0,10131430.4,10.0
9204.0,10131721.78,11.0
9168.0,10131805.78,10.0
9204.0,10131822.66,11.0
9205.0,10131857.58,12.0
9169.0,10131905.66,11.0
9205.0,10132026.36,12.0
9204.0,10132084.58,11.0
9168.0,10132121.36,10.0
9204.0,10132166.04,11.0
9205.0,10132202.9,12.0
9169.0,10132268.04,11.0
9205.0,10132332.88,12.0
9204.0,10132450.9,11.0
9204.0,10132573.88,11.0
9204.0,10132720.88,11.0
9205.0,10132725.73,12.0
9206.0,10132758.71,13.0
9206.0,10133078.48,13.0
9205.0,10133156.71,12.0
9204.0,10133234.73,11.0
9204.0,10133575.48,11.0
9205.0,10134380.55,12.0
9205.0,10134416.88,12.0
9205.0,10134644.48,12.0
9204.0,10134785.55,11.0
9205.0,10135147.82,12.0
9204.0,10135646.82,11.0
9192.0,10135993.16,11.0
9192.0,10136146.88,11.0
9208.0,10136214.59,11.0
9209.0,10136814.28,12.0
9210.0,10136830.77,13.0
9209.0,10137110.28,12.0
9208.0,10137288.77,11.0
9209.0,10137375.91,12.0
9173.0,10137659.16,11.0
9137.0,10137737.88,10.0
9185.0,10137959.85,11.0
9184.0,10138437.91,10.0
9204.0,10138462.31,11.0
9184.0,10138509.31,10.0
9185.0,10138632.06,11.0
9205.0,10138900.75,12.0
9197.0,10139359.85,12.0
9216.0,10139832.06,12.0
9216.0,10139959.85,13.0
9216.0,10140467.75,13.0
9216.0,10141383.06,13.0
9216.0,10141510.85,13.0
9216.0,10141522.85,13.0
9216.0,10142018.75,13.0
9216.0,10142934.06,13.0
9216.0,10143073.85,13.0
9216.0,10143581.75,13.0
9216.0,10144497.06,13.0
9216.0,10144636.85,13.0
9216.0,10145132.75,13.0
9216.0,10146048.06,13.0
9216.0,10146199.85,13.0
9216.0,10146695.75,13.0
9216.0,10147611.06,13.0
9216.0,10147762.85,13.0
9136.0,10147925.48,13.0
9116.0,10148258.75,12.0
9196.0,10148525.48,12.0
9036.0,10149125.48,11.0
9216.0,10149174.06,11.0
9216.0,10149289.06,11.0
9176.0,10149325.85,9.0
9176.0,10149640.819999998,9.0
9176.0,10160026.59,9.0
9176.0,10163034.629999999,9.0
9176.0,10163772.34,9.0
9176.0,10164812.36,9.0
9176.0,10167094.629999999,9.0
9176.0,10172747.59,9.0
9176.0,10172851.59,9.0
9192.0,10179616.59,9.0
9176.0,10191251.59,9.0
9176.0,10191368.59,9.0
9176.0,10193744.59,9.0
9176.0,10200827.59,9.0
9176.0,10203275.59,9.0
9176.0,10209182.59,9.0
9216.0,10210907.06,9.0
9216.0,10210998.06,9.0
9216.0,10214848.59,9.0
9216.0,10215032.59,9.0
9216.0,10219767.629999999,9.0
9216.0,10220611.06,9.0
9216.0,10232315.7,9.0
9216.0,10232585.629999999,9.0
9200.0,10234736.59,9.0
9200.0,10241696.629999999,9.0
9200.0,10247104.36,9.0
9200.0,10247179.36,9.0
9200.0,10247511.36,9.0
9200.0,10247896.36,9.0
9200.0,10248324.36,9.0
9200.0,10252219.59,9.0
9200.0,10263811.06,9.0
9200.0,10277936.59,9.0
9200.0,10281564.06,9.0
9200.0,10295419.59,9.0
9200.0,10296832.34,9.0
9200.0,10309763.819999998,9.0
9200.0,10317910.629999999,9.0
9200.0,10321136.59,9.0
9200.0,10330843.36,9.0
9200.0,10373439.7,9.0
9200.0,10379345.629999999,9.0
9200.0,10381640.36,9.0
9200.0,10390125.629999999,9.0
9216.0,10391051.59,9.0
9200.0,10411105.59,9.0
9200.0,10432842.59,9.0
9200.0,10433530.36,9.0
9200.0,10448365.819999998,9.0
9160.0,10449574.06,9.0
9120.0,10453256.59,9.0
9120.0,10456988.34,9.0
9084.0,10461665.629999999,11.0
9084.0,10461729.629999999,11.0
9084.0,10461775.629999999,11.0
9084.0,10461848.629999999,11.0
9084.0,10461875.629999999,11.0
9084.0,10461941.629999999,11.0
9084.0,10461979.629999999,11.0
9084.0,10462145.629999999,11.0
9084.0,10462249.629999999,11.0
9084.0,10462384.629999999,11.0
9084.0,10463185.629999999,11.0
9084.0,10463531.629999999,11.0
9144.0,10492042.59,11.0
9144.0,10497016.36,11.0
9144.0,10497295.36,11.0
9144.0,10497596.36,11.0
9144.0,10497898.36,11.0
9184.0,10516344.06,11.0
9128.0,10518482.819999998,13.0
9128.0,10518590.819999998,13.0
9168.0,10518736.819999998,13.0
9168.0,10526725.34,13.0
9208.0,10528329.59,13.0
9208.0,10528623.59,13.0
9208.0,10529143.59,13.0
9208.0,10531818.629999999,13.0
9208.0,10533194.7,13.0
9208.0,10536109.06,13.0
9168.0,10538101.819999998,13.0
9168.0,10538555.819999998,13.0
9168.0,10538700.819999998,13.0
9128.0,10538800.06,13.0
9168.0,10538871.819999998,13.0
9168.0,10539360.819999998,13.0
9168.0,10542980.59,13.0
9168.0,10543095.59,13.0
9168.0,10552056.819999998,13.0
9188.0,10555595.59,13.0
9188.0,10556114.06,13.0
9188.0,10556230.06,13.0
9188.0,10556376.06,13.0
9188.0,10556676.06,13.0
9188.0,10556822.06,13.0
8988.0,10556926.06,12.0
9088.0,10560468.629999999,12.0
8988.0,10560594.629999999,12.0
8988.0,10561236.629999999,12.0
9068.0,10561882.629999999,12.0
9148.0,10561953.629999999,12.0
9148.0,10562254.629999999,12.0
9148.0,10562382.629999999,12.0
9148.0,10562486.629999999,12.0
9148.0,10562632.629999999,12.0
9148.0,10562778.629999999,12.0
9148.0,10562882.629999999,12.0
9148.0,10563485.629999999,12.0
9168.0,10563631.629999999,12.0
9148.0,10563719.629999999,12.0
9148.0,10563865.629999999,12.0
9148.0,10564011.629999999,12.0
9208.0,10564109.819999998,12.0
9208.0,10564137.629999999,12.0
9208.0,10564193.819999998,12.0
9208.0,10564239.629999999,12.0
9208.0,10564275.819999998,12.0
9208.0,10564290.629999999,12.0
9208.0,10564598.819999998,12.0
9148.0,10564726.629999999,12.0
9148.0,10598795.59,12.0
9148.0,10598869.59,12.0
9148.0,10598950.59,12.0
9148.0,10599053.59,12.0
9148.0,10599173.59,12.0
9148.0,10599293.59,12.0
9148.0,10599406.59,12.0
9148.0,10599530.59,12.0
9148.0,10599633.59,12.0
9148.0,10599747.59,12.0
9148.0,10599861.59,12.0
9148.0,10599970.59,12.0
9148.0,10600072.59,12.0
9148.0,10600199.59,12.0
9148.0,10600421.59,12.0
9148.0,10600897.59,12.0
9052.0,10612593.34,13.0
9052.0,10612712.34,13.0
9052.0,10612786.34,13.0
9052.0,10612889.34,13.0
9052.0,10612992.34,13.0
9052.0,10613081.34,13.0
9052.0,10613201.34,13.0
9052.0,10613314.34,13.0
9052.0,10613438.34,13.0
9052.0,10613560.34,13.0
9052.0,10613685.34,13.0
9052.0,10613835.34,13.0
9052.0,10613960.34,13.0
9052.0,10614069.34,13.0
9132.0,10614154.34,14.0
9132.0,10616647.629999999,14.0
9132.0,10617019.819999998,14.0
9132.0,10617881.59,14.0
9132.0,10617928.7,14.0
9132.0,10617964.59,14.0
9132.0,10618099.59,14.0
9132.0,10618201.59,14.0
9132.0,10619430.59,14.0
9132.0,10620657.59,14.0
9132.0,10621886.59,14.0
9132.0,10623019.59,14.0
9132.0,10639448.629999999,14.0
9132.0,10662563.59,14.0
9052.0,10663163.59,14.0
9052.0,10685746.59,14.0
9052.0,10688854.34,14.0
9052.0,10701646.629999999,14.0
8812.0,10725259.59,13.0
9052.0,10744980.59,13.0
8812.0,10748066.34,12.0
8812.0,10750310.7,12.0
8812.0,10757098.36,12.0
9072.0,10760737.629999999,12.0
9152.0,10771082.819999998,12.0
8512.0,10771682.819999998,11.0
8212.0,10775586.819999998,10.0
8916.0,10776395.629999999,10.0
8436.0,10781787.819999998,9.0
7956.0,10786886.34,8.0
8772.0,10803276.59,8.0
8772.0,10810774.36,8.0
8212.0,10814482.629999999,7.0
8932.0,10814553.629999999,7.0
8932.0,10814638.629999999,7.0
8932.0,10814765.629999999,7.0
8932.0,10814868.629999999,7.0
8932.0,10814988.629999999,7.0
8932.0,10815061.629999999,7.0
8932.0,10815150.629999999,7.0
8932.0,10815271.629999999,7.0
8932.0,10815395.629999999,7.0
8932.0,10815517.629999999,7.0
8932.0,10815627.629999999,7.0
8932.0,10815751.629999999,7.0
8932.0,10815863.629999999,7.0
8932.0,10815986.629999999,7.0
8948.0,10816109.629999999,7.0
8948.0,10841215.629999999,7.0
8932.0,10854380.59,7.0
7652.0,10854484.59,6.0
9092.0,10865193.34,6.0
9092.0,10865416.34,6.0
9092.0,10871342.629999999,6.0
9092.0,10890185.34,6.0
9092.0,10894318.36,6.0
9092.0,10896668.629999999,6.0
7796.0,10902779.7,5.0
7296.0,10933537.629999999,4.0
9136.0,10945238.34,4.0
8296.0,10945415.34,4.0
8896.0,10945532.34,4.0
8296.0,10945625.34,4.0
7296.0,10945745.34,4.0
7296.0,10947679.36,4.0
7856.0,10957317.629999999,4.0
7856.0,10957423.629999999,4.0
7856.0,10957550.629999999,4.0
7856.0,10957653.629999999,4.0
7856.0,10957773.629999999,4.0
7856.0,10957893.629999999,4.0
7856.0,10958013.629999999,4.0
7856.0,10958134.629999999,4.0
7856.0,10958258.629999999,4.0
7856.0,10958360.629999999,4.0
7856.0,10958485.629999999,4.0
7856.0,10958626.629999999,4.0
7856.0,10958739.629999999,4.0
7856.0,10958839.629999999,4.0
7296.0,10958967.629999999,4.0
7296.0,10968124.629999999,4.0
7296.0,10971849.36,4.0
8000.0,10976046.629999999,4.0
8560.0,10976889.629999999,4.0
6000.0,10977032.629999999,3.0
9120.0,10978778.36,3.0
9120.0,10978887.36,3.0
9000.0,10979487.36,3.0
8000.0,10979581.36,3.0
9120.0,10979701.36,3.0
9120.0,10979828.36,3.0
9120.0,10979934.36,3.0
9120.0,10980047.36,3.0
9120.0,10980132.36,3.0
9120.0,10980240.36,3.0
9120.0,10980349.36,3.0
9120.0,10980457.36,3.0
9120.0,10980551.36,3.0
9120.0,10980671.36,3.0
9120.0,10980827.36,3.0
9120.0,10980950.36,3.0
9120.0,10981107.36,3.0
9120.0,10981232.36,3.0
4000.0,10981354.36,2.0
2000.0,11024594.34,1.0
8520.0,11054524.629999999,1.0
8520.0,11054580.09,1.0
8520.0,11054593.193599999,1.0
8840.0,11054618.629999999,1.0
8840.0,11054658.229999999,1.0
8840.0,11054675.113999998,1.0
0.0,11054738.629999999,0.0
0.0,11054978.629999999,0.0
