id,Arrival,Start,Completion,No_of_expansion,No_of_shrinkage,Wait_time,Turn_around_time,Exe_time
10001.0,0.0,0.0,237.0,0.0,0.0,0.0,237.0,237.0
10002.0,258.7,258.7,480.7,0.0,0.0,0.0,222.0,222.0
10003.0,575.9,575.9,1041.0835095538075,1.0,0.0,0.0,465.18350955380754,465.18350955380754
10010.0,1574.3,1574.3,2526.605904660605,0.0,2.0,0.0,952.3059046606052,952.3059046606052
10015.0,2854.8,2854.8,2988.8237326529525,2.0,1.0,0.0,134.02373265295228,134.02373265295228
10016.0,3242.85,3242.85,3368.955454987896,2.0,0.0,0.0,126.10545498789588,126.10545498789588
10004.0,1023.75,1023.75,3396.0903100569158,1.0,0.0,0.0,2372.3403100569158,2372.3403100569158
10011.0,2115.75,2115.75,3511.1474169020657,1.0,0.0,0.0,1395.3974169020657,1395.3974169020657
10018.0,3666.0,3666.0,3792.9580424352384,2.0,1.0,0.0,126.95804243523844,126.95804243523844
10019.0,4223.05,4223.05,4330.708284511516,1.0,0.0,0.0,107.65828451151538,107.65828451151538
10021.0,4440.8,4440.8,4593.012394835407,2.0,0.0,0.0,152.21239483540649,152.21239483540649
10023.0,4720.95,4720.95,4848.869872969305,2.0,0.0,0.0,127.91987296930529,127.91987296930529
10024.0,4940.6500000000015,4940.6500000000015,5066.36709620398,2.0,0.0,0.0,125.71709620397814,125.71709620397814
10027.0,5142.8,5142.8,5253.542495373895,2.0,0.0,0.0,110.7424953738946,110.7424953738946
10030.0,5920.85,5920.85,6011.4033619244265,1.0,0.0,0.0,90.5533619244261,90.5533619244261
10031.0,6193.2,6193.2,6339.2,0.0,0.0,0.0,146.0,146.0
10032.0,6381.7,6381.7,6512.139613467328,1.0,0.0,0.0,130.43961346732794,130.43961346732794
10033.0,6533.8,6533.8,6649.797386510878,1.0,0.0,0.0,115.99738651087773,115.99738651087773
10034.0,6738.55,6738.55,6776.907837580866,1.0,0.0,0.0,38.357837580865635,38.357837580865635
10035.0,6760.0,6760.0,6976.289598202196,2.0,1.0,0.0,216.28959820219643,216.28959820219643
10009.0,1543.1,1543.1,9168.075824908507,1.0,0.0,0.0,7624.975824908506,7624.975824908506
10012.0,2232.1,2232.1,10811.404253148423,1.0,0.0,0.0,8579.304253148423,8579.304253148423
10014.0,2810.6,2810.6,11186.562784500451,1.0,0.0,0.0,8375.96278450045,8375.96278450045
10028.0,5365.75,5365.75,14062.815152424286,1.0,0.0,0.0,8697.065152424286,8697.065152424286
10022.0,4551.3,4551.3,15715.33755853123,1.0,0.0,0.0,11164.037558531229,11164.037558531229
10020.0,4295.85,4295.85,16526.36812516363,1.0,0.0,0.0,12230.51812516363,12230.51812516363
10025.0,5059.6,5059.6,21690.898617843803,2.0,0.0,0.0,16631.2986178438,16631.2986178438
10049.0,22412.65,22412.65,23733.995248940842,1.0,0.0,0.0,1321.345248940841,1321.345248940841
10039.0,16611.4,16611.4,24864.29673485948,1.0,0.0,0.0,8252.896734859478,8252.896734859478
10052.0,23928.45,23928.45,25200.137520066455,1.0,0.0,0.0,1271.6875200664545,1271.6875200664545
10040.0,16646.5,16646.5,25848.451731722573,1.0,0.0,0.0,9201.951731722573,9201.951731722573
10053.0,23949.25,23949.25,26572.14311653298,2.0,0.0,0.0,2622.8931165329814,2622.8931165329814
10050.0,23000.9,23000.9,26642.833114593897,1.0,0.0,0.0,3641.933114593896,3641.933114593896
10041.0,18298.15,18298.15,27914.434108715446,1.0,0.0,0.0,9616.284108715445,9616.284108715445
10046.0,20196.8,20196.8,31017.960265516074,1.0,0.0,0.0,10821.160265516075,10821.160265516075
10029.0,5745.35,5745.35,32200.56315983542,1.0,1.0,0.0,26455.213159835417,26455.213159835417
10056.0,28064.4,28064.4,32285.328863304287,1.0,0.0,0.0,4220.928863304285,4220.928863304285
10043.0,18756.4,18756.4,35478.79204581811,2.0,0.0,0.0,16722.39204581811,16722.39204581811
10042.0,18314.4,18314.4,35878.33641715868,2.0,0.0,0.0,17563.93641715868,17563.93641715868
10037.0,11770.85,11770.85,35999.165876712796,1.0,0.0,0.0,24228.315876712797,24228.315876712797
10063.0,33092.8,33092.8,36672.996113364774,1.0,0.0,0.0,3580.196113364771,3580.196113364771
10045.0,19062.55,19062.55,37966.761502956535,1.0,2.0,0.0,18904.211502956536,18904.211502956536
10057.0,29872.05,29872.05,38088.67798920307,1.0,0.0,0.0,8216.627989203069,8216.627989203069
10058.0,29890.9,29890.9,38139.14369277209,1.0,0.0,0.0,8248.243692772092,8248.243692772092
10044.0,18939.05,18939.05,38248.01241792172,1.0,0.0,0.0,19308.962417921717,19308.962417921717
10051.0,23829.0,23829.0,40153.03615116089,1.0,0.0,0.0,16324.036151160893,16324.036151160893
10007.0,1394.9,1394.9,42042.352741336035,1.0,0.0,0.0,40647.452741336034,40647.452741336034
10036.0,10322.65,10322.65,42496.636555403704,0.0,1.0,0.0,32173.986555403702,32173.986555403702
10047.0,20503.6,20503.6,42766.20570862233,2.0,1.0,0.0,22262.60570862233,22262.60570862233
10059.0,29984.5,29984.5,42876.324756300055,1.0,0.0,0.0,12891.824756300055,12891.824756300055
10064.0,33796.75,33796.75,43458.8286606397,1.0,0.0,0.0,9662.078660639701,9662.078660639701
10048.0,20510.1,20510.1,46452.89334244121,2.0,1.0,0.0,25942.79334244121,25942.79334244121
10062.0,32568.9,32568.9,49251.94380432974,1.0,0.0,0.0,16683.04380432974,16683.04380432974
10070.0,43098.25,43098.25,51270.42386691254,1.0,0.0,0.0,8172.173866912541,8172.173866912541
10065.0,33821.450000000004,33821.450000000004,53311.69090096446,2.0,0.0,0.0,19490.240900964454,19490.240900964454
10072.0,45652.75,45652.75,54171.71037776222,1.0,0.0,0.0,8518.960377762218,8518.960377762218
10013.0,2655.25,2655.25,54538.24255303924,1.0,0.0,0.0,51882.99255303924,51882.99255303924
10061.0,32240.0,32240.0,55312.08734857539,0.0,1.0,0.0,23072.08734857539,23072.08734857539
10080.0,54076.75,54076.75,57642.622367451375,1.0,0.0,0.0,3565.872367451375,3565.872367451375
10079.0,52781.3,52781.3,57737.57279615703,1.0,1.0,0.0,4956.272796157027,4956.272796157027
10067.0,37742.25,37742.25,57751.61541318674,2.0,0.0,0.0,20009.365413186737,20009.365413186737
10071.0,43105.4,43105.4,58776.490470506564,2.0,0.0,0.0,15671.090470506562,15671.090470506562
10066.0,37375.65,37375.65,59735.42725749564,2.0,0.0,0.0,22359.77725749564,22359.77725749564
10060.0,31279.95,31279.95,59888.21047852981,1.0,1.0,0.0,28608.260478529806,28608.260478529806
10069.0,38173.85,38173.85,60194.290987318454,1.0,0.0,0.0,22020.440987318456,22020.440987318456
10081.0,54093.65,54093.65,60842.85839887507,6.0,3.0,0.0,6749.208398875067,6749.208398875067
10073.0,45990.75,45990.75,61769.76628148049,2.0,0.0,0.0,15779.016281480493,15779.016281480493
10068.0,37784.5,37784.5,64034.59832401453,2.0,1.0,0.0,26250.09832401453,26250.09832401453
10074.0,49377.9,49377.9,64053.54562751249,2.0,1.0,0.0,14675.645627512487,14675.645627512487
10075.0,49383.75,49383.75,64143.16603067728,2.0,1.0,0.0,14759.416030677283,14759.416030677283
10088.0,58271.85,58271.85,64313.600877998455,1.0,0.0,0.0,6041.750877998456,6041.750877998456
10017.0,3512.6,3512.6,68589.48768605007,2.0,1.0,0.0,65076.88768605007,65076.88768605007
10097.0,69498.65000000001,69498.65000000001,69617.12099995994,1.0,0.0,0.0,118.47099995992903,118.47099995992903
10098.0,69579.90000000001,69579.90000000001,69679.0297646532,1.0,0.0,0.0,99.12976465318934,99.12976465318934
10101.0,69666.35,69666.35,69817.85666822415,2.0,0.0,0.0,151.50666822414496,151.50666822414496
10086.0,56254.9,57642.622367451375,69987.75363764433,1.0,1.0,0.11241049909303095,13732.85363764433,12345.131270192956
10089.0,59042.75,59042.75,70045.07263102464,1.0,0.0,0.0,11002.32263102464,11002.32263102464
10090.0,59366.45,59735.42725749564,70332.35482784608,1.0,0.0,0.034819267664716345,10965.904827846083,10596.927570350439
10103.0,71580.6,71580.6,71758.90941332302,1.0,0.0,0.0,178.30941332301882,178.30941332301882
10104.0,71664.45,71664.45,71807.06762178268,2.0,0.0,0.0,142.6176217826869,142.6176217826869
10105.0,71748.95,71748.95,71869.51021229262,1.0,0.0,0.0,120.56021229262115,120.56021229262115
10082.0,54529.8,54529.8,72011.56264215708,1.0,1.0,0.0,17481.762642157075,17481.762642157075
10085.0,55532.75,55532.75,72490.213184615,1.0,0.0,0.0,16957.463184615,16957.463184615
10076.0,49565.75,49565.75,72561.35161846496,2.0,0.0,0.0,22995.601618464963,22995.601618464963
10087.0,56260.75,57642.622367451375,74111.18030229412,1.0,0.0,0.08390973714387764,17850.430302294117,16468.55793484274
10078.0,50531.65,50531.65,75618.93974381051,2.0,0.0,0.0,25087.289743810506,25087.289743810506
10100.0,69611.1,69611.1,77869.11758007409,1.0,0.0,0.0,8258.017580074084,8258.017580074084
10084.0,55480.1,55532.80569313061,77910.80351388945,1.0,0.0,0.002355246146360872,22430.70351388945,22377.997820758836
10083.0,55261.05,55261.05,78621.27863437789,2.0,1.0,0.0,23360.228634377883,23360.228634377883
10006.0,1381.25,1381.25,79065.13423931549,2.0,0.0,0.0,77683.88423931549,77683.88423931549
10092.0,63785.8,63785.8,80306.93063356318,2.0,0.0,0.0,16521.13063356318,16521.13063356318
10008.0,1424.8,1424.8,80316.17038169508,2.0,0.0,0.0,78891.37038169507,78891.37038169507
10107.0,72646.6,72646.6,81058.15471598538,1.0,0.0,0.0,8411.554715985374,8411.554715985374
10096.0,68985.8,68985.8,81275.20556231363,1.0,0.0,0.0,12289.405562313623,12289.405562313623
10093.0,63798.8,63798.8,82592.4179917452,1.0,0.0,0.0,18793.617991745195,18793.617991745195
10106.0,71833.45,71833.45,82891.97796554591,1.0,0.0,0.0,11058.527965545916,11058.527965545916
10108.0,72692.1,72692.1,83352.151540284,1.0,0.0,0.0,10660.051540283996,10660.051540283996
10109.0,72868.90000000001,72868.90000000001,83641.19039258746,1.0,0.0,0.0,10772.290392587456,10772.290392587456
10005.0,1309.1,1309.1,85125.67299739645,2.0,0.0,0.0,83816.57299739645,83816.57299739645
10055.0,25938.9,25938.9,85339.58673179228,2.0,1.0,0.0,59400.68673179228,59400.68673179228
10119.0,88883.6,88883.6,89015.95476025231,1.0,0.0,0.0,132.3547602523031,132.3547602523031
10121.0,89103.3,89103.3,89224.69883908766,1.0,0.0,0.0,121.39883908766205,121.39883908766205
10122.0,89189.1,89189.1,89333.58379970807,1.0,0.0,0.0,144.48379970806127,144.48379970806127
10123.0,89274.25,89274.25,89462.90106921761,1.0,2.0,0.0,188.6510692176089,188.6510692176089
10110.0,72948.85,72948.85,89675.47452384708,1.0,0.0,0.0,16726.624523847073,16726.624523847073
10113.0,78148.2,78148.2,89864.07371451885,1.0,0.0,0.0,11715.87371451885,11715.87371451885
10038.0,14255.8,14255.8,91038.89480051772,2.0,1.0,0.0,76783.09480051772,76783.09480051772
10099.0,69607.85,69607.85,92007.62029451117,0.0,1.0,0.0,22399.770294511167,22399.770294511167
10115.0,82900.35,82900.35,93162.29278230041,1.0,0.0,0.0,10261.942782300408,10261.942782300408
10116.0,86202.35,86202.35,95037.73046507541,1.0,0.0,0.0,8835.380465075403,8835.380465075403
10112.0,78121.55,78121.55,95929.42172831697,2.0,0.0,0.0,17807.871728316968,17807.871728316968
10111.0,73067.15000000001,73067.15000000001,96457.98578052864,1.0,1.0,0.0,23390.835780528636,23390.835780528636
10114.0,82895.15000000001,82895.15000000001,99036.8000875318,1.0,0.0,0.0,16141.650087531787,16141.650087531787
10120.0,88968.75,88968.75,99623.66977070933,1.0,0.0,0.0,10654.919770709326,10654.919770709326
10102.0,69754.75,69754.75,99628.68294220061,1.0,1.0,0.0,29873.932942200612,29873.932942200612
10125.0,89751.35,89751.35,100606.25886720634,1.0,0.0,0.0,10854.908867206337,10854.908867206337
10118.0,88374.65000000002,88374.65000000002,100774.77914549818,1.0,2.0,0.0,12400.129145498155,12400.129145498155
10126.0,90171.25,90171.25,100875.75999137468,1.0,0.0,0.0,10704.509991374682,10704.509991374682
10124.0,89360.7,89360.7,101585.2305493696,1.0,0.0,0.0,12224.530549369607,12224.530549369607
10127.0,90284.35,90284.35,102237.46481098924,1.0,0.0,0.0,11953.114810989238,11953.114810989238
10026.0,5079.75,5079.75,103033.60938092583,0.0,1.0,0.0,97953.85938092583,97953.85938092583
10135.0,101686.0,101686.0,103111.1950929457,1.0,0.0,0.0,1425.1950929456943,1425.1950929456943
10117.0,86465.6,86465.6,103590.09926835216,1.0,0.0,0.0,17124.499268352156,17124.499268352156
10138.0,103177.75,103177.75,105175.99395442774,1.0,0.0,0.0,1998.243954427744,1998.243954427744
10140.0,104585.0,104585.0,105422.81967659741,3.0,0.0,0.0,837.8196765974135,837.8196765974135
10146.0,105946.1,105946.1,106178.74935269797,1.0,0.0,0.0,232.64935269796115,232.64935269796115
10147.0,106053.35,106053.35,106188.38462287468,1.0,0.0,0.0,135.03462287467846,135.03462287467846
10149.0,106145.65,106145.65,106305.20036493435,1.0,0.0,0.0,159.5503649343591,159.5503649343591
10158.0,108129.45,108129.45,108348.40857964936,1.0,0.0,0.0,218.95857964936295,218.95857964936295
10159.0,108143.75,108143.75,108389.04749642524,1.0,0.0,0.0,245.2974964252353,245.2974964252353
10133.0,100088.95,100088.95,108533.93465256681,1.0,0.0,0.0,8444.98465256681,8444.98465256681
10157.0,108111.25,108111.25,108557.33187342349,2.0,0.0,0.0,446.08187342349265,446.08187342349265
10160.0,108152.85,108152.85,108565.48162358966,2.0,0.0,0.0,412.631623589652,412.631623589652
10161.0,108700.15,108700.15,108844.48883148155,1.0,0.0,0.0,144.33883148155292,144.33883148155292
10163.0,108813.25,108813.25,109312.39184352085,1.0,0.0,0.0,499.14184352084703,499.14184352084703
10134.0,100215.7,100215.7,109466.68593505282,1.0,0.0,0.0,9250.985935052828,9250.985935052828
10167.0,109825.95,109825.95,110246.1405865359,2.0,0.0,0.0,420.19058653590037,420.19058653590037
10169.0,109921.5,109921.5,110407.32552529947,3.0,0.0,0.0,485.82552529947134,485.82552529947134
10168.0,109879.25,109879.25,110437.0135182135,1.0,2.0,0.0,557.7635182134982,557.7635182134982
10128.0,92456.0,92456.0,110510.85080629673,2.0,0.0,0.0,18054.85080629673,18054.85080629673
10130.0,96271.5,96271.5,110795.61310658262,2.0,0.0,0.0,14524.11310658262,14524.11310658262
10170.0,110829.55,110829.55,111007.44858580455,2.0,0.0,0.0,177.89858580454893,177.89858580454893
10129.0,92482.0,92482.0,111190.62408077484,2.0,0.0,0.0,18708.62408077484,18708.62408077484
10171.0,111408.05,111408.05,111626.05,0.0,0.0,0.0,218.0,218.0
10091.0,63363.3,63363.3,113067.16107924232,2.0,0.0,0.0,49703.86107924231,49703.86107924231
10150.0,106265.9,106265.9,113307.70401252707,1.0,1.0,0.0,7041.804012527078,7041.804012527078
10174.0,113844.25,113844.25,113962.25,0.0,0.0,0.0,118.0,118.0
10176.0,114110.75,114110.75,114171.75,0.0,0.0,0.0,61.0,61.0
10175.0,114095.8,114095.8,114195.79279149337,1.0,0.0,0.0,99.99279149336508,99.99279149336508
10177.0,114730.2,114730.2,114927.2,0.0,0.0,0.0,197.0,197.0
10077.0,50527.1,50527.1,114985.82258271163,2.0,0.0,0.0,64458.72258271163,64458.72258271163
10178.0,115102.65,115102.65,115297.6163310751,1.0,0.0,0.0,194.9663310751057,194.9663310751057
10179.0,115269.05,115269.05,115443.35067032791,2.0,0.0,0.0,174.30067032790976,174.30067032790976
10180.0,116260.95,116260.95,116460.41434332517,0.0,1.0,0.0,199.46434332517674,199.46434332517674
10148.0,106138.5,106138.5,116744.40273045292,1.0,0.0,0.0,10605.902730452915,10605.902730452915
10156.0,107608.8,107608.8,117274.38908914705,1.0,0.0,0.0,9665.589089147048,9665.589089147048
10095.0,66971.45,66971.45,117666.07170557001,1.0,0.0,0.0,50694.62170557001,50694.62170557001
10152.0,106897.7,106897.7,117728.44819799763,1.0,0.0,0.0,10830.74819799763,10830.74819799763
10131.0,96277.35,96277.35,118549.87999084119,0.0,1.0,0.0,22272.529990841183,22272.529990841183
10162.0,108789.85,108789.85,120574.19744193576,1.0,0.0,0.0,11784.347441935752,11784.347441935752
10132.0,97598.8,97598.8,121438.0234329323,2.0,0.0,0.0,23839.223432932296,23839.223432932296
10173.0,113734.4,113734.4,122206.51594670629,1.0,0.0,0.0,8472.115946706297,8472.115946706297
10144.0,105658.15,105658.15,123731.17858172057,2.0,1.0,0.0,18073.028581720573,18073.028581720573
10143.0,105224.6,105224.6,124399.78463473308,1.0,0.0,0.0,19175.184634733072,19175.184634733072
10191.0,124777.25,124777.25,124855.28076480892,1.0,0.0,0.0,78.03076480892196,78.03076480892196
10196.0,124982.0,124982.0,125247.23408867801,1.0,0.0,0.0,265.2340886780148,265.2340886780148
10155.0,107556.15,107556.15,127606.95784301143,1.0,0.0,0.0,20050.80784301144,20050.80784301144
10165.0,109536.7,109536.7,127621.45574621661,1.0,2.0,0.0,18084.755746216615,18084.755746216615
10166.0,109541.9,109541.9,127889.94217369196,1.0,1.0,0.0,18348.042173691967,18348.042173691967
10154.0,107485.3,107485.3,130530.29861045783,2.0,0.0,0.0,23044.998610457827,23044.998610457827
10187.0,123931.6,123931.6,130552.56971722019,2.0,0.0,0.0,6620.969717220185,6620.969717220185
10184.0,122848.7,122848.7,131162.28448585287,1.0,0.0,0.0,8313.584485852873,8313.584485852873
10172.0,113619.35,113619.35,131238.22436915032,1.0,0.0,0.0,17618.87436915032,17618.87436915032
10185.0,122857.15,122857.15,131365.9144126188,1.0,0.0,0.0,8508.764412618795,8508.764412618795
10183.0,122750.55,122750.55,131993.46939122162,1.0,0.0,0.0,9242.919391221614,9242.919391221614
10199.0,125110.7,125247.23408867801,133211.8573107969,1.0,0.0,0.01714256718369841,8101.157310796916,7964.623222118898
10153.0,107358.55,107358.55,133704.91453526364,1.0,1.0,0.0,26346.364535263638,26346.364535263638
10193.0,124824.05,124824.05,135622.8539713145,1.0,0.0,0.0,10798.803971314497,10798.803971314497
10205.0,135882.5,135882.5,136006.63794404146,1.0,0.0,0.0,124.13794404146029,124.13794404146029
10164.0,108908.8,108908.8,136077.91455588257,1.0,0.0,0.0,27169.114555882566,27169.114555882566
10142.0,105193.4,105193.4,138338.51276241418,1.0,0.0,0.0,33145.11276241418,33145.11276241418
10182.0,122714.15,122714.15,140713.12005763355,2.0,0.0,0.0,17998.97005763356,17998.97005763356
10211.0,140585.25,140585.25,140761.08928927407,1.0,1.0,0.0,175.8392892740667,175.8392892740667
10181.0,116501.45,116501.45,140927.58369276286,1.0,0.0,0.0,24426.133692762858,24426.133692762858
10202.0,127301.2,127607.00681003292,141004.29789143108,1.0,0.0,0.02282601819837531,13703.097891431084,13397.291081398158
10186.0,123249.1,123249.1,142613.6771753284,2.0,0.0,0.0,19364.57717532839,19364.57717532839
10189.0,124738.9,124738.9,146203.4382723717,2.0,0.0,0.0,21464.53827237172,21464.53827237172
10210.0,137584.2,137584.2,148653.0461415098,1.0,0.0,0.0,11068.846141509799,11068.846141509799
10201.0,127232.95,127606.95784301143,149842.3423861062,0.0,1.0,0.01682039014376236,22609.392386106207,22235.38454309477
10214.0,140946.65,140946.65,150039.2976991305,1.0,0.0,0.0,9092.647699130495,9092.647699130495
10094.0,65046.15,65046.15,151319.96378609908,2.0,1.0,0.0,86273.81378609908,86273.81378609908
10207.0,136224.4,136224.4,153003.23245222418,1.0,1.0,0.0,16778.83245222419,16778.83245222419
10203.0,127795.85,127889.94217369196,153111.18825406313,1.0,0.0,0.0037306710934153285,25315.33825406313,25221.246080371173
10204.0,130029.9,130530.29861045783,154217.34906603553,1.0,0.0,0.021125408222365017,24187.449066035537,23687.0504555777
10208.0,136225.7,136225.7,154551.25025567823,1.0,0.0,0.0,18325.550255678216,18325.550255678216
10209.0,137561.45,137561.45,154971.62096739985,2.0,0.0,0.0,17410.17096739984,17410.17096739984
10054.0,25918.75,25918.75,155310.02502545743,2.0,1.0,0.0,129391.27502545743,129391.27502545743
10227.0,157894.1,157894.1,158012.26058572897,1.0,0.0,0.0,118.16058572896873,118.16058572896873
10230.0,159169.4,159169.4,159305.74390894233,2.0,0.0,0.0,136.34390894233366,136.34390894233366
10213.0,140902.45,140902.45,159979.9710638776,1.0,1.0,0.0,19077.52106387759,19077.52106387759
10234.0,161052.45,161052.45,161226.76216079658,2.0,0.0,0.0,174.31216079657315,174.31216079657315
10215.0,142067.9,142067.9,161335.21166839538,2.0,0.0,0.0,19267.311668395385,19267.311668395385
10235.0,161241.6,161241.6,161467.1500281864,2.0,1.0,0.0,225.55002818640787,225.55002818640787
10188.0,124619.95,124619.95,161728.39290344963,1.0,2.0,0.0,37108.44290344963,37108.44290344963
10206.0,135968.95,135968.95,161894.2326861289,1.0,1.0,0.0,25925.282686128892,25925.282686128892
10236.0,162464.9,162464.9,162667.92991567068,2.0,0.0,0.0,203.02991567068966,203.02991567068966
10233.0,159970.2,159970.2,162946.65461927498,2.0,1.0,0.0,2976.4546192749694,2976.4546192749694
10237.0,162750.25,162750.25,162965.18592016018,1.0,0.0,0.0,214.93592016017647,214.93592016017647
10225.0,154544.0,154544.0,163398.07899611763,1.0,0.0,0.0,8854.078996117634,8854.078996117634
10212.0,140676.25,140676.25,163503.2545403308,1.0,0.0,0.0,22827.00454033079,22827.00454033079
10241.0,164178.30000000002,164178.30000000002,164256.51027005963,2.0,0.0,0.0,78.21027005961514,78.21027005961514
10243.0,164258.9,164258.9,164388.9,0.0,0.0,0.0,130.0,130.0
10244.0,164392.80000000002,164392.80000000002,164490.39288582353,2.0,0.0,0.0,97.59288582351292,97.59288582351292
10247.0,164645.65,164645.65,164756.3222116927,2.0,0.0,0.0,110.6722116926976,110.6722116926976
10250.0,164879.65,164879.65,164969.91651009422,2.0,0.0,0.0,90.26651009422494,90.26651009422494
10245.0,164480.55000000002,164645.6925811513,165015.16395476865,1.0,0.0,0.4469698952165748,534.6139547686325,369.47137361735804
10251.0,165000.55000000002,165000.55000000002,165116.90021019935,1.0,0.0,0.0,116.35021019933629,116.35021019933629
10229.0,158540.2,158540.2,166073.75995023307,2.0,1.0,0.0,7533.559950233059,7533.559950233059
10253.0,166054.2,166073.75995023307,166182.7835101377,2.0,0.0,0.17941030590240728,128.58351013768697,109.0235599046282
10254.0,166264.80000000002,166264.80000000002,166357.80000000002,0.0,0.0,0.0,93.0,93.0
10220.0,149586.45,149586.45,166912.7353141927,1.0,1.0,0.0,17326.285314192675,17326.285314192675
10221.0,149605.30000000002,149605.30000000002,167031.5321181703,1.0,0.0,0.0,17426.232118170272,17426.232118170272
10252.0,166029.5,166029.5,167531.28136935565,1.0,0.0,0.0,1501.7813693556527,1501.7813693556527
10216.0,142179.05000000002,142179.05000000002,167535.35922470596,1.0,1.0,0.0,25356.30922470594,25356.30922470594
10257.0,167586.25,167586.25,167742.25,0.0,0.0,0.0,156.0,156.0
10249.0,164690.5,164879.7410358456,167818.2689185541,2.0,2.0,0.06439994561874607,3127.768918554095,2938.5278827084985
10219.0,147308.85,147308.85,167946.2155872526,1.0,0.0,0.0,20637.3655872526,20637.3655872526
10226.0,155372.75,155372.75,168746.93711425285,1.0,0.0,0.0,13374.187114252854,13374.187114252854
10271.0,168684.1,168748.69582318654,168963.69582318654,0.0,0.0,0.30044568923970705,279.595823186537,215.0
10266.0,168448.80000000002,168746.93711425285,169038.8122657133,0.0,0.0,1.0214542511106786,590.0122657132742,291.87515146043734
10272.0,168980.5,168980.5,169127.86271110637,1.0,1.0,0.0,147.3627111063688,147.3627111063688
10228.0,157976.0,157976.0,169188.10630358456,2.0,2.0,0.0,11212.106303584558,11212.106303584558
10263.0,168088.7,168746.98538379464,169563.65576013055,1.0,1.0,0.8060600737694285,1474.9557601305423,816.670376335911
10264.0,168120.55000000002,168747.07060276295,169575.4773510749,0.0,1.0,0.7562958704037627,1454.9273510748753,828.4067483119434
10248.0,164671.65,164879.67420517444,169946.15524700552,2.0,0.0,0.04105891317008865,5274.505247005523,5066.481041831081
10231.0,159287.05000000002,159305.74390894233,170285.60125817117,1.0,0.0,0.0017025639175196861,10998.551258171152,10979.857349228841
10260.0,167876.80000000002,167946.2155872526,170286.5627707526,0.0,0.0,0.029660380195718344,2409.762770752568,2340.34718349998
10274.0,170231.1,170285.60125817117,170393.3803841209,2.0,0.0,0.5056754514467886,162.28038412088063,107.77912594971713
10222.0,152507.55000000002,152507.55000000002,170745.36404507176,1.0,0.0,0.0,18237.814045071747,18237.814045071747
10276.0,170409.85,170745.36404507176,170892.36404507176,0.0,0.0,2.2824084698759117,482.514045071759,147.0
10275.0,170405.95,170405.95,170990.80005085448,0.0,1.0,0.0,584.8500508544676,584.8500508544676
10278.0,170465.1,170745.4294447423,171074.0646170104,2.0,0.0,0.8530110846249185,608.9646170103806,328.6351722680847
10279.0,170475.5,170745.49226389788,171138.364288905,1.0,2.0,0.6872270019556164,662.8642889049952,392.8720250071201
10277.0,170452.1,170745.3933724502,171213.3933724502,0.0,0.0,0.6266952402781895,761.2933724501927,468.0
10284.0,171267.2,171267.2,171360.2,0.0,0.0,0.0,93.0,93.0
10255.0,166455.9,166912.7353141927,171506.27626504254,5.0,4.0,0.09945166900235713,5050.376265042549,4593.540950849856
10223.0,152529.0,152529.0,171823.80800080334,2.0,0.0,0.0,19294.808000803343,19294.808000803343
10286.0,171734.55000000002,171823.80800080334,171910.460830426,2.0,0.0,1.0300644675081518,175.91083042597165,86.6528296226461
10285.0,171577.9,171577.9,172211.9,0.0,0.0,0.0,634.0,634.0
10289.0,172058.25,172211.9,172338.9,0.0,0.0,1.2098425196849936,280.6499999999942,127.0
10224.0,154520.6,154520.6,172499.83620718066,2.0,1.0,0.0,17979.236207180656,17979.236207180656
10292.0,172536.0,172536.0,172720.6684180392,2.0,0.0,0.0,184.66841803918942,184.66841803918942
10242.0,164244.6,164244.6,172744.0532647194,6.0,7.0,0.0,8499.4532647194,8499.4532647194
10291.0,172402.1,172402.1,172777.89775412815,0.0,0.0,0.0,375.7977541281434,375.7977541281434
10288.0,172049.80000000002,172049.80000000002,172800.80170181362,2.0,0.0,0.0,751.0017018135986,751.0017018135986
10293.0,172551.6,172720.6684180392,172857.6684180392,0.0,0.0,1.234076044081632,306.0684180391836,137.0
10287.0,171807.35,171823.89358917222,172867.9012155622,3.0,1.0,0.015846234025531827,1060.5512155621836,1044.0076263899682
10296.0,172906.5,172906.5,173086.62375447474,2.0,0.0,0.0,180.12375447474187,180.12375447474187
10294.0,172564.6,172720.6684180392,173122.41965015107,0.0,0.0,0.38847029097777525,557.8196501510683,401.75123211188475
10297.0,172935.75,173086.62375447474,173298.62375447474,0.0,0.0,0.7116686531827446,362.8737544747419,212.0
10299.0,173287.4,173298.65260774078,173478.3417427226,1.0,0.0,0.06262263849130148,190.94174272261444,179.68913498183247
10300.0,173413.5,173478.3417427226,173582.9982856754,2.0,0.0,0.6195670226930993,169.49828567539225,104.65654295278364
10301.0,173602.0,173602.0,173747.0,0.0,0.0,0.0,145.0,145.0
10302.0,173612.4,173747.0,173879.079146639,2.0,0.0,1.0190859301043815,266.6791466390132,132.07914663900738
10303.0,174214.95,174214.95,174362.95,0.0,0.0,0.0,148.0,148.0
10306.0,174359.9,174362.95,174396.37037633115,1.0,0.0,0.09126168926996073,36.47037633115542,33.42037633113796
10304.0,174317.65,174362.95,174405.95,0.0,0.0,1.0534883720934294,88.30000000001746,43.0
10305.0,174336.5,174362.95,174416.95,0.0,0.0,0.4898148148150304,80.45000000001164,54.0
10309.0,174434.65,174434.65,174525.65,0.0,0.0,0.0,91.0,91.0
10308.0,174414.5,174434.75054020598,174571.75054020598,0.0,0.0,0.14781416208741602,157.250540205976,137.0
10307.0,174393.7,174434.6961989693,174581.6961989693,0.0,0.0,0.27888570727402706,187.99619896928198,147.0
10310.0,174506.80000000002,174525.65,174599.65,0.0,0.0,0.2547297297294151,92.84999999997672,74.0
10313.0,174558.80000000002,174571.75054020598,174613.22967330646,1.0,0.0,0.3122181983549732,54.429673306440236,41.479133100481704
10311.0,174510.7,174525.69638359625,174626.63076682313,2.0,0.0,0.1485755707500797,115.93076682311948,100.93438322687871
10314.0,174644.6,174644.6,174829.6,0.0,0.0,0.0,185.0,185.0
10317.0,174814.9,174829.62044567632,174889.57878825988,2.0,0.0,0.24551121732248873,74.67878825988737,59.95834258355899
10315.0,174655.0,174829.6,174899.87592718322,1.0,0.0,2.4844923005398614,244.87592718322412,70.2759271832183
10318.0,174842.2,174889.57878825988,175022.57878825988,0.0,0.0,0.3562314906757136,180.3787882598699,133.0
10320.0,174928.65,175022.57878825988,175152.42354636142,2.0,1.0,0.7233929935503247,223.77354636142263,129.84475810153526
10321.0,175019.65,175022.5913804876,175152.4494941173,0.0,1.0,0.022650725514135526,132.79949411729467,129.85811362968525
10316.0,174661.5,174829.6,175251.33207058895,0.0,0.0,0.3985943012710804,589.8320705889491,421.7320705889433
10324.0,175123.0,175152.4494941173,175332.38007636985,1.0,2.0,0.16367142121482917,209.38007636985276,179.9305822525639
10319.0,174843.5,174889.57878825988,175359.57878825988,0.0,0.0,0.09803997502102457,516.0787882598815,470.0
10298.0,173165.85,173298.62375447474,175362.9751572545,0.0,1.0,0.06431741916417413,2197.125157254486,2064.35140277975
10323.0,175064.5,175099.62197984668,175396.76013408834,0.0,3.0,0.11820084141100373,332.26013408834115,297.13815424166387
10327.0,175283.55000000002,175332.38007636985,175482.38007636985,0.0,0.0,0.32553384246556866,198.8300763698353,150.0
10322.0,175052.80000000002,175099.5342029178,175487.3728963406,2.0,0.0,0.12049907270813733,434.5728963405709,387.8386934227892
10329.0,175382.35,175396.76013408834,175529.32092517705,1.0,1.0,0.10870585464967997,146.97092517704004,132.56079108870472
10328.0,175305.65,175332.4183672314,175535.66145262672,0.0,1.0,0.1317061644648379,230.011452626728,203.24308539531194
10332.0,175409.0,175501.30994371246,175650.65277322082,1.0,0.0,0.6181076387554049,241.65277322081965,149.34282950835768
10326.0,175221.80000000002,175258.69887696055,175660.4589279635,0.0,0.0,0.09184307117748522,438.6589279634936,401.7600510029588
10330.0,175386.25,175396.76013408834,175726.85069257094,0.0,1.0,0.0318401536131646,340.6006925709371,330.09055848259595
10331.0,175393.4,175393.4,175765.37977189312,2.0,0.0,0.0,371.97977189312223,371.97977189312223
10335.0,175669.0,175669.0,175780.31960727673,2.0,1.0,0.0,111.3196072767314,111.3196072767314
10337.0,175788.6,175788.6,175924.6,0.0,0.0,0.0,136.0,136.0
10312.0,174528.25,174571.77770060283,175987.77770060283,0.0,0.0,0.03073990155567348,1459.5277006028336,1416.0
10339.0,176043.4,176043.4,176228.4,0.0,0.0,0.0,185.0,185.0
10338.0,175846.45,175924.6,176278.4531986686,0.0,0.0,0.22085429860190534,432.00319866859354,353.85319866859936
10341.0,176045.35,176228.43239808184,176296.06679858113,2.0,0.0,2.7069419811560396,250.71679858112475,67.63440049928613
10340.0,176044.05000000005,176228.4,176432.98992090736,0.0,1.0,0.9010707818955315,388.93992090731626,204.58992090736865
10192.0,124800.0,124800.0,176729.42411732214,1.0,0.0,0.0,51929.42411732214,51929.42411732214
10344.0,176285.85,176285.85,176762.59983090012,2.0,1.0,0.0,476.7498309001094,476.7498309001094
10346.0,176541.30000000005,176729.42411732214,176836.3069743306,2.0,0.0,1.7600962641483577,295.0069743305503,106.88285700845881
10347.0,176659.6,176729.42411732214,176894.1837911339,2.0,0.0,0.423793733665122,234.58379113388946,164.75967381175724
10345.0,176434.7,176729.42411732214,176918.59655492098,0.0,2.0,1.5579654259523656,483.8965549209679,189.1724375988415
10194.0,124907.25,124907.25,177000.3474294618,1.0,0.0,0.0,52093.097429461806,52093.097429461806
10351.0,176909.2,176909.2,177128.2,0.0,0.0,0.0,219.0,219.0
10352.0,177140.6,177140.6,177204.6,0.0,0.0,0.0,64.0,64.0
10354.0,177171.15,177204.6262650878,177335.6262650878,0.0,0.0,0.2555440083039011,164.47626508781104,131.0
10353.0,177162.05000000005,177204.6,177346.6,0.0,0.0,0.2996478873236567,184.54999999995925,142.0
10232.0,159503.5,159503.5,177351.03433340497,1.0,3.0,0.0,17847.53433340497,17847.53433340497
10356.0,177296.6,177335.67552149636,177437.67552149636,0.0,0.0,0.38309334800350386,141.0755214963574,102.0
10358.0,177371.35,177371.35,177449.35,0.0,0.0,0.0,78.0,78.0
10355.0,177255.0,177335.6262650878,177490.6262650878,0.0,0.0,0.5201694521793885,235.62626508780522,155.0
10197.0,124993.7,124993.7,177491.93023080582,3.0,3.0,0.0,52498.23023080583,52498.23023080583
10359.0,177511.1,177511.1,177646.1,0.0,0.0,0.0,135.0,135.0
10360.0,177669.05000000005,177669.05000000005,177744.45335950278,3.0,0.0,0.0,75.40335950272856,75.40335950272856
10361.0,177737.95,177744.45335950278,177788.45335950278,0.0,0.0,0.14780362506280653,50.50335950276349,44.0
10362.0,177758.1,177788.45335950278,177865.73866822963,2.0,0.0,0.39274423564824795,107.63866822962882,77.28530872685951
10363.0,177782.15,177788.493513644,177883.65703624865,2.0,0.0,0.06665908817145291,101.50703624865855,95.16352260464919
10357.0,177311.55000000005,177335.76022049083,177899.00301245126,2.0,0.0,0.042983631280073556,587.4530124512094,563.2427919604233
10364.0,177813.35,177865.75896662826,178000.75896662826,0.0,0.0,0.3882145676166854,187.40896662825253,135.0
10366.0,177823.1,177865.82395246864,178020.82395246864,0.0,0.0,0.2756384030234204,197.72395246863016,155.0
10238.0,162826.30000000002,162826.30000000002,178109.84749432714,3.0,2.0,0.0,15283.547494327126,15283.547494327126
10367.0,177892.0,177892.0,178132.71238038418,1.0,0.0,0.0,240.71238038418232,240.71238038418232
10151.0,106723.5,106723.5,178165.5527369284,1.0,0.0,0.0,71442.0527369284,71442.0527369284
10368.0,178128.6,178128.6,178269.31079878449,0.0,1.0,0.0,140.71079878447927,140.71079878447927
10369.0,178280.05000000005,178280.05000000005,178317.79175780108,2.0,0.0,0.0,37.74175780103542,37.74175780103542
10195.0,124956.65,124956.65,178446.3153630461,7.0,8.0,0.0,53489.66536304611,53489.66536304611
10370.0,178393.80000000005,178393.80000000005,178494.58717445208,1.0,0.0,0.0,100.78717445203802,100.78717445203802
10365.0,177821.80000000005,177865.73866822963,178662.425340306,0.0,1.0,0.05515175509974595,840.6253403059673,796.6866720763792
10372.0,178504.95,178504.95,178699.67263522846,1.0,0.0,0.0,194.72263522844878,194.72263522844878
10373.0,178667.45,178667.45,178733.2041639769,1.0,0.0,0.0,65.75416397687513,65.75416397687513
10374.0,178706.45,178706.45,178787.45,0.0,0.0,0.0,81.0,81.0
10375.0,178805.9,178805.9,178989.00184985704,1.0,0.0,0.0,183.10184985704836,183.10184985704836
10145.0,105825.85,105825.85,179122.74605063495,1.0,0.0,0.0,73296.89605063494,73296.89605063494
10381.0,179343.45,179343.45,179454.60268059498,0.0,1.0,0.0,111.15268059496884,111.15268059496884
10377.0,178991.15,178991.15,179528.31256100602,2.0,0.0,0.0,537.1625610060291,537.1625610060291
10378.0,179012.6,179012.6,179865.88765834967,2.0,1.0,0.0,853.2876583496691,853.2876583496691
10371.0,178480.25,178480.25,179940.05810215027,1.0,0.0,0.0,1459.808102150273,1459.808102150273
10379.0,179043.15,179043.15,180615.93139146123,1.0,0.0,0.0,1572.7813914612343,1572.7813914612343
10380.0,179255.05000000005,179255.05000000005,180753.51492007158,1.0,0.0,0.0,1498.4649200715357,1498.4649200715357
10217.0,146688.1,146688.1,180898.46623038946,0.0,1.0,0.0,34210.36623038945,34210.36623038945
10239.0,162836.05000000002,162836.05000000002,181238.59050489255,3.0,2.0,0.0,18402.54050489253,18402.54050489253
10290.0,172081.0,172211.91423165568,181316.18007417078,1.0,1.0,0.014379438597271553,9235.180074170785,9104.265842515102
10376.0,178895.6,178895.6,181878.6207939431,1.0,0.0,0.0,2983.020793943084,2983.020793943084
10382.0,179539.1,179539.1,182373.12194215675,2.0,0.0,0.0,2834.0219421567454,2834.0219421567454
10348.0,176809.1,176857.92152667904,184104.59778167077,2.0,0.0,0.006737092283570137,7295.497781670769,7246.676254991733
10262.0,168038.0,168746.93711425285,184144.3069345533,1.0,1.0,0.046042741229620064,16106.306934553286,15397.369820300431
10141.0,104733.85,104733.85,184765.0658435661,2.0,1.0,0.0,80031.21584356608,80031.21584356608
10261.0,168017.2,168746.93711425285,185131.03891074806,2.0,1.0,0.04453934205956557,17113.838910748047,16384.101796495204
10343.0,176107.1,176285.9026477465,185462.54069829613,1.0,1.0,0.019484548345652452,9355.440698296123,9176.638050549634
10342.0,176080.45,176228.4807399086,185546.73705748073,1.0,4.0,0.015886098736031657,9466.287057480717,9318.256317572115
10258.0,167662.30000000002,167818.2689185541,185836.95243226667,2.0,0.0,0.008655955271947695,18174.652432266652,18018.683513712574
10246.0,164520.2,164645.78359993442,186050.1003975056,1.0,0.0,0.005867208989761499,21529.900397505582,21404.31679757117
10387.0,181554.1,181554.1,186547.8158224968,1.0,0.0,0.0,4993.715822496801,4993.715822496801
10384.0,179605.4,179605.4,187974.4286717603,1.0,0.0,0.0,8369.028671760316,8369.028671760316
10350.0,176857.85,176857.85,188119.50634640502,1.0,0.0,0.0,11261.656346405012,11261.656346405012
10334.0,175501.30000000002,175501.30000000002,188973.46693591616,1.0,0.0,0.0,13472.166935916146,13472.166935916146
10136.0,102826.1,102826.1,190690.07237110924,0.0,1.0,0.0,87863.97237110924,87863.97237110924
10259.0,167694.80000000002,167818.2689185541,192299.27256257014,1.0,2.0,0.005043458199241648,24604.472562570125,24481.003644016047
10388.0,181676.95,181676.95,192864.32689657414,1.0,0.0,0.0,11187.376896574133,11187.376896574133
10390.0,182845.0,182845.0,193617.65637267492,1.0,0.0,0.0,10772.656372674915,10772.656372674915
10398.0,194418.9,194418.9,194540.71846807154,1.0,0.0,0.0,121.81846807154943,121.81846807154943
10265.0,168367.55000000002,168747.18230292897,195177.2912297003,1.0,1.0,0.014363629903334047,26809.741229700274,26430.108926771325
10383.0,179598.25,179598.25,195361.89164204427,1.0,0.0,0.0,15763.64164204427,15763.64164204427
10333.0,175471.4,175501.39274649485,197919.41404480682,2.0,0.0,0.001337885538413435,22448.014044806827,22418.02129831197
10385.0,181514.45,181514.45,198651.70992141098,1.0,0.0,0.0,17137.259921410965,17137.259921410965
10349.0,176844.2,176858.00433958106,199479.80515302258,2.0,0.0,0.0006102228418902201,22635.605153022567,22621.800813441514
10394.0,189343.05,189343.05,199565.4549303616,1.0,0.0,0.0,10222.404930361605,10222.404930361605
10386.0,181534.6,181534.6,200046.8267178118,1.0,1.0,0.0,18512.226717811805,18512.226717811805
10389.0,182807.95,182807.95,202836.24890641298,1.0,0.0,0.0,20028.298906412965,20028.298906412965
10400.0,195022.1,195022.1,203482.26184813015,1.0,0.0,0.0,8460.161848130141,8460.161848130141
10139.0,104398.45,104398.45,204993.9061877384,1.0,1.0,0.0,100595.45618773841,100595.45618773841
10401.0,195038.35,195038.35,205149.84446223415,1.0,0.0,0.0,10111.494462234143,10111.494462234143
10198.0,125026.2,125247.23408867801,205586.8388865039,2.0,0.0,0.002751246900383051,80560.63888650389,80339.60479782587
10393.0,189321.6,189321.6,206057.43856270032,1.0,0.0,0.0,16735.838562700315,16735.838562700315
10399.0,194504.05,194504.05,206745.33712653932,1.0,0.0,0.0,12241.287126539333,12241.287126539333
10256.0,167501.1,167531.28136935565,207329.16083558876,6.0,11.0,0.0007583662687670223,39828.06083558875,39797.879466233106
10403.0,197885.35,197885.35,207762.20031536993,1.0,0.0,0.0,9876.850315369928,9876.850315369928
10240.0,162839.95,162946.65461927498,209220.77811504752,2.0,5.0,0.0023059241583412737,46380.82811504751,46274.12349577254
10405.0,202688.85,202688.85,210938.4168855504,1.0,0.0,0.0,8249.56688555039,8249.56688555039
10392.0,187926.7,187926.7,211183.8734037978,1.0,1.0,0.0,23257.173403797788,23257.173403797788
10395.0,192567.05,192567.05,211475.5391078068,2.0,0.0,0.0,18908.489107806818,18908.489107806818
10325.0,175124.95,175152.47068787523,211750.46445714508,6.0,24.0,0.0007519725821236059,36625.514457145066,36597.993769269844
10413.0,212230.2,212230.2,212359.2279569691,1.0,0.0,0.0,129.0279569690756,129.0279569690756
10414.0,212294.55,212294.55,212471.55,0.0,0.0,0.0,177.0,177.0
10406.0,202720.7,202720.7,213091.76225826557,1.0,0.0,0.0,10371.062258265563,10371.062258265563
10416.0,213066.1,213066.1,213153.53640326328,1.0,0.0,0.0,87.43640326327295,87.43640326327295
10418.0,213151.9,213151.9,213321.0195403352,1.0,0.0,0.0,169.11954033520306,169.11954033520306
10419.0,213304.0,213304.0,213418.0795389186,1.0,0.0,0.0,114.07953891859506,114.07953891859506
10283.0,170717.95,170746.36781150423,213936.9460359866,4.0,5.0,0.0006579632103213529,43218.99603598658,43190.578224482364
10282.0,170695.2,170746.08617163208,213958.56344603046,3.0,3.0,0.0011775805239987009,43263.363446030446,43212.47727439838
10281.0,170684.80000000002,170745.82136057204,214409.6966369239,2.0,4.0,0.0013975250750376917,43724.89663692389,43663.87527635187
10426.0,214347.25,214347.25,214569.66341975806,1.0,1.0,0.0,222.413419758057,222.413419758057
10280.0,170674.4,170745.6476671916,214627.2648463021,1.0,3.0,0.0016236335798837705,43952.86484630211,43881.6171791105
10427.0,214487.65,214487.65,214700.65,0.0,0.0,0.0,213.0,213.0
10429.0,215417.8,215417.8,215583.8,0.0,0.0,0.0,166.0,166.0
10273.0,170060.15,170060.15,215862.4088129619,2.0,0.0,0.0,45802.258812961896,45802.258812961896
10397.0,194153.05,194153.05,215935.3254476774,2.0,0.0,0.0,21782.275447677413,21782.275447677413
10435.0,216648.25,216648.25,216758.43417571855,1.0,0.0,0.0,110.18417571854661,110.18417571854661
10436.0,216697.65,216697.65,216924.99045647142,1.0,0.0,0.0,227.3404564714292,227.3404564714292
10295.0,172686.80000000002,172720.78416998746,217137.46410843506,13.0,26.0,0.0007651217973638026,44450.66410843504,44416.6799384476
10437.0,216816.6,216816.6,217169.27120969666,2.0,0.0,0.0,352.6712096966512,352.6712096966512
10402.0,197830.1,197830.1,217580.36348944367,1.0,2.0,0.0,19750.263489443663,19750.263489443663
10438.0,217480.9,217480.9,217678.9,0.0,0.0,0.0,198.0,198.0
10434.0,216619.0,216619.0,218184.85788476688,1.0,0.0,0.0,1565.8578847668832,1565.8578847668832
10439.0,218608.0,218608.0,218847.87352412328,2.0,1.0,0.0,239.8735241232789,239.8735241232789
10421.0,213572.45,213572.45,219266.13578121658,1.0,0.0,0.0,5693.685781216569,5693.685781216569
10422.0,213579.6,213579.6,219277.82923044916,1.0,0.0,0.0,5698.229230449157,5698.229230449157
10423.0,213586.1,213586.1,219282.09185383542,1.0,0.0,0.0,5695.99185383541,5695.99185383541
10396.0,194054.9,194054.9,219315.34813735826,1.0,1.0,0.0,25260.448137358268,25260.448137358268
10445.0,219498.5,219498.5,219703.06143707986,2.0,0.0,0.0,204.56143707985757,204.56143707985757
10446.0,219551.8,219551.8,219759.8175896714,1.0,0.0,0.0,208.01758967142086,208.01758967142086
10442.0,219087.05,219087.05,220237.66895704978,1.0,0.0,0.0,1150.6189570497954,1150.6189570497954
10420.0,213343.65,213343.65,220385.73073445028,1.0,0.0,0.0,7042.080734450283,7042.080734450283
10428.0,215048.6,215048.6,220392.89782577465,2.0,0.0,0.0,5344.297825774644,5344.297825774644
10404.0,198664.7,198664.7,220826.55655723883,2.0,0.0,0.0,22161.856557238818,22161.856557238818
10268.0,168603.5,168747.6261471579,221003.77666252534,2.0,0.0,0.0027580704995770105,52400.27666252534,52256.15051536745
10443.0,219135.15,219135.15,221343.98212730428,1.0,0.0,0.0,2208.832127304282,2208.832127304282
10440.0,219066.25,219066.25,221430.91707212143,2.0,1.0,0.0,2364.6670721214323,2364.6670721214323
10444.0,219154.65,219154.65,221880.3517891302,2.0,1.0,0.0,2725.701789130195,2725.701789130195
10415.0,212818.45,212818.45,222392.54988448232,1.0,0.0,0.0,9574.099884482304,9574.099884482304
10455.0,222406.6,222406.6,222502.15514419565,1.0,0.0,0.0,95.55514419564861,95.55514419564861
10454.0,222374.75,222374.75,222572.78453116506,2.0,1.0,0.0,198.0345311650599,198.0345311650599
10412.0,211670.55,211670.55,222745.2976810479,1.0,0.0,0.0,11074.747681047913,11074.747681047913
10460.0,222640.6,222640.6,222816.04723312135,2.0,0.0,0.0,175.44723312134738,175.44723312134738
10461.0,222796.6,222796.6,222882.39156023192,1.0,0.0,0.0,85.79156023191172,85.79156023191172
10466.0,223035.8,223035.8,223190.76797966918,1.0,1.0,0.0,154.96797966919257,154.96797966919257
10467.0,223693.6,223693.6,223864.36847649794,1.0,0.0,0.0,170.7684764979349,170.7684764979349
10468.0,224176.55,224176.55,224334.28788244564,2.0,0.0,0.0,157.73788244565367,157.73788244565367
10469.0,224553.55,224553.55,224724.34672800766,1.0,0.0,0.0,170.79672800767003,170.79672800767003
10471.0,224740.75,224740.75,224914.04131610828,2.0,1.0,0.0,173.29131610828335,173.29131610828335
10424.0,213593.9,213593.9,225228.30069657543,2.0,0.0,0.0,11634.400696575438,11634.400696575438
10450.0,221491.4,221491.4,226353.1333945109,1.0,0.0,0.0,4861.7333945108985,4861.7333945108985
10407.0,206291.8,206291.8,226366.16217990013,3.0,0.0,0.0,20074.36217990014,20074.36217990014
10409.0,208655.2,208655.2,226407.84126565102,2.0,1.0,0.0,17752.641265651007,17752.641265651007
10472.0,226349.5,226349.5,226422.46935906465,1.0,0.0,0.0,72.96935906464932,72.96935906464932
10431.0,215893.6,215893.6,226582.49502910837,1.0,0.0,0.0,10688.89502910836,10688.89502910836
10457.0,222436.5,222436.5,226702.46981113797,1.0,0.0,0.0,4265.969811137969,4265.969811137969
10269.0,168608.05000000002,168747.92747136444,226742.67740246622,1.0,0.0,0.002411898862062496,58134.6274024662,57994.749931101775
10451.0,221520.0,221520.0,226746.92842482307,1.0,0.0,0.0,5226.928424823069,5226.928424823069
10474.0,227019.0,227019.0,227131.53121469793,1.0,0.0,0.0,112.53121469792677,112.53121469792677
10475.0,227230.25,227230.25,227356.28941336126,0.0,1.0,0.0,126.03941336125717,126.03941336125717
10476.0,227396.65,227396.65,227542.65,0.0,0.0,0.0,146.0,146.0
10477.0,227559.8,227559.8,227658.6629276835,1.0,0.0,0.0,98.86292768351268,98.86292768351268
10408.0,208639.6,208639.6,227718.52094154083,1.0,2.0,0.0,19078.920941540826,19078.920941540826
10478.0,227654.7,227654.7,227771.46706792936,1.0,0.0,0.0,116.76706792935147,116.76706792935147
10479.0,227663.8,227663.8,227784.30603927298,2.0,1.0,0.0,120.5060392729938,120.5060392729938
10480.0,227739.85,227739.85,227840.017529123,1.0,0.0,0.0,100.16752912299125,100.16752912299125
10481.0,227810.05,227810.05,227885.39400574198,1.0,0.0,0.0,75.3440057419939,75.3440057419939
10482.0,227833.45,227833.45,227992.98901686765,0.0,2.0,0.0,159.53901686763857,159.53901686763857
10483.0,227913.4,227913.4,228027.77250658476,1.0,0.0,0.0,114.37250658476842,114.37250658476842
10485.0,228034.3,228034.3,228138.45663491945,1.0,0.0,0.0,104.1566349194618,104.1566349194618
10430.0,215666.75,215666.75,228211.1870004391,1.0,0.0,0.0,12544.437000439095,12544.437000439095
10486.0,228121.4,228121.4,228260.1692548965,1.0,0.0,0.0,138.76925489649875,138.76925489649875
10487.0,228255.95,228255.95,228418.5791384121,1.0,0.0,0.0,162.62913841209956,162.62913841209956
10270.0,168618.45,168748.29698480334,228586.53815573425,2.0,1.0,0.0021699666009970613,59968.088155734236,59838.24117093091
10499.0,229319.35,229319.35,229437.95375869898,1.0,0.0,0.0,118.60375869896961,118.60375869896961
10465.0,222818.7,222818.7,230418.75567557378,2.0,0.0,0.0,7600.055675573763,7600.055675573763
10452.0,222207.7,222207.7,230618.1494127426,1.0,0.0,0.0,8410.4494127426,8410.4494127426
10462.0,222810.9,222810.9,230757.37189279837,2.0,0.0,0.0,7946.471892798378,7946.471892798378
10449.0,221464.75,221464.75,231098.32974479132,1.0,0.0,0.0,9633.579744791321,9633.579744791321
10463.0,222812.85,222812.85,231119.8225192439,1.0,0.0,0.0,8306.972519243893,8306.972519243893
10410.0,209726.4,209726.4,231152.9976808563,1.0,0.0,0.0,21426.5976808563,21426.5976808563
10456.0,222433.25,222433.25,231176.33703968968,2.0,0.0,0.0,8743.087039689679,8743.087039689679
10510.0,231064.6,231064.6,231241.6,0.0,0.0,0.0,177.0,177.0
10459.0,222441.7,222441.7,231283.75911852316,1.0,0.0,0.0,8842.059118523146,8842.059118523146
10511.0,231697.7,231697.7,231836.61469427872,2.0,0.0,0.0,138.9146942787047,138.9146942787047
10448.0,221394.55,221394.55,231920.52153544556,1.0,0.0,0.0,10525.97153544557,10525.97153544557
10458.0,222439.75,222439.75,231949.50989595987,1.0,1.0,0.0,9509.759895959869,9509.759895959869
10433.0,216021.65,216021.65,232077.02675813946,2.0,0.0,0.0,16055.376758139464,16055.376758139464
10513.0,232625.25,232625.25,232702.94500103345,1.0,1.0,0.0,77.6950010334549,77.6950010334549
10512.0,232163.1,232163.1,232837.58712793162,1.0,1.0,0.0,674.4871279316139,674.4871279316139
10464.0,222816.75,222816.75,232929.12947274031,1.0,1.0,0.0,10112.379472740315,10112.379472740315
10432.0,215976.15,215976.15,232974.022631494,1.0,0.0,0.0,16997.872631494014,16997.872631494014
10518.0,233041.9,233041.9,233213.3479715493,2.0,0.0,0.0,171.44797154929256,171.44797154929256
10411.0,211387.8,211387.8,233363.6361361508,2.0,0.0,0.0,21975.836136150814,21975.836136150814
10417.0,213066.75,213066.75,233685.49966862245,1.0,0.0,0.0,20618.749668622448,20618.749668622448
10521.0,233615.85,233615.85,233750.85,0.0,0.0,0.0,135.0,135.0
10493.0,229268.65,229268.65,234016.19672022885,1.0,0.0,0.0,4747.546720228856,4747.546720228856
10523.0,233950.6,233950.6,234039.46827865523,2.0,0.0,0.0,88.86827865522355,88.86827865522355
10497.0,229292.05,229292.05,234043.96001903343,1.0,0.0,0.0,4751.910019033443,4751.910019033443
10498.0,229308.3,229308.3,234104.67496821232,1.0,0.0,0.0,4796.374968212331,4796.374968212331
10501.0,229327.15,229327.15,234132.7673242561,1.0,0.0,0.0,4805.617324256105,4805.617324256105
10502.0,229335.6,229335.6,234219.7813890401,1.0,0.0,0.0,4884.181389040081,4884.181389040081
10524.0,233972.7,233972.7,234384.41838049213,1.0,0.0,0.0,411.7183804921224,411.7183804921224
10525.0,234274.3,234274.3,234440.3,0.0,0.0,0.0,166.0,166.0
10527.0,234466.05,234466.05,234526.05,0.0,0.0,0.0,60.0,60.0
10529.0,234791.7,234791.7,234837.8681875286,2.0,0.0,0.0,46.168187528586714,46.168187528586714
10506.0,230221.55,230221.55,235013.74048870587,1.0,0.0,0.0,4792.190488705877,4792.190488705877
10508.0,230230.65,230230.65,235017.69408558242,1.0,0.0,0.0,4787.044085582427,4787.044085582427
10507.0,230224.15,230224.15,235068.7609102342,1.0,0.0,0.0,4844.610910234216,4844.610910234216
10190.0,124759.05,124759.05,237098.5370243209,1.0,0.0,0.0,112339.48702432089,112339.48702432089
10447.0,220615.85,220615.85,237457.9182674609,1.0,2.0,0.0,16842.068267460883,16842.068267460883
10491.0,229165.95,229165.95,237827.39951590222,2.0,0.0,0.0,8661.449515902204,8661.449515902204
10488.0,228268.3,228268.3,237991.5695362429,1.0,0.0,0.0,9723.269536242908,9723.269536242908
10453.0,222229.8,222229.8,238004.8162379642,2.0,0.0,0.0,15775.016237964213,15775.016237964213
10425.0,213769.4,213769.4,238203.90749717067,1.0,0.0,0.0,24434.507497170678,24434.507497170678
10503.0,229349.25,229349.25,238361.99144724302,2.0,0.0,0.0,9012.741447243025,9012.741447243025
10504.0,229358.35,229358.35,238939.70669195935,3.0,0.0,0.0,9581.356691959343,9581.356691959343
10494.0,229278.4,229278.4,239030.0413000274,1.0,0.0,0.0,9751.641300027404,9751.641300027404
10500.0,229319.35,229319.35,239588.64407808922,1.0,1.0,0.0,10269.29407808921,10269.29407808921
10495.0,229286.2,229286.2,239676.44974176327,1.0,0.0,0.0,10390.249741763255,10390.249741763255
10489.0,228728.5,228728.5,239726.70472195977,1.0,0.0,0.0,10998.204721959773,10998.204721959773
10490.0,229033.35,229033.35,239850.85659315088,1.0,0.0,0.0,10817.506593150873,10817.506593150873
10509.0,230233.9,230233.9,240079.09533795516,1.0,0.0,0.0,9845.19533795517,9845.19533795517
10528.0,234673.4,234673.4,240471.6681346141,2.0,1.0,0.0,5798.2681346141035,5798.2681346141035
10536.0,242781.5,242781.5,242916.69923629897,1.0,0.0,0.0,135.19923629896948,135.19923629896948
10505.0,229366.15,229366.15,243198.13040712365,0.0,1.0,0.0,13831.980407123658,13831.980407123658
10520.0,233279.8,233279.8,244864.1925280321,1.0,0.0,0.0,11584.392528032098,11584.392528032098
10484.0,228020.0,228020.0,245569.91689354766,2.0,0.0,0.0,17549.916893547663,17549.916893547663
10531.0,235781.0,235781.0,246186.53831337317,1.0,0.0,0.0,10405.538313373167,10405.538313373167
10496.0,229290.75,229290.75,246993.07899243783,2.0,1.0,0.0,17702.328992437833,17702.328992437833
10470.0,224642.6,224642.6,248898.84043099097,1.0,0.0,0.0,24256.24043099096,24256.24043099096
10473.0,226738.2,226738.2,249237.73723705043,1.0,0.0,0.0,22499.53723705042,22499.53723705042
10267.0,168598.30000000002,168747.38091389765,250277.6668018854,0.0,1.0,0.0018285341732083593,81679.3668018854,81530.28588798776
10535.0,242683.35,242683.35,251010.6695327164,1.0,0.0,0.0,8327.319532716385,8327.319532716385
10492.0,229256.95,229256.95,251804.26197589483,0.0,2.0,0.0,22547.311975894816,22547.311975894816
10551.0,251694.3,251694.3,251836.64842590352,1.0,0.0,0.0,142.3484259035322,142.3484259035322
10538.0,243279.4,243279.4,253125.36468819046,1.0,0.0,0.0,9845.964688190463,9845.964688190463
10530.0,235777.1,235777.1,253493.38506371528,1.0,0.0,0.0,17716.285063715273,17716.285063715273
10441.0,219085.1,219085.1,254038.97433619955,1.0,0.0,0.0,34953.874336199544,34953.874336199544
10537.0,242863.4,242863.4,254926.69969246283,1.0,0.0,0.0,12063.299692462839,12063.299692462839
10200.0,125380.45,125380.45,255243.38875220311,1.0,1.0,0.0,129862.93875220312,129862.93875220312
10532.0,238984.2,238984.2,255715.1702996149,1.0,0.0,0.0,16730.970299614884,16730.970299614884
10540.0,244060.05,244060.05,255722.5252476257,1.0,0.0,0.0,11662.475247625698,11662.475247625698
10519.0,233102.35,233102.35,258084.41107948738,2.0,1.0,0.0,24982.06107948738,24982.06107948738
10545.0,246379.25,246379.25,258521.38374221165,1.0,0.0,0.0,12142.133742211648,12142.133742211648
10534.0,242663.85,242663.85,258732.4982976051,2.0,1.0,0.0,16068.648297605105,16068.648297605105
10137.0,102877.45,102877.45,261977.78826697814,1.0,2.0,0.0,159100.33826697816,159100.33826697816
10539.0,243497.8,243497.8,262688.6508871226,2.0,0.0,0.0,19190.850887122622,19190.850887122622
10218.0,147000.1,147000.1,262832.79573679145,2.0,1.0,0.0,115832.69573679144,115832.69573679144
10548.0,249458.3,249458.3,265104.7538394189,2.0,0.0,0.0,15646.453839418886,15646.453839418886
10526.0,234462.15,234462.15,266107.24877793406,1.0,2.0,0.0,31645.098777934065,31645.098777934065
10533.0,239749.9,239749.9,266154.7131289441,1.0,1.0,0.0,26404.813128944108,26404.813128944108
10544.0,246198.55,246198.55,266167.82747618033,2.0,0.0,0.0,19969.277476180345,19969.277476180345
10563.0,267141.55,267141.55,267312.57575066393,1.0,1.0,0.0,171.02575066394638,171.02575066394638
10564.0,267224.75,267224.75,267374.13130545657,1.0,0.0,0.0,149.38130545656895,149.38130545656895
10566.0,267935.85000000003,267935.85000000003,267990.32954954886,1.0,1.0,0.0,54.479549548821524,54.479549548821524
10567.0,268054.15,268054.15,268104.92357376555,1.0,0.0,0.0,50.77357376553118,50.77357376553118
10568.0,268351.2,268351.2,268397.89731102553,2.0,0.0,0.0,46.69731102552032,46.69731102552032
10569.0,268522.15,268522.15,268582.15,0.0,0.0,0.0,60.0,60.0
10570.0,268601.45,268601.45,268699.9656781967,1.0,0.0,0.0,98.5156781966798,98.5156781966798
10572.0,268715.2,268715.2,269088.87589525804,1.0,0.0,0.0,373.6758952580276,373.6758952580276
10556.0,259190.75,259190.75,270058.68459618447,1.0,0.0,0.0,10867.934596184466,10867.934596184466
10554.0,256005.1,256005.1,271021.320026053,2.0,1.0,0.0,15016.220026052993,15016.220026052993
10560.0,263062.15,263062.15,271668.0144366668,1.0,0.0,0.0,8605.864436666772,8605.864436666772
10549.0,249483.65,249483.65,271855.13220305974,1.0,2.0,0.0,22371.482203059742,22371.482203059742
10550.0,250201.25,250201.25,272085.54497799184,2.0,1.0,0.0,21884.29497799184,21884.29497799184
10553.0,255999.9,255999.9,272496.1206833091,1.0,0.0,0.0,16496.220683309104,16496.220683309104
10542.0,246065.3,246065.3,272502.53349889047,1.0,0.0,0.0,26437.233498890477,26437.233498890477
10514.0,232750.05,232750.05,273431.00134875474,1.0,0.0,0.0,40680.95134875475,40680.95134875475
10516.0,232788.4,232788.4,273455.15500251064,1.0,0.0,0.0,40666.75500251065,40666.75500251065
10580.0,273625.95,273625.95,273706.4336202427,1.0,0.0,0.0,80.48362024268135,80.48362024268135
10582.0,273672.10000000003,273672.10000000003,273757.69284016057,1.0,0.0,0.0,85.59284016053425,85.59284016053425
10541.0,245894.35,245894.35,273786.75914254005,2.0,0.0,0.0,27892.40914254004,27892.40914254004
10585.0,273941.2,273941.2,274030.2,0.0,0.0,0.0,89.0,89.0
10592.0,274132.95,274132.95,274163.27332521795,1.0,0.0,0.0,30.323325217934325,30.323325217934325
10599.0,274223.3,274223.3,274328.3,0.0,0.0,0.0,105.0,105.0
10600.0,274260.35000000003,274260.35000000003,274356.35000000003,0.0,0.0,0.0,96.0,96.0
10601.0,274290.9,274290.9,274371.9,0.0,0.0,0.0,81.0,81.0
10561.0,263345.55,263345.55,274379.5974384491,1.0,0.0,0.0,11034.04743844911,11034.04743844911
10583.0,273689.0,273689.0,274550.5195764238,2.0,0.0,0.0,861.5195764238015,861.5195764238015
10558.0,261947.4,261947.4,274587.17340231966,1.0,0.0,0.0,12639.773402319668,12639.773402319668
10603.0,274527.5,274527.5,274607.5,0.0,0.0,0.0,80.0,80.0
10604.0,274580.15,274580.15,274669.16312957625,1.0,0.0,0.0,89.01312957622577,89.01312957622577
10607.0,274747.2,274747.2,275203.5838473705,1.0,0.0,0.0,456.3838473705109,456.3838473705109
10605.0,274668.55,274668.55,275773.4905258418,1.0,0.0,0.0,1104.9405258417828,1104.9405258417828
10575.0,269924.2,269924.2,275996.29526047735,1.0,0.0,0.0,6072.095260477334,6072.095260477334
10611.0,276081.65,276081.65,276170.65,0.0,0.0,0.0,89.0,89.0
10612.0,276428.75,276428.75,276488.75,0.0,0.0,0.0,60.0,60.0
10562.0,263727.10000000003,263727.10000000003,276632.6465527823,1.0,0.0,0.0,12905.546552782238,12905.546552782238
10613.0,276553.55,276553.55,276828.5033757114,1.0,0.0,0.0,274.9533757113968,274.9533757113968
10618.0,277696.25,277696.25,277756.25,0.0,0.0,0.0,60.0,60.0
10616.0,277654.65,277654.65,277757.6501112916,1.0,0.0,0.0,103.00011129159248,103.00011129159248
10619.0,277887.35000000003,277887.35000000003,278124.29787577223,2.0,0.0,0.0,236.9478757721954,236.9478757721954
10552.0,251778.8,251778.8,278342.33649299387,1.0,2.0,0.0,26563.53649299388,26563.53649299388
10623.0,278354.05,278354.05,278413.3887680353,1.0,1.0,0.0,59.33876803528983,59.33876803528983
10617.0,277670.25,277670.25,278432.39754704584,2.0,0.0,0.0,762.147547045839,762.147547045839
10621.0,278322.2,278322.2,278480.0566104896,2.0,1.0,0.0,157.85661048960174,157.85661048960174
10622.0,278338.45,278338.45,278483.57391329174,1.0,1.0,0.0,145.12391329172533,145.12391329172533
10624.0,278413.85000000003,278413.85000000003,278652.0133666496,0.0,1.0,0.0,238.1633666495909,238.1633666495909
10595.0,274144.0,274144.0,278725.4059404869,1.0,0.0,0.0,4581.405940486875,4581.405940486875
10577.0,270142.60000000003,270142.60000000003,278913.4613880017,1.0,0.0,0.0,8770.86138800165,8770.86138800165
10588.0,274050.4,274050.4,278937.25923761015,1.0,0.0,0.0,4886.85923761013,4886.85923761013
10596.0,274146.60000000003,274146.60000000003,279004.0293079536,1.0,0.0,0.0,4857.429307953571,4857.429307953571
10631.0,279434.35000000003,279434.35000000003,279512.35000000003,0.0,0.0,0.0,78.0,78.0
10632.0,279541.60000000003,279541.60000000003,279630.60000000003,0.0,0.0,0.0,89.0,89.0
10630.0,279282.25,279282.25,279739.0260076552,1.0,0.0,0.0,456.7760076551931,456.7760076551931
10634.0,279663.15,279663.15,279800.15,0.0,0.0,0.0,137.0,137.0
10635.0,279813.95,279813.95,279876.0390896612,1.0,0.0,0.0,62.08908966119634,62.08908966119634
10555.0,258974.3,258974.3,279983.55993528053,1.0,1.0,0.0,21009.25993528054,21009.25993528054
10638.0,280448.35000000003,280448.35000000003,280560.35000000003,0.0,0.0,0.0,112.0,112.0
10625.0,278489.9,278489.9,280638.08495102206,1.0,0.0,0.0,2148.1849510220345,2148.1849510220345
10639.0,280651.15,280651.15,280709.733419095,2.0,1.0,0.0,58.58341909496812,58.58341909496812
10640.0,280772.7,280772.7,280821.39590458927,2.0,0.0,0.0,48.695904589258134,48.695904589258134
10642.0,280817.55,280817.55,280877.55,0.0,0.0,0.0,60.0,60.0
10643.0,280825.35000000003,280825.35000000003,280903.35000000003,0.0,0.0,0.0,78.0,78.0
10644.0,280952.10000000003,280952.10000000003,281012.10000000003,0.0,0.0,0.0,60.0,60.0
10645.0,281014.5,281014.5,281080.8884097712,1.0,0.0,0.0,66.3884097711998,66.3884097711998
10646.0,281061.95,281061.95,281121.95,0.0,0.0,0.0,60.0,60.0
10559.0,263029.65,263029.65,281133.7926674733,1.0,0.0,0.0,18104.142667473294,18104.142667473294
10647.0,281091.85000000003,281091.85000000003,281404.4229094221,1.0,0.0,0.0,312.5729094220442,312.5729094220442
10649.0,281323.9,281323.9,281462.6902613175,1.0,0.0,0.0,138.79026131745195,138.79026131745195
10650.0,281437.0,281437.0,281642.0612595448,1.0,0.0,0.0,205.06125954480376,205.06125954480376
10546.0,248711.45,248711.45,282572.94811027515,1.0,0.0,0.0,33861.49811027513,33861.49811027513
10657.0,282332.7,282572.94811027515,282688.1609507064,2.0,1.0,2.0852546415474205,355.46095070638694,115.21284043125343
10656.0,282222.2,282572.94811027515,282703.94811027515,0.0,0.0,2.677466490649874,481.7481102751335,131.0
10658.0,282416.55,282572.94811027515,282710.42422719795,1.0,0.0,1.1376384042253826,293.8742271979572,137.47611692280043
10654.0,282002.5,282572.94811027515,282723.94811027515,0.0,0.0,3.7778020548022857,721.4481102751452,151.0
10659.0,282605.05,282675.9437595755,282818.9437595755,0.0,0.0,0.4957605564720128,213.89375957549782,143.0
10557.0,261139.45,261139.45,282869.9760429202,1.0,0.0,0.0,21730.526042920188,21730.526042920188
10673.0,283065.9,283065.9,283136.9,0.0,0.0,0.0,71.0,71.0
10663.0,282675.9,282675.9,283144.4456041628,1.0,0.0,0.0,468.5456041627913,468.5456041627913
10672.0,283039.9,283065.9066219257,283218.9066219257,0.0,0.0,0.169977921082903,179.00662192568416,153.0
10674.0,283186.8,283186.8,283268.8,0.0,0.0,0.0,82.0,82.0
10579.0,273614.9,273614.9,283455.72601001215,2.0,0.0,0.0,9840.826010012126,9840.826010012126
10587.0,274047.15,274047.15,283744.78311331884,1.0,0.0,0.0,9697.633113318821,9697.633113318821
10594.0,274140.10000000003,274140.10000000003,283755.2628017249,1.0,0.0,0.0,9615.162801724859,9615.162801724859
10675.0,283248.55,283248.55,283848.55,0.0,0.0,0.0,600.0,600.0
10671.0,282846.85000000003,282846.85000000003,284049.85000000003,0.0,0.0,0.0,1203.0,1203.0
10590.0,274127.10000000003,274127.10000000003,284061.8200768398,1.0,0.0,0.0,9934.720076839789,9934.720076839789
10597.0,274149.85000000003,274149.85000000003,284139.5981987524,2.0,1.0,0.0,9989.74819875235,9989.74819875235
10586.0,274044.55,274044.55,284311.11461621604,1.0,0.0,0.0,10266.564616216056,10266.564616216056
10593.0,274138.15,274138.15,284426.2166779898,2.0,1.0,0.0,10288.066677989787,10288.066677989787
10677.0,284393.85000000003,284426.2166779898,284486.2166779898,0.0,0.0,0.5394446331629297,92.36667798977578,60.0
10581.0,273658.45,273658.45,284652.37323406624,2.0,1.0,0.0,10993.923234066227,10993.923234066227
10678.0,284482.9,284486.2166779898,284897.7681354818,1.0,0.0,0.008058963051666363,414.8681354817818,411.55145749199437
10614.0,276664.7,276664.7,285158.7102759235,1.0,0.0,0.0,8494.010275923472,8494.010275923472
10573.0,269232.60000000003,269232.60000000003,285257.4735158094,2.0,0.0,0.0,16024.873515809362,16024.873515809362
10574.0,269254.05,269254.05,285393.0416467929,2.0,1.0,0.0,16138.991646792914,16138.991646792914
10615.0,276671.85000000003,276671.85000000003,285734.1631283515,1.0,0.0,0.0,9062.313128351467,9062.313128351467
10589.0,274056.25,274056.25,285756.96559900255,2.0,1.0,0.0,11700.71559900255,11700.71559900255
10598.0,274152.45,274152.45,286156.45,0.0,0.0,0.0,12004.0,12004.0
10591.0,274129.05,274129.05,286171.05,0.0,0.0,0.0,12042.0,12042.0
10669.0,282789.65,282847.38085405354,286182.5716326308,2.0,0.0,0.017309610719823187,3392.9216326307505,3335.1907785772346
10655.0,282101.3,282572.94811027515,286236.8681151385,1.0,2.0,0.12872773140491844,4135.568115138507,3663.92000486335
10584.0,273766.35000000003,273766.35000000003,286301.35000000003,0.0,0.0,0.0,12535.0,12535.0
10636.0,280138.95,280138.95,286395.1621325351,3.0,1.0,0.0,6256.21213253506,6256.21213253506
10602.0,274345.5,274345.5,286534.5,0.0,0.0,0.0,12189.0,12189.0
10565.0,267306.65,267306.65,286660.4151854876,2.0,0.0,0.0,19353.765185487573,19353.765185487573
10682.0,287381.25,287381.25,287434.5029980271,1.0,0.0,0.0,53.25299802707741,53.25299802707741
10681.0,287288.95,287288.95,287640.95,0.0,0.0,0.0,352.0,352.0
10686.0,287704.95,287704.95,287752.95,0.0,0.0,0.0,48.0,48.0
10683.0,287453.4,287453.4,287757.34019276284,1.0,0.0,0.0,303.9401927628205,303.9401927628205
10684.0,287457.95,287457.95,288164.8738949178,1.0,0.0,0.0,706.923894917767,706.923894917767
10653.0,281791.9,281791.9,288422.67507469706,3.0,2.0,0.0,6630.775074697041,6630.775074697041
10685.0,287645.8,287645.8,288469.8,0.0,0.0,0.0,824.0,824.0
10688.0,287980.55,287980.55,288469.9830046517,1.0,0.0,0.0,489.4330046516843,489.4330046516843
10668.0,282778.60000000003,282847.17837188195,288634.13839764346,1.0,1.0,0.011850500362302145,5855.538397643424,5786.960025761509
10696.0,288570.75,288634.13839764346,288736.90192341554,1.0,0.0,0.6168375127965805,166.15192341554211,102.76352577208309
10687.0,287888.25,287888.25,288772.7975772137,1.0,0.0,0.0,884.5475772137288,884.5475772137288
10661.0,282653.15,282676.18148277485,288919.87743141357,1.0,1.0,0.003688757903056432,6266.727431413543,6243.69594863872
10679.0,286625.3,286625.3,289024.509308631,2.0,0.0,0.0,2399.2093086310197,2399.2093086310197
10652.0,281789.3,281789.3,289071.5467871853,5.0,4.0,0.0,7282.246787185315,7282.246787185315
10701.0,288976.35000000003,288976.35000000003,289146.01768539025,2.0,0.0,0.0,169.66768539021723,169.66768539021723
10695.0,288562.95,288562.95,289170.8611711291,2.0,1.0,0.0,607.9111711290898,607.9111711290898
10665.0,282705.15,282705.15,289210.51306377567,1.0,0.0,0.0,6505.363063775643,6505.363063775643
10693.0,288333.5,288333.5,289284.8491405049,2.0,0.0,0.0,951.349140504899,951.349140504899
10620.0,278313.10000000003,278313.10000000003,289356.1457586902,1.0,0.0,0.0,11043.045758690161,11043.045758690161
10626.0,278502.9,278502.9,289444.2658162173,1.0,0.0,0.0,10941.365816217265,10941.365816217265
10637.0,280177.95,280177.95,289462.5972608851,2.0,3.0,0.0,9284.647260885104,9284.647260885104
10698.0,288611.05,288634.13839764346,289518.336629211,1.0,2.0,0.026112241372095273,907.2866292109829,884.1982315675123
10702.0,289523.65,289523.65,289649.2970330914,1.0,0.0,0.0,125.64703309140168,125.64703309140168
10703.0,289575.0,289575.0,289728.70772558847,1.0,0.0,0.0,153.7077255884651,153.7077255884651
10699.0,288698.15,288698.15,289845.6427018862,1.0,0.0,0.0,1147.4927018861636,1147.4927018861636
10705.0,289814.2,289814.2,290051.74116334645,1.0,0.0,0.0,237.54116334643913,237.54116334643913
10706.0,289965.0,289965.0,290142.3540734813,2.0,1.0,0.0,177.354073481285,177.354073481285
10704.0,289711.5,289711.5,290211.12782401056,2.0,0.0,0.0,499.6278240105603,499.6278240105603
10707.0,290117.10000000003,290117.10000000003,290540.56214342936,1.0,0.0,0.0,423.46214342932217,423.46214342932217
10700.0,288894.45,288894.45,290672.9511511014,0.0,1.0,0.0,1778.5011511013727,1778.5011511013727
10628.0,278887.7,278887.7,291090.77978328767,1.0,0.0,0.0,12203.079783287656,12203.079783287656
10716.0,291341.05,291341.05,291428.6304791568,1.0,0.0,0.0,87.580479156808,87.580479156808
10391.0,185294.85,185294.85,291490.4950895602,0.0,1.0,0.0,106195.64508956022,106195.64508956022
10680.0,286825.5,286825.5,291812.0536357932,1.0,0.0,0.0,4986.553635793214,4986.553635793214
10690.0,288275.0,288275.0,291859.3212303869,1.0,0.0,0.0,3584.3212303869077,3584.3212303869077
10722.0,291499.65,291499.65,291922.66222229006,1.0,0.0,0.0,423.01222229003906,423.01222229003906
10726.0,291564.0,291564.0,292012.9548788833,1.0,0.0,0.0,448.9548788833199,448.9548788833199
10728.0,291589.35000000003,291589.35000000003,292046.3811404636,1.0,0.0,0.0,457.0311404635431,457.0311404635431
10731.0,291832.45,291832.45,292055.45,0.0,0.0,0.0,223.0,223.0
10732.0,291990.4,291990.4,292104.4,0.0,0.0,0.0,114.0,114.0
10609.0,275489.5,275489.5,292295.84511854436,2.0,0.0,0.0,16806.345118544356,16806.345118544356
10719.0,291432.05,291432.05,292374.55855954316,1.0,0.0,0.0,942.5085595431738,942.5085595431738
10576.0,270126.35000000003,270126.35000000003,292404.5611973462,3.0,0.0,0.0,22278.211197346158,22278.211197346158
10667.0,282737.0,282847.0403385035,292502.5985842052,1.0,0.0,0.011396579638725044,9765.598584205203,9655.558245701715
10666.0,282721.4,282846.9294058382,292534.6858103909,1.0,0.0,0.012957531196715222,9813.285810390895,9687.756404552725
10724.0,291522.4,291522.4,292613.85762896086,1.0,0.0,0.0,1091.4576289608376,1091.4576289608376
10730.0,291649.15,291812.0536357932,292900.0536357932,0.0,0.0,0.1497276064275652,1250.903635793191,1088.0
10662.0,282668.75,282676.40784924524,292931.40784924524,0.0,0.0,0.0007467429785703607,10262.657849245239,10255.0
10718.0,291415.8,291415.8,293273.6940345885,1.0,0.0,0.0,1857.8940345885349,1857.8940345885349
10717.0,291406.05,291406.05,293382.55477367307,1.0,0.0,0.0,1976.5047736730776,1976.5047736730776
10729.0,291632.9,291812.0536357932,293406.38890665973,2.0,1.0,0.11236885934024478,1773.4889066597098,1594.3352708665188
10727.0,291580.9,291580.9,293467.9,0.0,0.0,0.0,1887.0,1887.0
10723.0,291504.85000000003,291504.85000000003,293537.1196921491,1.0,0.0,0.0,2032.2696921490715,2032.2696921490715
10725.0,291541.25,291541.25,293650.56039924547,1.0,0.0,0.0,2109.3103992454708,2109.3103992454708
10670.0,282816.3,282816.3,294147.32047543436,1.0,1.0,0.0,11331.020475434372,11331.020475434372
10736.0,294177.0,294177.0,294472.8761398138,1.0,0.0,0.0,295.8761398138013,295.8761398138013
10664.0,282689.55,282705.17827274074,294632.0425144394,1.0,1.0,0.0013103421338622227,11942.492514439393,11926.86424169864
10608.0,274867.45,274867.45,294707.9971606939,2.0,1.0,0.0,19840.54716069391,19840.54716069391
10737.0,294197.8,294197.8,294794.5695142089,1.0,0.0,0.0,596.7695142088924,596.7695142088924
10739.0,294253.7,294253.7,294833.0839658228,2.0,0.0,0.0,579.3839658228098,579.3839658228098
10692.0,288306.2,288306.2,294859.8709646247,2.0,1.0,0.0,6553.6709646246745,6553.6709646246745
10742.0,294806.2,294806.2,294873.82556716487,2.0,0.0,0.0,67.62556716485415,67.62556716485415
10738.0,294217.95,294217.95,294883.0749713794,1.0,0.0,0.0,665.1249713794095,665.1249713794095
10733.0,292114.55,292114.55,295314.55,0.0,0.0,0.0,3200.0,3200.0
10648.0,281259.55,281259.55,295318.5053073961,2.0,3.0,0.0,14058.955307396129,14058.955307396129
10689.0,288227.55,288227.55,295415.8703355406,1.0,0.0,0.0,7188.3203355406295,7188.3203355406295
10720.0,291463.9,291463.9,295488.75241950003,2.0,0.0,0.0,4024.8524195000064,4024.8524195000064
10721.0,291483.4,291483.4,295785.4,0.0,0.0,0.0,4302.0,4302.0
10734.0,292251.7,292251.7,296057.7,0.0,0.0,0.0,3806.0,3806.0
10651.0,281635.25,281635.25,296666.2646369706,2.0,5.0,0.0,15031.01463697059,15031.01463697059
10676.0,284387.35000000003,284387.35000000003,296788.9944280957,1.0,1.0,0.0,12401.644428095664,12401.644428095664
10735.0,292811.35000000003,292811.35000000003,297691.35000000003,0.0,0.0,0.0,4880.0,4880.0
10713.0,290744.35000000003,290744.35000000003,298392.3660802317,1.0,0.0,0.0,7648.016080231639,7648.016080231639
10629.0,278901.35000000003,278901.35000000003,298439.0203124514,1.0,0.0,0.0,19537.670312451373,19537.670312451373
10606.0,274668.55,274668.55,298615.55,0.0,0.0,0.0,23947.0,23947.0
10710.0,290334.2,290334.2,298704.621537088,1.0,0.0,0.0,8370.421537087997,8370.421537087997
10745.0,294942.05,294942.05,298843.9804016784,1.0,0.0,0.0,3901.93040167843,3901.93040167843
10712.0,290349.8,290349.8,298975.8932229899,1.0,0.0,0.0,8626.093222989934,8626.093222989934
10660.0,282642.10000000003,282676.03727711237,299011.7456092443,2.0,1.0,0.002077490392355809,16369.645609244239,16335.708332131908
10746.0,295007.05,295007.05,299438.3945945771,1.0,0.0,0.0,4431.3445945770945,4431.3445945770945
10708.0,290186.65,290186.65,299911.8693162124,1.0,0.0,0.0,9725.219316212402,9725.219316212402
10709.0,290312.75,290312.75,299982.3108214794,1.0,0.0,0.0,9669.56082147942,9669.56082147942
10691.0,288283.45,288283.45,300093.5128117773,1.0,0.0,0.0,11810.062811777287,11810.062811777287
10744.0,294856.25,294856.25,300258.7202211096,2.0,0.0,0.0,5402.470221109572,5402.470221109572
10743.0,294833.5,294833.5,300646.0249841621,1.0,0.0,0.0,5812.524984162126,5812.524984162126
10633.0,279651.45,279651.45,302540.0597001725,2.0,0.0,0.0,22888.6097001725,22888.6097001725
10740.0,294385.65,294385.65,303162.7945262989,1.0,0.0,0.0,8777.144526298856,8777.144526298856
10522.0,233856.35,233856.35,303221.84951560665,1.0,0.0,0.0,69365.49951560664,69365.49951560664
10752.0,299422.5,299422.5,304170.57612611,1.0,0.0,0.0,4748.076126109983,4748.076126109983
10753.0,299486.85000000003,299486.85000000003,304281.9728933355,1.0,0.0,0.0,4795.122893335472,4795.122893335472
10714.0,290785.3,290785.3,304655.144832817,2.0,0.0,0.0,13869.844832817034,13869.844832817034
10741.0,294407.10000000003,294407.10000000003,305410.89169172046,1.0,1.0,0.0,11003.791691720427,11003.791691720427
10749.0,296078.25,296078.25,305621.04467653774,1.0,0.0,0.0,9542.794676537742,9542.794676537742
10764.0,306212.4,306212.4,306285.4,0.0,0.0,0.0,73.0,73.0
10711.0,290338.75,290338.75,307037.90980260377,1.0,0.0,0.0,16699.15980260377,16699.15980260377
10715.0,290914.65,290914.65,307098.4719149863,2.0,1.0,0.0,16183.8219149863,16183.8219149863
10627.0,278879.25,278879.25,307477.66550044686,2.0,0.0,0.0,28598.415500446863,28598.415500446863
10547.0,248735.5,248735.5,308213.156115763,3.0,0.0,0.0,59477.656115763006,59477.656115763006
10641.0,280778.55,280778.55,309314.4517527256,0.0,1.0,0.0,28535.901752725593,28535.901752725593
10754.0,299561.60000000003,299561.60000000003,309557.85947733535,2.0,0.0,0.0,9996.25947733532,9996.25947733532
10757.0,301342.60000000003,301342.60000000003,309578.9935155961,1.0,0.0,0.0,8236.39351559605,8236.39351559605
10759.0,303852.9,303852.9,312322.2953027364,1.0,0.0,0.0,8469.395302736375,8469.395302736375
10748.0,295913.15,295913.15,312545.6450069776,1.0,0.0,0.0,16632.49500697758,16632.49500697758
10755.0,300253.2,300253.2,312579.5452762643,1.0,0.0,0.0,12326.3452762643,12326.3452762643
10760.0,303859.4,303859.4,313429.78113047086,1.0,0.0,0.0,9570.381130470836,9570.381130470836
10762.0,305903.0,305903.0,313592.335891918,1.0,0.0,0.0,7689.335891917988,7689.335891917988
10758.0,301667.60000000003,301667.60000000003,313593.0061804922,1.0,0.0,0.0,11925.406180492137,11925.406180492137
10765.0,306309.25,306309.25,313876.2019214051,1.0,0.0,0.0,7566.951921405096,7566.951921405096
10747.0,295813.7,295813.7,315352.84943047806,2.0,0.0,0.0,19539.14943047805,19539.14943047805
10756.0,301302.3,301302.3,317599.0899150405,1.0,0.0,0.0,16296.789915040485,16296.789915040485
10777.0,318823.05,318823.05,319005.8246915126,2.0,0.0,0.0,182.77469151263358,182.77469151263358
10750.0,298241.45,298241.45,319318.9478267907,2.0,0.0,0.0,21077.49782679067,21077.49782679067
10751.0,298546.95,298546.95,320642.31473243446,2.0,0.0,0.0,22095.36473243445,22095.36473243445
10336.0,175771.7,176729.42411732214,320789.4620688623,2.0,0.0,0.006648090136171503,145017.76206886227,144060.03795154014
10767.0,306467.85000000003,306467.85000000003,320956.84589257935,2.0,0.0,0.0,14488.995892579318,14488.995892579318
10578.0,272234.95,272234.95,321221.84125572414,2.0,0.0,0.0,48986.89125572413,48986.89125572413
10515.0,232775.4,232775.4,321533.8050134963,1.0,0.0,0.0,88758.40501349632,88758.40501349632
10784.0,323092.25,323092.25,323203.7631427953,2.0,1.0,0.0,111.51314279530197,111.51314279530197
10694.0,288366.0,288422.67507469706,323211.8464892696,2.0,1.0,0.0016291010217427773,34845.84648926958,34789.17141457251
10763.0,305927.7,305927.7,323460.8999718483,2.0,0.0,0.0,17533.199971848284,17533.199971848284
10785.0,323438.7,323438.7,324160.7,0.0,0.0,0.0,722.0,722.0
10761.0,305786.0,305786.0,324626.76337349875,2.0,1.0,0.0,18840.763373498747,18840.763373498747
10790.0,324740.0,324740.0,324795.70448862563,1.0,0.0,0.0,55.70448862563353,55.70448862563353
10792.0,324946.05,324946.05,325073.05,0.0,0.0,0.0,127.0,127.0
10772.0,312916.5,312916.5,325149.6804233007,1.0,0.0,0.0,12233.180423300713,12233.180423300713
10795.0,325141.7,325141.7,325202.00403925404,1.0,0.0,0.0,60.304039254027884,60.304039254027884
10797.0,325538.85000000003,325538.85000000003,325636.85000000003,0.0,0.0,0.0,98.0,98.0
10798.0,325580.45,325580.45,325638.3990847176,1.0,0.0,0.0,57.94908471760573,57.94908471760573
10799.0,325617.5,325617.5,325677.5,0.0,0.0,0.0,60.0,60.0
10775.0,317443.10000000003,317443.10000000003,325865.36748008284,1.0,0.0,0.0,8422.26748008281,8422.26748008281
10800.0,325761.15,325761.15,325907.688091668,1.0,0.0,0.0,146.538091667986,146.538091667986
10801.0,325900.9,325900.9,326018.2130911635,3.0,0.0,0.0,117.31309116346529,117.31309116346529
10803.0,326069.25,326069.25,326106.30751030345,2.0,0.0,0.0,37.05751030344982,37.05751030344982
10796.0,325174.2,325174.2,326179.0329533256,1.0,0.0,0.0,1004.8329533255892,1004.8329533255892
10771.0,309403.25,309403.25,326221.6519865917,2.0,0.0,0.0,16818.401986591693,16818.401986591693
10773.0,315581.5,315581.5,326528.83980207844,1.0,0.0,0.0,10947.339802078437,10947.339802078437
10802.0,326007.5,326007.5,326608.34213972255,1.0,0.0,0.0,600.8421397225466,600.8421397225466
10776.0,317525.0,317525.0,326674.8107990149,1.0,0.0,0.0,9149.810799014871,9149.810799014871
10804.0,326073.15,326073.15,326680.15,0.0,0.0,0.0,607.0,607.0
10806.0,326507.35000000003,326507.35000000003,326682.94095632446,2.0,1.0,0.0,175.5909563244204,175.5909563244204
10805.0,326381.9,326381.9,326692.2119827554,1.0,0.0,0.0,310.31198275537463,310.31198275537463
10770.0,309260.25,309260.25,326751.2060860538,1.0,0.0,0.0,17490.956086053804,17490.956086053804
10807.0,326547.0,326547.0,326798.1579681724,1.0,0.0,0.0,251.15796817239607,251.15796817239607
10811.0,326948.05,326948.05,326985.31554435065,1.0,0.0,0.0,37.26554435066646,37.26554435066646
10791.0,324837.5,324837.5,327130.99914351315,0.0,1.0,0.0,2293.4991435131524,2293.4991435131524
10820.0,327108.60000000003,327108.60000000003,327158.4264849989,1.0,0.0,0.0,49.826484998862725,49.826484998862725
10829.0,327278.9,327278.9,327320.5656770195,1.0,0.0,0.0,41.66567701945314,41.66567701945314
10794.0,325127.4,325127.4,327393.21992178535,3.0,0.0,0.0,2265.8199217853253,2265.8199217853253
10831.0,327305.55,327305.55,327497.55,0.0,0.0,0.0,192.0,192.0
10832.0,327455.05,327455.05,327514.05,0.0,0.0,0.0,59.0,59.0
10774.0,315887.0,315887.0,327570.71700439975,1.0,0.0,0.0,11683.717004399747,11683.717004399747
10834.0,327572.05,327572.05,327679.05,0.0,0.0,0.0,107.0,107.0
10835.0,327685.15,327685.15,327774.15,0.0,0.0,0.0,89.0,89.0
10793.0,325106.60000000003,325106.60000000003,327927.1516719224,1.0,1.0,0.0,2820.5516719223815,2820.5516719223815
10833.0,327496.65,327496.65,327941.65,0.0,0.0,0.0,445.0,445.0
10766.0,306423.65,306423.65,327998.31537167274,0.0,2.0,0.0,21574.665371672716,21574.665371672716
10836.0,327802.8,327802.8,328024.8,0.0,0.0,0.0,222.0,222.0
10814.0,326997.45,326997.45,328088.07854752714,1.0,0.0,0.0,1090.6285475271288,1090.6285475271288
10813.0,326976.0,326976.0,328114.7894392206,1.0,0.0,0.0,1138.7894392206217,1138.7894392206217
10812.0,326955.85000000003,326955.85000000003,328116.47789924353,1.0,0.0,0.0,1160.6278992434964,1160.6278992434964
10830.0,327297.10000000003,327297.10000000003,328165.10000000003,0.0,0.0,0.0,868.0,868.0
10816.0,327041.0,327041.0,328169.49288950616,1.0,0.0,0.0,1128.4928895061603,1128.4928895061603
10817.0,327064.4,327064.4,328171.2990795154,1.0,0.0,0.0,1106.8990795153659,1106.8990795153659
10837.0,327984.15,327984.15,328205.15,0.0,0.0,0.0,221.0,221.0
10824.0,327152.15,327152.15,328255.998157046,1.0,0.0,0.0,1103.8481570459553,1103.8481570459553
10838.0,328138.2,328138.2,328287.81513095764,1.0,0.0,0.0,149.61513095762348,149.61513095762348
10839.0,328240.25,328240.25,328301.1326027348,1.0,0.0,0.0,60.88260273478227,60.88260273478227
10840.0,328289.65,328289.65,328348.99223503907,3.0,0.0,0.0,59.3422350390465,59.3422350390465
10841.0,328337.10000000003,328337.10000000003,328390.10000000003,0.0,0.0,0.0,53.0,53.0
10842.0,328341.0,328341.0,328418.1282938808,1.0,1.0,0.0,77.12829388078535,77.12829388078535
10843.0,328428.75,328428.75,328494.4414329641,2.0,0.0,0.0,65.69143296411494,65.69143296411494
10826.0,327215.85000000003,327215.85000000003,329148.6233954184,2.0,1.0,0.0,1932.773395418364,1932.773395418364
10815.0,327027.35000000003,327027.35000000003,329248.66759819933,2.0,0.0,0.0,2221.317598199297,2221.317598199297
10818.0,327076.10000000003,327076.10000000003,329264.35303758405,1.0,0.0,0.0,2188.2530375840142,2188.2530375840142
10860.0,329191.2,329191.2,329313.2,0.0,0.0,0.0,122.0,122.0
10825.0,327182.05,327182.05,329418.86487009184,2.0,1.0,0.0,2236.8148700918537,2236.8148700918537
10821.0,327111.2,327111.2,329488.89618782216,1.0,0.0,0.0,2377.696187822148,2377.696187822148
10861.0,329407.0,329407.0,329490.09834028606,1.0,0.0,0.0,83.09834028605837,83.09834028605837
10862.0,329457.05,329457.05,329546.05,0.0,0.0,0.0,89.0,89.0
10822.0,327129.4,327129.4,329631.8609543595,1.0,1.0,0.0,2502.4609543594997,2502.4609543594997
10778.0,318914.05,318914.05,329767.16515600577,1.0,0.0,0.0,10853.115156005777,10853.115156005777
10828.0,327238.60000000003,327238.60000000003,329771.8870326063,1.0,2.0,0.0,2533.287032606255,2533.287032606255
10819.0,327089.10000000003,327089.10000000003,329787.10000000003,0.0,0.0,0.0,2698.0,2698.0
10810.0,326876.55,326876.55,329825.55,0.0,0.0,0.0,2949.0,2949.0
10865.0,329933.5,329933.5,330038.20963036764,1.0,2.0,0.0,104.70963036763715,104.70963036763715
10809.0,326859.0,326859.0,330089.0,0.0,0.0,0.0,3230.0,3230.0
10823.0,327139.15,327139.15,330156.86510503583,0.0,1.0,0.0,3017.715105035808,3017.715105035808
10867.0,330130.45,330130.45,330204.45,0.0,0.0,0.0,74.0,74.0
10864.0,329881.5,329881.5,330439.5924681056,1.0,0.0,0.0,558.0924681056058,558.0924681056058
10827.0,327224.3,327224.3,330440.8112198467,0.0,2.0,0.0,3216.511219846725,3216.511219846725
10782.0,322504.65,322504.65,330784.5716413762,1.0,0.0,0.0,8279.92164137616,8279.92164137616
10870.0,331350.5,331350.5,331437.94147085503,2.0,0.0,0.0,87.4414708550321,87.4414708550321
10871.0,331418.10000000003,331418.10000000003,331516.2858253396,1.0,0.0,0.0,98.1858253395767,98.1858253395767
10872.0,331513.0,331513.0,331601.88922523614,1.0,0.0,0.0,88.88922523614019,88.88922523614019
10873.0,331568.25,331568.25,331736.53986396955,1.0,0.0,0.0,168.2898639695486,168.2898639695486
10874.0,331716.45,331716.45,331805.1647127445,2.0,1.0,0.0,88.7147127444623,88.7147127444623
10779.0,319176.65,319176.65,331852.6727189925,1.0,0.0,0.0,12676.022718992492,12676.022718992492
10787.0,324364.3,324364.3,331914.1187870987,1.0,0.0,0.0,7549.818787098688,7549.818787098688
10786.0,324361.7,324361.7,332067.032960154,1.0,0.0,0.0,7705.332960153988,7705.332960153988
10877.0,332146.75,332146.75,332225.75,0.0,0.0,0.0,79.0,79.0
10878.0,332359.3,332359.3,332441.3,0.0,0.0,0.0,82.0,82.0
10879.0,332584.2,332584.2,332662.2,0.0,0.0,0.0,78.0,78.0
10850.0,328827.85000000003,328827.85000000003,332693.1377694599,1.0,0.0,0.0,3865.2877694598865,3865.2877694598865
10851.0,328845.4,328845.4,332701.71047903545,1.0,0.0,0.0,3856.3104790354264,3856.3104790354264
10852.0,328855.8,328855.8,332727.7490660999,1.0,0.0,0.0,3871.9490660998854,3871.9490660998854
10853.0,328863.60000000003,328863.60000000003,332749.58649911167,1.0,0.0,0.0,3885.9864991116337,3885.9864991116337
10856.0,328883.10000000003,328883.10000000003,332791.30864337616,1.0,0.0,0.0,3908.2086433761287,3908.2086433761287
10880.0,332821.45,332821.45,332892.58678580995,1.0,0.0,0.0,71.13678580994019,71.13678580994019
10517.0,232802.05,232802.05,332904.5788084626,0.0,1.0,0.0,100102.52880846261,100102.52880846261
10881.0,332887.75,332887.75,332959.8585613203,1.0,0.0,0.0,72.10856132028857,72.10856132028857
10882.0,332948.2,332948.2,333059.1221775164,1.0,0.0,0.0,110.92217751638964,110.92217751638964
10875.0,331816.55,331816.55,333106.37717358774,1.0,0.0,0.0,1289.8271735877497,1289.8271735877497
10884.0,333062.60000000003,333062.60000000003,333380.410340844,1.0,2.0,0.0,317.81034084397834,317.81034084397834
10886.0,334319.05,334319.05,334494.6898916587,0.0,1.0,0.0,175.639891658735,175.639891658735
10887.0,334400.3,334400.3,334496.98060210934,1.0,0.0,0.0,96.68060210935073,96.68060210935073
10888.0,334458.8,334458.8,334585.28285518533,1.0,0.0,0.0,126.48285518534249,126.48285518534249
10889.0,334540.05,334540.05,334660.8966078836,1.0,0.0,0.0,120.84660788363544,120.84660788363544
10890.0,334813.05,334813.05,334947.7932670579,1.0,1.0,0.0,134.7432670579292,134.7432670579292
10901.0,335130.25,335130.25,335190.38139228354,1.0,0.0,0.0,60.13139228353975,60.13139228353975
10906.0,335197.85000000003,335197.85000000003,335255.8126240505,1.0,0.0,0.0,57.96262405044399,57.96262405044399
10859.0,328901.95,328901.95,335386.4789723961,1.0,0.0,0.0,6484.528972396103,6484.528972396103
10910.0,335336.95,335336.95,335432.0747446228,1.0,0.0,0.0,95.12474462279351,95.12474462279351
10847.0,328797.3,328797.3,335499.80685591657,1.0,0.0,0.0,6702.506855916581,6702.506855916581
10911.0,335412.35000000003,335412.35000000003,335500.7102040955,1.0,0.0,0.0,88.36020409548655,88.36020409548655
10913.0,335552.10000000003,335552.10000000003,335629.22235992167,1.0,0.0,0.0,77.12235992163187,77.12235992163187
10916.0,335630.75,335630.75,335734.331590433,1.0,0.0,0.0,103.58159043302294,103.58159043302294
10858.0,328895.45,328895.45,335780.5988906228,2.0,0.0,0.0,6885.148890622775,6885.148890622775
10918.0,335715.25,335715.25,335824.25,0.0,0.0,0.0,109.0,109.0
10920.0,335947.95,335947.95,336036.6805633971,1.0,0.0,0.0,88.73056339711184,88.73056339711184
10921.0,336003.2,336003.2,336126.96302894456,1.0,0.0,0.0,123.76302894455148,123.76302894455148
10922.0,336064.3,336064.3,336182.11755689787,0.0,2.0,0.0,117.81755689787678,117.81755689787678
10924.0,336202.10000000003,336202.10000000003,336279.2950164269,1.0,0.0,0.0,77.19501642684918,77.19501642684918
10849.0,328817.45,328817.45,336304.06318995217,2.0,0.0,0.0,7486.613189952157,7486.613189952157
10923.0,336159.2,336159.2,336312.9894859795,2.0,0.0,0.0,153.789485979476,153.789485979476
10845.0,328784.3,328784.3,336316.28669602924,3.0,0.0,0.0,7531.986696029257,7531.986696029257
10926.0,336492.0,336492.0,336611.01730184606,3.0,0.0,0.0,119.01730184606276,119.01730184606276
10927.0,336559.60000000003,336559.60000000003,336666.8061220239,1.0,0.0,0.0,107.20612202386837,107.20612202386837
10928.0,336633.7,336633.7,336748.7,0.0,0.0,0.0,115.0,115.0
10844.0,328775.85000000003,328775.85000000003,336791.71887180815,2.0,0.0,0.0,8015.86887180811,8015.86887180811
10848.0,328810.95,328810.95,336811.3779709478,2.0,0.0,0.0,8000.427970947814,8000.427970947814
10929.0,336779.3,336779.3,336863.7704740799,2.0,1.0,0.0,84.47047407989157,84.47047407989157
10854.0,328871.4,328871.4,336874.8821072259,2.0,0.0,0.0,8003.482107225864,8003.482107225864
10855.0,328877.9,328877.9,336976.93179923546,1.0,0.0,0.0,8099.031799235439,8099.031799235439
10781.0,320829.60000000003,320829.60000000003,337013.29914698395,2.0,0.0,0.0,16183.699146983912,16183.699146983912
10857.0,328889.60000000003,328889.60000000003,337495.995615833,1.0,0.0,0.0,8606.395615832938,8606.395615832938
10930.0,337589.2,337589.2,337647.54951139103,1.0,0.0,0.0,58.349511391017586,58.349511391017586
10931.0,337593.10000000003,337593.10000000003,337719.10000000003,0.0,0.0,0.0,126.0,126.0
10932.0,338189.8,338189.8,338228.3911996076,1.0,0.0,0.0,38.59119960758835,38.59119960758835
10769.0,307383.7,307383.7,338316.83610205457,1.0,2.0,0.0,30933.13610205456,30933.13610205456
10934.0,338536.9,338536.9,338711.49191576755,1.0,1.0,0.0,174.59191576752346,174.59191576752346
10846.0,328790.8,328790.8,338859.04541234364,1.0,2.0,0.0,10068.245412343647,10068.245412343647
10571.0,268633.3,268633.3,339227.59231546207,1.0,1.0,0.0,70594.29231546208,70594.29231546208
10935.0,338679.25,338679.25,339496.5471559169,2.0,0.0,0.0,817.2971559169237,817.2971559169237
10936.0,339450.15,339450.15,339584.29835387436,1.0,0.0,0.0,134.14835387433413,134.14835387433413
10869.0,331030.05,331030.05,339587.6263161937,1.0,0.0,0.0,8557.576316193736,8557.576316193736
10543.0,246179.7,246179.7,339861.1985253607,1.0,1.0,0.0,93681.49852536072,93681.49852536072
10938.0,339852.5,339852.5,339917.4337778701,0.0,1.0,0.0,64.93377787008649,64.93377787008649
10941.0,339974.7,339974.7,340010.31325611804,1.0,0.0,0.0,35.61325611802749,35.61325611802749
10940.0,339951.3,339951.3,340012.6923858076,1.0,1.0,0.0,61.392385807586834,61.392385807586834
10942.0,339993.55,339993.55,340048.36750636797,1.0,0.0,0.0,54.81750636798097,54.81750636798097
10939.0,339876.55,339876.55,340166.55665813707,1.0,0.0,0.0,290.00665813707747,290.00665813707747
10943.0,340063.10000000003,340063.10000000003,340167.3925473511,1.0,0.0,0.0,104.29254735104041,104.29254735104041
10944.0,340135.25,340135.25,340270.25,0.0,0.0,0.0,135.0,135.0
10946.0,340576.60000000003,340576.60000000003,340637.63683025027,1.0,0.0,0.0,61.036830250232015,61.036830250232015
10948.0,340720.9,340720.9,340807.9,0.0,0.0,0.0,87.0,87.0
10949.0,340750.15,340750.15,340830.15,0.0,0.0,0.0,80.0,80.0
10950.0,340776.8,340776.8,340848.8,0.0,0.0,0.0,72.0,72.0
10951.0,341054.35000000003,341054.35000000003,341159.35000000003,0.0,0.0,0.0,105.0,105.0
10952.0,341151.85000000003,341151.85000000003,341207.43922658096,1.0,0.0,0.0,55.58922658092342,55.58922658092342
10954.0,341233.75,341233.75,341320.75,0.0,0.0,0.0,87.0,87.0
10955.0,341290.3,341290.3,341342.3,0.0,0.0,0.0,52.0,52.0
10953.0,341206.45,341206.45,341351.45,0.0,0.0,0.0,145.0,145.0
10956.0,341328.0,341328.0,341364.9666874918,1.0,0.0,0.0,36.966687491803896,36.966687491803896
10958.0,341388.45,341388.45,341469.45,0.0,0.0,0.0,81.0,81.0
10959.0,341443.7,341443.7,341515.7,0.0,0.0,0.0,72.0,72.0
10957.0,341383.25,341383.25,341524.25,0.0,0.0,0.0,141.0,141.0
10960.0,341490.5,341490.5,341649.53719766275,1.0,0.0,0.0,159.03719766275026,159.03719766275026
10961.0,341625.7,341625.7,341707.7,0.0,0.0,0.0,82.0,82.0
10962.0,341725.8,341725.8,341765.81755623675,1.0,0.0,0.0,40.01755623676581,40.01755623676581
10964.0,341773.9,341773.9,341842.9,0.0,0.0,0.0,69.0,69.0
10963.0,341751.15,341751.15,341849.15,0.0,0.0,0.0,98.0,98.0
10965.0,341831.10000000003,341831.10000000003,341867.621956378,1.0,0.0,0.0,36.52195637795376,36.52195637795376
10966.0,341844.10000000003,341844.10000000003,341891.10000000003,0.0,0.0,0.0,47.0,47.0
10967.0,341870.75,341870.75,341922.3962571056,1.0,0.0,0.0,51.64625710557448,51.64625710557448
10969.0,341931.2,341931.2,342020.2,0.0,0.0,0.0,89.0,89.0
10971.0,342232.15,342232.15,342336.80383819604,1.0,0.0,0.0,104.65383819601266,104.65383819601266
10972.0,342327.05,342327.05,342443.05,0.0,0.0,0.0,116.0,116.0
10968.0,341911.05,341911.05,342445.05,0.0,0.0,0.0,534.0,534.0
10973.0,342478.5,342478.5,342570.4821830123,2.0,0.0,0.0,91.98218301229645,91.98218301229645
10893.0,334961.9,334961.9,342693.58785850625,1.0,0.0,0.0,7731.687858506222,7731.687858506222
10978.0,343080.4,343080.4,343129.04060303664,1.0,0.0,0.0,48.64060303661972,48.64060303661972
10979.0,343088.85000000003,343088.85000000003,343157.03573580424,2.0,0.0,0.0,68.18573580420343,68.18573580420343
10907.0,335216.7,335216.7,343184.3877999968,1.0,0.0,0.0,7967.687799996813,7967.687799996813
10984.0,343268.25,343268.25,343306.1815813474,1.0,0.0,0.0,37.93158134742407,37.93158134742407
10789.0,324369.5,324369.5,343391.5,0.0,0.0,0.0,19022.0,19022.0
10974.0,342527.9,342527.9,343443.10940081923,1.0,0.0,0.0,915.2094008192071,915.2094008192071
10976.0,342825.60000000003,342825.60000000003,343657.43818454054,1.0,0.0,0.0,831.8381845405092,831.8381845405092
10977.0,342907.5,342907.5,343784.7754779347,1.0,0.0,0.0,877.2754779346869,877.2754779346869
10947.0,340650.05,340650.05,343800.05,0.0,0.0,0.0,3150.0,3150.0
10970.0,342223.05,342223.05,343915.5765624174,1.0,0.0,0.0,1692.5265624173917,1692.5265624173917
10999.0,343801.25,343801.25,343933.25,0.0,0.0,0.0,132.0,132.0
10917.0,335703.55,335703.55,343946.428945538,1.0,0.0,0.0,8242.878945538017,8242.878945538017
10985.0,343281.9,343281.9,344091.39660480374,1.0,0.0,0.0,809.4966048037168,809.4966048037168
11000.0,343974.15,343974.15,344102.5917529442,2.0,0.0,0.0,128.44175294419983,128.44175294419983
10788.0,324367.55,324367.55,344246.6923753567,0.0,1.0,0.0,19879.142375356692,19879.142375356692
10988.0,343427.5,343427.5,344253.1725165864,1.0,0.0,0.0,825.6725165863754,825.6725165863754
10997.0,343738.85000000003,343738.85000000003,344279.0347248461,2.0,0.0,0.0,540.1847248460399,540.1847248460399
10986.0,343338.45,343338.45,344293.3124521969,1.0,0.0,0.0,954.8624521968886,954.8624521968886
10768.0,306713.55,306713.55,344351.2826492594,1.0,0.0,0.0,37637.732649259386,37637.732649259386
10975.0,342739.8,342739.8,344362.9911615106,2.0,1.0,0.0,1623.1911615105928,1623.1911615105928
11010.0,344305.0,344305.0,344387.96784174396,1.0,0.0,0.0,82.96784174395725,82.96784174395725
10991.0,343650.45,343650.45,344436.4215133791,1.0,0.0,0.0,785.9715133790742,785.9715133790742
10996.0,343719.35000000003,343719.35000000003,344495.6142715058,1.0,0.0,0.0,776.2642715057591,776.2642715057591
11003.0,344221.15,344221.15,344500.41046071454,1.0,0.0,0.0,279.26046071451856,279.26046071451856
10937.0,339788.15,339788.15,344507.619911837,1.0,0.0,0.0,4719.469911836961,4719.469911836961
11008.0,344301.75,344301.75,344551.6631949258,1.0,0.0,0.0,249.91319492581533,249.91319492581533
11006.0,344287.45,344287.45,344562.43992841634,1.0,0.0,0.0,274.9899284163257,274.9899284163257
10998.0,343781.10000000003,343781.10000000003,344568.46076034877,1.0,0.0,0.0,787.3607603487326,787.3607603487326
11007.0,344298.5,344298.5,344572.62570172787,1.0,0.0,0.0,274.12570172786945,274.12570172786945
10783.0,322658.7,322658.7,344595.5876125283,1.0,2.0,0.0,21936.887612528284,21936.887612528284
11005.0,344285.5,344285.5,344714.26055553264,1.0,0.0,0.0,428.7605555326445,428.7605555326445
11009.0,344303.05,344303.05,344721.8655594036,1.0,0.0,0.0,418.8155594036216,418.8155594036216
11011.0,344318.65,344318.65,344742.6084022038,1.0,0.0,0.0,423.9584022038034,423.9584022038034
11004.0,344283.55,344283.55,344793.24286035815,1.0,0.0,0.0,509.69286035816185,509.69286035816185
10981.0,343198.7,343198.7,344880.05010820203,2.0,1.0,0.0,1681.350108202023,1681.350108202023
10909.0,335268.05,335268.05,344895.3002488837,1.0,0.0,0.0,9627.250248883734,9627.250248883734
10987.0,343358.60000000003,343358.60000000003,345000.6236859843,1.0,0.0,0.0,1642.0236859842553,1642.0236859842553
10989.0,343506.15,343506.15,345023.4344101933,2.0,0.0,0.0,1517.2844101932715,1517.2844101932715
10912.0,335475.4,335475.4,345129.3740381331,1.0,0.0,0.0,9653.974038133048,9653.974038133048
11013.0,344687.2,344687.2,345203.688938912,2.0,0.0,0.0,516.4889389119926,516.4889389119926
10945.0,340304.25,340304.25,345214.25,0.0,0.0,0.0,4910.0,4910.0
10990.0,343577.65,343577.65,345246.28093272157,2.0,0.0,0.0,1668.6309327215422,1668.6309327215422
11017.0,345410.0,345410.0,345458.1572055443,1.0,0.0,0.0,48.15720554429572,48.15720554429572
10780.0,320670.35000000003,320670.35000000003,345515.115162015,0.0,1.0,0.0,24844.765162014985,24844.765162014985
11019.0,345470.45,345470.45,345618.580321237,2.0,0.0,0.0,148.13032123696757,148.13032123696757
10863.0,329832.10000000003,329832.10000000003,345731.10000000003,0.0,0.0,0.0,15899.0,15899.0
11012.0,344321.9,344321.9,346235.41219677636,2.0,1.0,0.0,1913.5121967763407,1913.5121967763407
10925.0,336249.55,336249.55,347008.1158748214,1.0,0.0,0.0,10758.56587482139,10758.56587482139
11023.0,347043.45,347043.45,347103.45,0.0,0.0,0.0,60.0,60.0
11024.0,347347.0,347347.0,347395.2452377687,1.0,0.0,0.0,48.24523776868591,48.24523776868591
11025.0,347462.7,347462.7,347512.24142746016,2.0,0.0,0.0,49.54142746014986,49.54142746014986
10905.0,335191.35000000003,335191.35000000003,347591.88101050135,1.0,0.0,0.0,12400.53101050132,12400.53101050132
10898.0,335050.3,335050.3,347607.0453319215,1.0,0.0,0.0,12556.745331921498,12556.745331921498
11026.0,347663.55,347663.55,347716.9067427435,1.0,0.0,0.0,53.356742743519135,53.356742743519135
11027.0,347721.4,347721.4,347767.53786729684,2.0,0.0,0.0,46.137867296813056,46.137867296813056
10915.0,335604.75,335604.75,347808.6334148232,2.0,0.0,0.0,12203.883414823213,12203.883414823213
11014.0,344719.05,344719.05,348246.94112978526,1.0,0.0,0.0,3527.8911297852756,3527.8911297852756
10903.0,335151.7,335151.7,348380.9811221777,2.0,0.0,0.0,13229.281122177665,13229.281122177665
11030.0,349077.3,349077.3,349214.4892543537,3.0,0.0,0.0,137.18925435369601,137.18925435369601
10868.0,330973.5,330973.5,349238.99766310863,1.0,0.0,0.0,18265.497663108632,18265.497663108632
10894.0,334974.25,334974.25,349436.00912748394,1.0,1.0,0.0,14461.759127483936,14461.759127483936
10908.0,335241.4,335241.4,349665.1455458318,2.0,1.0,0.0,14423.7455458318,14423.7455458318
10697.0,288590.9,288634.13839764346,350849.5476149329,2.0,0.0,0.0006949789157927771,62258.64761493285,62215.409217289416
10896.0,335012.60000000003,335012.60000000003,352377.7837399457,1.0,0.0,0.0,17365.18373994564,17365.18373994564
10982.0,343244.2,343244.2,352486.0099521641,1.0,0.0,0.0,9241.809952164069,9241.809952164069
10900.0,335113.35000000003,335113.35000000003,352490.5863382122,1.0,0.0,0.0,17377.236338212155,17377.236338212155
11021.0,346357.05,346357.05,352507.7505112892,1.0,1.0,0.0,6150.700511289237,6150.700511289237
11002.0,344189.3,344189.3,353156.3145417314,1.0,0.0,0.0,8967.01454173139,8967.01454173139
11022.0,346409.7,346409.7,353392.718012674,1.0,0.0,0.0,6983.0180126740015,6983.0180126740015
11037.0,353377.7,353377.7,353494.9528091506,1.0,0.0,0.0,117.25280915061012,117.25280915061012
10919.0,335882.95,335882.95,353513.33702587424,1.0,0.0,0.0,17630.387025874224,17630.387025874224
11038.0,353460.9,353460.9,353617.9516775557,1.0,1.0,0.0,157.05167755566072,157.05167755566072
11039.0,353548.0,353548.0,353697.39833757316,2.0,0.0,0.0,149.39833757316228,149.39833757316228
11016.0,345409.35000000003,345409.35000000003,353767.877279576,1.0,0.0,0.0,8358.527279575937,8358.527279575937
10808.0,326597.7,326597.7,355467.7,0.0,0.0,0.0,28870.0,28870.0
11020.0,345681.05,345681.05,355604.7302082418,2.0,1.0,0.0,9923.6802082418,9923.6802082418
10883.0,332960.55,332960.55,355902.43752723007,1.0,0.0,0.0,22941.88752723008,22941.88752723008
11031.0,349124.10000000003,349124.10000000003,357345.13766472257,1.0,0.0,0.0,8221.037664722535,8221.037664722535
11041.0,357256.25,357256.25,357408.7177080995,2.0,0.0,0.0,152.46770809951704,152.46770809951704
10866.0,330071.95,330071.95,357458.6723644005,1.0,2.0,0.0,27386.722364400513,27386.722364400513
10994.0,343661.5,343661.5,357992.6979848113,2.0,1.0,0.0,14331.197984811326,14331.197984811326
10995.0,343663.45,343663.45,358131.5846794568,1.0,0.0,0.0,14468.134679456765,14468.134679456765
10992.0,343656.95,343656.95,358404.2168033046,2.0,0.0,0.0,14747.266803304607,14747.266803304607
10885.0,333269.95,333269.95,358629.7186104813,1.0,1.0,0.0,25359.76861048129,25359.76861048129
11035.0,350756.25,350756.25,360487.7880530859,1.0,0.0,0.0,9731.538053085911,9731.538053085911
10897.0,335030.8,335030.8,360629.5809295997,2.0,1.0,0.0,25598.780929599714,25598.780929599714
11001.0,344083.35000000003,344083.35000000003,361396.5089574003,2.0,0.0,0.0,17313.158957400243,17313.158957400243
11018.0,345420.4,345420.4,361865.2343646515,2.0,1.0,0.0,16444.83436465147,16444.83436465147
10610.0,275550.60000000003,275550.60000000003,362361.60000000003,0.0,0.0,0.0,86811.0,86811.0
10933.0,338191.75,338191.75,363482.70070126187,1.0,0.0,0.0,25290.95070126187,25290.95070126187
10993.0,343659.55,343659.55,364011.60878133046,0.0,1.0,0.0,20352.058781330474,20352.058781330474
11047.0,364194.35,364194.35,364329.8397456103,1.0,0.0,0.0,135.48974561033538,135.48974561033538
11048.0,364279.5,364279.5,364401.9123708982,1.0,0.0,0.0,122.41237089817878,122.41237089817878
11049.0,364364.65,364364.65,364559.382287819,2.0,1.0,0.0,194.73228781897342,194.73228781897342
10980.0,343131.75,343131.75,365583.8007456969,1.0,0.0,0.0,22452.050745696877,22452.050745696877
10983.0,343252.65,343252.65,366093.24351776583,1.0,0.0,0.0,22840.59351776581,22840.59351776581
11029.0,349001.25,349001.25,367189.0087994789,1.0,0.0,0.0,18187.758799478877,18187.758799478877
10891.0,334923.55,334923.55,368754.8451576983,2.0,0.0,0.0,33831.29515769833,33831.29515769833
11043.0,358913.75,358913.75,369222.1768985403,1.0,0.0,0.0,10308.426898540289,10308.426898540289
11036.0,351000.65,351000.65,369286.3901182323,2.0,1.0,0.0,18285.740118232265,18285.740118232265
11015.0,345311.85000000003,345311.85000000003,369449.22069187893,1.0,1.0,0.0,24137.370691878896,24137.370691878896
11045.0,362215.1,362215.1,370551.75563249545,1.0,0.0,0.0,8336.655632495473,8336.655632495473
10895.0,334997.0,334997.0,371290.08505385515,1.0,0.0,0.0,36293.085053855146,36293.085053855146
11046.0,362360.7,362360.7,371683.38217334985,1.0,0.0,0.0,9322.682173349836,9322.682173349836
10904.0,335168.60000000003,335168.60000000003,372457.88375894306,1.0,0.0,0.0,37289.28375894303,37289.28375894303
11032.0,349164.4,349164.4,372508.4195815513,2.0,1.0,0.0,23344.019581551256,23344.019581551256
10899.0,335087.35000000003,335087.35000000003,372880.678457473,2.0,1.0,0.0,37793.32845747296,37793.32845747296
11033.0,350245.35000000003,350245.35000000003,373328.00101406616,1.0,1.0,0.0,23082.651014066127,23082.651014066127
11040.0,353629.25,353629.25,375386.7045837099,2.0,1.0,0.0,21757.454583709885,21757.454583709885
11052.0,366239.25,366239.25,375794.86126798124,1.0,0.0,0.0,9555.611267981236,9555.611267981236
11061.0,376141.35,376141.35,376262.3664166258,1.0,0.0,0.0,121.01641662581824,121.01641662581824
11062.0,376225.85,376225.85,376342.3351950356,1.0,0.0,0.0,116.48519503563875,116.48519503563875
11063.0,376306.45,376306.45,376454.062230623,1.0,0.0,0.0,147.6122306229663,147.6122306229663
11064.0,376390.3,376390.3,376510.8629434699,1.0,0.0,0.0,120.56294346990762,120.56294346990762
11051.0,366065.05,366065.05,376658.4872647396,1.0,0.0,0.0,10593.437264739594,10593.437264739594
11050.0,364447.85,364447.85,377208.0039773352,1.0,0.0,0.0,12760.153977335198,12760.153977335198
11044.0,358913.75,358913.75,379270.18118579296,2.0,1.0,0.0,20356.431185792957,20356.431185792957
11034.0,350556.7,350556.7,379314.1817476513,1.0,2.0,0.0,28757.481747651298,28757.481747651298
11066.0,379711.8,379711.8,379799.82732956955,1.0,0.0,0.0,88.02732956956606,88.02732956956606
11067.0,379716.35,379716.35,379800.97639777616,2.0,0.0,0.0,84.6263977761846,84.6263977761846
11068.0,379720.25,379720.25,379832.2427628932,2.0,0.0,0.0,111.99276289320551,111.99276289320551
10892.0,334943.7,334943.7,380223.92345216736,1.0,2.0,0.0,45280.22345216735,45280.22345216735
11072.0,380268.85,380268.85,380314.7926239501,1.0,0.0,0.0,45.942623950133566,45.942623950133566
11075.0,380352.05,380352.05,380412.05,0.0,0.0,0.0,60.0,60.0
11055.0,368046.25,368046.25,380545.4998989238,1.0,0.0,0.0,12499.249898923794,12499.249898923794
11057.0,372351.85,372351.85,380811.4786740101,1.0,0.0,0.0,8459.628674010106,8459.628674010106
11042.0,357343.3500000001,357343.3500000001,381381.1782918743,1.0,0.0,0.0,24037.828291874204,24037.828291874204
11077.0,381257.5,381257.5,381398.6438353337,1.0,0.0,0.0,141.14383533369983,141.14383533369983
10902.0,335135.45,335135.45,381548.89638541994,0.0,1.0,0.0,46413.44638541993,46413.44638541993
11078.0,381375.8,381375.8,381895.91417462623,1.0,0.0,0.0,520.1141746262438,520.1141746262438
11058.0,372422.7,372422.7,382716.2752934984,1.0,0.0,0.0,10293.575293498405,10293.575293498405
11076.0,380622.45,380622.45,382865.39501826395,3.0,0.0,0.0,2242.945018263941,2242.945018263941
11053.0,366488.2,366488.2,383418.7717542593,2.0,0.0,0.0,16930.57175425929,16930.57175425929
11093.0,383430.45,383430.45,383497.45,0.0,0.0,0.0,67.0,67.0
11094.0,383462.3,383462.3,383515.4728875986,1.0,0.0,0.0,53.17288759863004,53.17288759863004
11097.0,383548.75,383548.75,383603.8046457375,2.0,0.0,0.0,55.054645737516694,55.054645737516694
11099.0,383581.9,383581.9,383673.003449483,2.0,0.0,0.0,91.10344948299462,91.10344948299462
11098.0,383559.8,383559.8,383673.25911838916,2.0,1.0,0.0,113.45911838917527,113.45911838917527
11096.0,383545.5,383545.5,383688.95105339476,2.0,0.0,0.0,143.4510533947614,143.4510533947614
11104.0,383908.2,383908.2,383997.2,0.0,0.0,0.0,89.0,89.0
11102.0,383763.25,383763.25,384016.6142112587,1.0,0.0,0.0,253.3642112587113,253.3642112587113
11105.0,383941.35,383941.35,384022.35,0.0,0.0,0.0,81.0,81.0
11060.0,375647.35,375647.35,384113.27720230265,1.0,0.0,0.0,8465.927202302672,8465.927202302672
11101.0,383751.55,383751.55,384131.2720960288,2.0,0.0,0.0,379.72209602879593,379.72209602879593
11106.0,384072.65,384072.65,384140.65,0.0,0.0,0.0,68.0,68.0
11103.0,383844.5,383844.5,384160.5,0.0,0.0,0.0,316.0,316.0
11100.0,383641.05,383641.05,384180.4033277466,1.0,0.0,0.0,539.3533277466195,539.3533277466195
11085.0,382983.25,382983.25,384555.38807204127,1.0,0.0,0.0,1572.1380720412708,1572.1380720412708
11086.0,383000.15,383000.15,384563.86652134516,1.0,0.0,0.0,1563.7165213451372,1563.7165213451372
11088.0,383021.6,383021.6,384594.06241679424,1.0,0.0,0.0,1572.4624167942675,1572.4624167942675
11089.0,383043.7,383043.7,384609.28733450035,1.0,0.0,0.0,1565.5873345003347,1565.5873345003347
11107.0,384695.35,384695.35,384845.92272273265,1.0,0.0,0.0,150.57272273267154,150.57272273267154
11108.0,384813.0,384813.0,384876.6729169029,1.0,0.0,0.0,63.67291690292768,63.67291690292768
11109.0,384823.4,384823.4,384880.345747048,1.0,0.0,0.0,56.94574704795377,56.94574704795377
11111.0,384914.4,384914.4,385015.4,0.0,0.0,0.0,101.0,101.0
11110.0,384844.85,384844.85,385200.85,0.0,0.0,0.0,356.0,356.0
10914.0,335581.35000000003,335581.35000000003,385647.74065710115,1.0,0.0,0.0,50066.39065710112,50066.39065710112
11129.0,385589.1,385589.1,385669.74698523246,1.0,0.0,0.0,80.6469852324808,80.6469852324808
11084.0,382970.9,382970.9,385780.66103664896,2.0,0.0,0.0,2809.761036648939,2809.761036648939
11083.0,382255.9,382255.9,386205.26160732063,2.0,1.0,0.0,3949.3616073206067,3949.3616073206067
11090.0,383064.5,383064.5,386317.29246028897,1.0,0.0,0.0,3252.792460288969,3252.792460288969
11082.0,382253.3,382253.3,386612.4426560674,1.0,1.0,0.0,4359.142656067386,4359.142656067386
11081.0,382057.65,382057.65,386944.7084003591,2.0,1.0,0.0,4887.058400359063,4887.058400359063
11113.0,385196.5,385196.5,387294.65941557544,1.0,0.0,0.0,2098.159415575443,2098.159415575443
11112.0,385026.85,385026.85,388175.68820749136,1.0,0.0,0.0,3148.8382074913825,3148.8382074913825
11114.0,385202.35,385202.35,388182.8486762552,1.0,0.0,0.0,2980.498676255229,2980.498676255229
11119.0,385475.35,385475.35,388934.0838434994,1.0,0.0,0.0,3458.7338434994454,3458.7338434994454
11122.0,385502.0,385502.0,388948.0256019116,1.0,0.0,0.0,3446.0256019115914,3446.0256019115914
11123.0,385507.85,385507.85,388950.13552139193,1.0,0.0,0.0,3442.285521391954,3442.285521391954
11121.0,385487.05,385487.05,388952.9220384312,1.0,0.0,0.0,3465.872038431233,3465.872038431233
11125.0,385522.8,385522.8,388956.3699384747,1.0,0.0,0.0,3433.569938474684,3433.569938474684
11126.0,385530.6,385530.6,388958.6245489286,1.0,0.0,0.0,3428.0245489286026,3428.0245489286026
11127.0,385538.4,385538.4,388961.0222140605,1.0,0.0,0.0,3422.6222140604514,3422.6222140604514
11054.0,367671.85,367671.85,389434.2690182123,1.0,0.0,0.0,21762.4190182123,21762.4190182123
11139.0,389636.65,389636.65,390046.481252978,1.0,0.0,0.0,409.8312529779505,409.8312529779505
11140.0,390031.85,390031.85,390093.6647723822,2.0,1.0,0.0,61.814772382203955,61.814772382203955
11141.0,390117.0,390117.0,390179.4929915984,2.0,0.0,0.0,62.492991598381195,62.492991598381195
11056.0,370751.55,370751.55,391002.34936411015,3.0,0.0,0.0,20250.799364110164,20250.799364110164
11144.0,390938.6,390938.6,391020.6777974323,1.0,0.0,0.0,82.07779743231367,82.07779743231367
11059.0,375516.05,375516.05,391034.1061487527,2.0,0.0,0.0,15518.056148752687,15518.056148752687
11145.0,390959.4,390959.4,391066.56475514587,1.0,0.0,0.0,107.16475514584454,107.16475514584454
11079.0,381420.0,381420.0,391148.74622453324,1.0,0.0,0.0,9728.746224533243,9728.746224533243
11142.0,390182.65,390182.65,391286.7456520319,1.0,0.0,0.0,1104.0956520318869,1104.0956520318869
11080.0,381672.2,381672.2,391457.72742468247,1.0,0.0,0.0,9785.527424682456,9785.527424682456
11143.0,390848.9,390848.9,391610.18991971674,1.0,0.0,0.0,761.2899197167135,761.2899197167135
11149.0,391953.25,391953.25,392025.32137121406,1.0,0.0,0.0,72.07137121405685,72.07137121405685
11150.0,391974.05,391974.05,392053.98370522493,1.0,0.0,0.0,79.9337052249466,79.9337052249466
11151.0,391997.45,391997.45,392061.8094453396,1.0,0.0,0.0,64.35944533959264,64.35944533959264
11148.0,391925.95,391925.95,392104.44666985,2.0,0.0,0.0,178.49666984996293,178.49666984996293
11134.0,387546.25,387546.25,392252.09408388066,1.0,2.0,0.0,4705.844083880656,4705.844083880656
11120.0,385481.2,385481.2,392644.99088234216,2.0,0.0,0.0,7163.790882342146,7163.790882342146
11128.0,385544.9,385544.9,392649.4208897788,2.0,0.0,0.0,7104.520889778796,7104.520889778796
11117.0,385464.3,385464.3,392712.57013673615,2.0,0.0,0.0,7248.270136736159,7248.270136736159
11169.0,392652.65,392652.65,392714.8357058771,2.0,1.0,0.0,62.18570587708382,62.18570587708382
11118.0,385471.45,385471.45,392720.5480028981,3.0,0.0,0.0,7249.098002898099,7249.098002898099
11170.0,392782.0,392782.0,392814.3947615619,1.0,0.0,0.0,32.39476156188175,32.39476156188175
11091.0,383080.1,383080.1,393619.3823630821,2.0,0.0,0.0,10539.282363082108,10539.282363082108
11171.0,393450.85,393450.85,393807.85,0.0,0.0,0.0,357.0,357.0
11154.0,392036.45,392036.45,393957.9569897273,1.0,0.0,0.0,1921.5069897272624,1921.5069897272624
11156.0,392061.8,392061.8,393966.7294692907,1.0,0.0,0.0,1904.9294692907133,1904.9294692907133
11157.0,392080.0,392080.0,393977.37619830744,1.0,0.0,0.0,1897.3761983074364,1897.3761983074364
11161.0,392173.6,392173.6,394001.09116944164,1.0,0.0,0.0,1827.491169441666,1827.491169441666
11162.0,392187.9,392187.9,394012.6881269476,1.0,0.0,0.0,1824.788126947591,1824.788126947591
11163.0,392202.85,392202.85,394018.9372327573,1.0,0.0,0.0,1816.0872327573015,1816.0872327573015
11124.0,385515.65,385515.65,394023.784874283,1.0,1.0,0.0,8508.134874282987,8508.134874282987
11166.0,392278.25,392278.25,394047.83328879165,1.0,0.0,0.0,1769.5832887916476,1769.5832887916476
11168.0,392307.5,392307.5,394259.6899726119,1.0,0.0,0.0,1952.1899726119009,1952.1899726119009
11132.0,385931.0,385931.0,394314.9551796875,1.0,0.0,0.0,8383.955179687473,8383.955179687473
11147.0,391296.1,391296.1,394320.55176775396,2.0,0.0,0.0,3024.4517677539843,3024.4517677539843
11172.0,394260.75,394260.75,395149.7951674492,1.0,1.0,0.0,889.0451674492215,889.0451674492215
11095.0,383474.65,383474.65,395289.15026710706,1.0,0.0,0.0,11814.50026710704,11814.50026710704
11176.0,395246.15,395246.15,395289.8042419898,1.0,0.0,0.0,43.654241989774164,43.654241989774164
11153.0,392020.2,392020.2,395328.983138241,3.0,0.0,0.0,3308.7831382409786,3308.7831382409786
11184.0,395325.45,395325.45,395398.39274918666,1.0,0.0,0.0,72.94274918665178,72.94274918665178
11092.0,383118.45,383118.45,395402.45,0.0,0.0,0.0,12284.0,12284.0
11175.0,395240.3,395240.3,395423.7651961085,1.0,0.0,0.0,183.46519610850373,183.46519610850373
11164.0,392221.05,392221.05,395562.7859580419,2.0,0.0,0.0,3341.7359580419143,3341.7359580419143
11160.0,392145.65,392145.65,395730.67510284303,2.0,0.0,0.0,3585.0251028430066,3585.0251028430066
11155.0,392050.75,392050.75,395773.5438932888,2.0,1.0,0.0,3722.793893288821,3722.793893288821
11190.0,395597.15,395597.15,395829.15,0.0,0.0,0.0,232.0,232.0
11189.0,395437.25,395437.25,395852.3805453754,2.0,0.0,0.0,415.130545375403,415.130545375403
11158.0,392102.75,392102.75,396054.24479208805,1.0,0.0,0.0,3951.4947920880513,3951.4947920880513
11167.0,392291.25,392291.25,396057.10588374385,2.0,0.0,0.0,3765.855883743847,3765.855883743847
11159.0,392128.1,392128.1,396420.2476473245,2.0,1.0,0.0,4292.147647324542,4292.147647324542
11130.0,385590.4,385590.4,396502.5921330168,1.0,0.0,0.0,10912.192133016768,10912.192133016768
11165.0,392258.75,392258.75,397269.4449569842,0.0,1.0,0.0,5010.694956984196,5010.694956984196
11193.0,396973.85,396973.85,397404.7831173409,1.0,0.0,0.0,430.93311734090094,430.93311734090094
11192.0,396904.3,396904.3,397670.27641108626,1.0,0.0,0.0,765.9764110862743,765.9764110862743
11065.0,376474.8,376474.8,398861.54173280275,2.0,0.0,0.0,22386.741732802766,22386.741732802766
11197.0,400046.4,400046.4,400156.3179619581,1.0,0.0,0.0,109.9179619580973,109.9179619580973
11198.0,400123.75,400123.75,400279.6314005264,1.0,1.0,0.0,155.88140052638482,155.88140052638482
11146.0,391157.0,391157.0,401015.3033888082,1.0,0.0,0.0,9858.303388808214,9858.303388808214
10876.0,331935.5,331935.5,403067.64096625714,2.0,0.0,0.0,71132.14096625714,71132.14096625714
11131.0,385838.05,385838.05,403139.0919300548,1.0,2.0,0.0,17301.04193005484,17301.04193005484
11133.0,386049.95,386049.95,404040.2216902319,1.0,0.0,0.0,17990.271690231864,17990.271690231864
11137.0,388714.3,388714.3,405734.50364834943,1.0,0.0,0.0,17020.203648349445,17020.203648349445
11179.0,395288.4,395288.4,406069.84285584715,1.0,0.0,0.0,10781.442855847126,10781.442855847126
11178.0,395277.35,395277.35,406075.4434443469,1.0,0.0,0.0,10798.093444346916,10798.093444346916
11177.0,395261.1,395261.1,406087.5311665663,1.0,0.0,0.0,10826.431166566326,10826.431166566326
11181.0,395308.55,395308.55,406090.9690319409,1.0,0.0,0.0,10782.419031940924,10782.419031940924
11183.0,395322.2,395322.2,406093.1276307174,1.0,0.0,0.0,10770.9276307174,10770.9276307174
11185.0,395330.65,395330.65,406114.38832628727,1.0,0.0,0.0,10783.738326287246,10783.738326287246
11186.0,395337.8,395337.8,406133.12271965743,1.0,0.0,0.0,10795.322719657444,10795.322719657444
11087.0,383005.35,383005.35,406239.98269163974,1.0,1.0,0.0,23234.632691639767,23234.632691639767
11191.0,396885.45,396885.45,406502.63815482106,1.0,0.0,0.0,9617.188154821051,9617.188154821051
11116.0,385229.0,385229.0,406631.9180255657,2.0,0.0,0.0,21402.918025565683,21402.918025565683
11138.0,388853.4,388853.4,408967.24780947395,1.0,1.0,0.0,20113.847809473926,20113.847809473926
11135.0,388085.1,388085.1,409736.82278605015,2.0,0.0,0.0,21651.722786050173,21651.722786050173
11200.0,401860.55,401860.55,410093.0609163182,1.0,0.0,0.0,8232.51091631822,8232.51091631822
11201.0,401970.4,401970.4,410428.6786912564,1.0,0.0,0.0,8458.27869125636,8458.27869125636
11202.0,402489.1,402489.1,414262.62482709717,1.0,0.0,0.0,11773.524827097193,11773.524827097193
11173.0,395218.2,395218.2,414315.5990492734,2.0,1.0,0.0,19097.3990492734,19097.3990492734
11222.0,414508.9,414508.9,414671.9673895664,2.0,0.0,0.0,163.0673895663931,163.0673895663931
11223.0,414587.55,414587.55,414746.0504882901,1.0,0.0,0.0,158.50048829009756,158.50048829009756
11194.0,397094.1,397094.1,416009.15913235646,2.0,0.0,0.0,18915.059132356488,18915.059132356488
11196.0,399477.0,399477.0,416208.522374915,2.0,1.0,0.0,16731.522374915017,16731.522374915017
11187.0,395344.3,395344.3,417213.64823662775,1.0,0.0,0.0,21869.34823662776,21869.34823662776
11180.0,395300.1,395300.1,417574.0635691765,2.0,0.0,0.0,22273.9635691765,22273.9635691765
11174.0,395232.5,395232.5,417742.0540711268,2.0,0.0,0.0,22509.554071126797,22509.554071126797
11188.0,395407.35,395407.35,417882.4589609962,2.0,1.0,0.0,22475.108960996207,22475.108960996207
11195.0,399377.55,399377.55,418105.28992541484,1.0,1.0,0.0,18727.739925414848,18727.739925414848
11182.0,395315.05,395315.05,419817.457834469,2.0,1.0,0.0,24502.40783446899,24502.40783446899
11205.0,405150.85,405150.85,419929.21530365257,1.0,0.0,0.0,14778.365303652594,14778.365303652594
11217.0,412751.95,412751.95,421069.8727042574,1.0,0.0,0.0,8317.922704257362,8317.922704257362
11230.0,421440.5,421440.5,421547.48322808923,1.0,0.0,0.0,106.98322808922967,106.98322808922967
11199.0,400197.2,400197.2,421661.04491179273,2.0,0.0,0.0,21463.844911792723,21463.844911792723
11221.0,412862.45,412862.45,422146.8118465553,1.0,0.0,0.0,9284.361846555315,9284.361846555315
11136.0,388351.6,388351.6,423386.3533940465,1.0,0.0,0.0,35034.75339404651,35034.75339404651
11226.0,415124.45,415124.45,424577.0229781026,1.0,0.0,0.0,9452.572978102602,9452.572978102602
11204.0,402988.3,402988.3,425238.20422477345,3.0,0.0,0.0,22249.90422477346,22249.90422477346
11203.0,402546.3,402546.3,425462.6818694262,1.0,0.0,0.0,22916.38186942623,22916.38186942623
11069.0,380127.8,380127.8,425622.19461880485,1.0,0.0,0.0,45494.39461880486,45494.39461880486
11224.0,414660.35,414660.35,426626.775478399,1.0,0.0,0.0,11966.425478399033,11966.425478399033
11206.0,412393.8,412393.8,429549.2489006013,2.0,0.0,0.0,17155.448900601303,17155.448900601303
11216.0,412744.8,412744.8,432700.2816844139,1.0,0.0,0.0,19955.481684413913,19955.481684413913
11210.0,412698.0,412698.0,433349.05790339306,1.0,0.0,0.0,20651.057903393055,20651.057903393055
11239.0,433645.55,433645.55,433769.371147305,2.0,0.0,0.0,123.8211473050178,123.8211473050178
11233.0,426171.2,426171.2,434531.13703278126,1.0,0.0,0.0,8359.93703278125,8359.93703278125
11213.0,412721.4,412721.4,434679.5899623561,1.0,0.0,0.0,21958.18996235606,21958.18996235606
11232.0,422018.35,422018.35,435169.5474700409,1.0,0.0,0.0,13151.197470040934,13151.197470040934
11225.0,415037.35,415037.35,435680.87370280834,1.0,1.0,0.0,20643.523702808365,20643.523702808365
11237.0,428158.25,428158.25,436460.8920073816,1.0,0.0,0.0,8302.642007381597,8302.642007381597
11227.0,417307.8,417307.8,436583.8972931291,2.0,0.0,0.0,19276.097293129133,19276.097293129133
11070.0,380180.45,380180.45,436601.2198781496,1.0,0.0,0.0,56420.769878149615,56420.769878149615
11235.0,427755.9,427755.9,437152.34400741896,1.0,0.0,0.0,9396.444007418933,9396.444007418933
11207.0,412607.0,412607.0,439021.4688731472,0.0,1.0,0.0,26414.468873147212,26414.468873147212
11244.0,439237.5,439237.5,439398.42974800617,1.0,1.0,0.0,160.92974800616503,160.92974800616503
11238.0,428277.2,428277.2,439717.8330611094,1.0,0.0,0.0,11440.633061109402,11440.633061109402
11248.0,440354.85,440354.85,440517.1744576403,1.0,0.0,0.0,162.3244576403522,162.3244576403522
11229.0,420492.8,420492.8,441354.78957000765,2.0,0.0,0.0,20861.98957000766,20861.98957000766
11212.0,412712.95,412712.95,442633.3156691714,1.0,0.0,0.0,29920.365669171384,29920.365669171384
11220.0,412772.1,412772.1,443195.9891374449,1.0,0.0,0.0,30423.8891374449,30423.8891374449
11231.0,421512.65,421512.65,443498.0384835575,3.0,0.0,0.0,21985.3884835575,21985.3884835575
11228.0,419952.0,419952.0,443962.21675517224,2.0,1.0,0.0,24010.216755172238,24010.216755172238
11234.0,426263.5,426263.5,444083.4389072432,2.0,0.0,0.0,17819.938907243195,17819.938907243195
11236.0,427950.9,427950.9,448276.8263373137,1.0,0.0,0.0,20325.926337313664,20325.926337313664
11152.0,391999.4,391999.4,448320.58146611264,1.0,0.0,0.0,56321.18146611261,56321.18146611261
11250.0,441444.25,441444.25,449606.1852842685,1.0,0.0,0.0,8161.935284268518,8161.935284268518
11071.0,380254.55,380254.55,449634.8787413215,1.0,0.0,0.0,69380.32874132151,69380.32874132151
11245.0,439312.25,439312.25,449922.82805015694,1.0,0.0,0.0,10610.578050156939,10610.578050156939
11251.0,441556.05,441556.05,450410.8794858262,1.0,0.0,0.0,8854.829485826194,8854.829485826194
11252.0,442765.7,442765.7,452448.40494142,1.0,0.0,0.0,9682.704941420001,9682.704941420001
11249.0,440425.05,440425.05,452791.1811099764,1.0,0.0,0.0,12366.131109976384,12366.131109976384
11257.0,453165.05,453165.05,453289.1167802508,1.0,0.0,0.0,124.06678025081055,124.06678025081055
11253.0,442947.05,442947.05,453542.3910344127,1.0,0.0,0.0,10595.341034412733,10595.341034412733
11247.0,439710.7,439710.7,457442.08638571296,1.0,0.0,0.0,17731.386385712947,17731.386385712947
11246.0,439569.65,439569.65,457991.67693621037,1.0,0.0,0.0,18422.026936210343,18422.026936210343
11243.0,437640.45,437640.45,458763.4451425069,2.0,0.0,0.0,21122.9951425069,21122.9951425069
11240.0,433717.05,433717.05,460204.8981523869,1.0,1.0,0.0,26487.848152386898,26487.848152386898
11242.0,437106.8,437106.8,460444.9720284835,1.0,0.0,0.0,23338.172028483532,23338.172028483532
11115.0,385221.2,385221.2,461354.2742296782,2.0,1.0,0.0,76133.0742296782,76133.0742296782
11241.0,434557.5,434557.5,461821.930382045,1.0,2.0,0.0,27264.430382044986,27264.430382044986
11259.0,453265.15,453265.15,462284.74567549507,1.0,0.0,0.0,9019.595675495046,9019.595675495046
11262.0,454661.35,454661.35,463118.1159390052,1.0,0.0,0.0,8456.765939005243,8456.765939005243
11219.0,412761.05,412761.05,464644.21984154126,2.0,0.0,0.0,51883.16984154127,51883.16984154127
11258.0,453239.15,453239.15,465208.0435543765,1.0,0.0,0.0,11968.893554376496,11968.893554376496
11261.0,454650.3,454650.3,465361.2073380553,1.0,0.0,0.0,10710.907338055316,10710.907338055316
11263.0,455016.25,455016.25,466388.9704169084,1.0,0.0,0.0,11372.720416908385,11372.720416908385
11276.0,466371.1,466371.1,466431.9538584436,1.0,0.0,0.0,60.853858443617355,60.853858443617355
11268.0,465681.45,465681.45,466565.3107209763,1.0,0.0,0.0,883.860720976314,883.860720976314
11278.0,466423.1,466423.1,466651.78383513476,2.0,0.0,0.0,228.6838351347833,228.6838351347833
11270.0,466028.55,466028.55,466662.9258421939,1.0,0.0,0.0,634.3758421938983,634.3758421938983
11272.0,466076.0,466076.0,466712.9017888028,1.0,0.0,0.0,636.9017888028175,636.9017888028175
11269.0,465691.2,465691.2,466749.9709909704,1.0,0.0,0.0,1058.77099097037,1058.77099097037
11275.0,466321.7,466321.7,466836.8982120954,1.0,0.0,0.0,515.1982120953617,515.1982120953617
11271.0,466037.65,466037.65,467280.0765521135,1.0,0.0,0.0,1242.4265521134948,1242.4265521134948
11294.0,467080.9,467080.9,467322.76879064884,2.0,1.0,0.0,241.8687906488194,241.8687906488194
11277.0,466401.65,466401.65,467372.2717202229,2.0,0.0,0.0,970.6217202228727,970.6217202228727
11273.0,466091.6,466091.6,467525.01760273543,1.0,1.0,0.0,1433.4176027354551,1433.4176027354551
11274.0,466113.05,466113.05,467869.7921562663,0.0,2.0,0.0,1756.742156266293,1756.742156266293
11265.0,458205.15,458205.15,467915.1189165011,1.0,0.0,0.0,9709.968916501093,9709.968916501093
11256.0,453107.2,453107.2,468573.4254201396,2.0,0.0,0.0,15466.225420139614,15466.225420139614
11266.0,458419.65,458419.65,468590.84897510905,1.0,0.0,0.0,10171.19897510903,10171.19897510903
11299.0,468833.95,468833.95,468934.678500526,1.0,0.0,0.0,100.72850052599097,100.72850052599097
11255.0,451886.5,451886.5,473163.3246774776,1.0,0.0,0.0,21276.82467747759,21276.82467747759
11260.0,454523.55,454523.55,474018.72780823114,2.0,1.0,0.0,19495.17780823115,19495.17780823115
11215.0,412737.0,412737.0,474635.38938839437,1.0,0.0,0.0,61898.38938839437,61898.38938839437
11279.0,466453.65,466453.65,474950.69914521644,1.0,0.0,0.0,8497.049145216413,8497.049145216413
11267.0,459438.2,459438.2,475103.4919815529,1.0,0.0,0.0,15665.291981552902,15665.291981552902
11280.0,466584.95,466584.95,475232.89608439954,1.0,0.0,0.0,8647.946084399533,8647.946084399533
11074.0,380315.65,380315.65,475292.0667691298,2.0,1.0,0.0,94976.41676912975,94976.41676912975
11297.0,467883.65,467883.65,476101.92267090373,1.0,0.0,0.0,8218.272670903709,8218.272670903709
11298.0,467990.25,467990.25,476666.8226829336,1.0,0.0,0.0,8676.57268293359,8676.57268293359
11209.0,412679.8,412679.8,477877.3710592249,2.0,0.0,0.0,65197.571059224894,65197.571059224894
11211.0,412706.45,412706.45,477918.53166226565,1.0,0.0,0.0,65212.08166226564,65212.08166226564
11300.0,468902.85,468902.85,481377.98475898855,1.0,0.0,0.0,12475.13475898857,12475.13475898857
11218.0,412752.6,412752.6,481680.8815130841,1.0,0.0,0.0,68928.28151308413,68928.28151308413
11316.0,481950.95,481950.95,481987.7273866389,1.0,0.0,0.0,36.77738663885975,36.77738663885975
11318.0,481956.15,481956.15,482014.6466084042,1.0,0.0,0.0,58.49660840415163,58.49660840415163
11320.0,482123.85,482123.85,482284.012207278,1.0,0.0,0.0,160.16220727801556,160.16220727801556
11317.0,481953.55,481953.55,482413.62045763514,1.0,0.0,0.0,460.07045763515634,460.07045763515634
11312.0,481940.55,481940.55,482419.06033958023,1.0,0.0,0.0,478.51033958024345,478.51033958024345
11321.0,482255.15,482255.15,482456.3457764592,2.0,1.0,0.0,201.1957764591789,201.1957764591789
11264.0,456195.35,456195.35,482470.3242804797,1.0,1.0,0.0,26274.974280479713,26274.974280479713
11314.0,481946.4,481946.4,482551.80969605886,2.0,1.0,0.0,605.4096960588358,605.4096960588358
11323.0,482469.65,482469.65,482645.71858228685,1.0,0.0,0.0,176.0685822868254,176.0685822868254
11324.0,482537.9,482537.9,482728.15625629044,1.0,0.0,0.0,190.25625629042042,190.25625629042042
11322.0,482410.5,482410.5,482827.5667591641,2.0,1.0,0.0,417.06675916409586,417.06675916409586
11319.0,481981.5,481981.5,482888.44136692176,1.0,0.0,0.0,906.9413669217611,906.9413669217611
11315.0,481948.35,481948.35,482923.5321549535,1.0,0.0,0.0,975.182154953538,975.182154953538
11313.0,481943.8,481943.8,482943.5883832483,1.0,0.0,0.0,999.7883832483203,999.7883832483203
11302.0,472264.65,472264.65,483105.08272113214,1.0,0.0,0.0,10840.432721132122,10840.432721132122
11332.0,483064.4,483064.4,483401.9750442416,2.0,0.0,0.0,337.5750442415592,337.5750442415592
11254.0,444631.85,444631.85,483574.48236528866,1.0,0.0,0.0,38942.63236528868,38942.63236528868
11214.0,412730.5,412730.5,484729.4459629416,2.0,1.0,0.0,71998.94596294162,71998.94596294162
11331.0,483062.45,483062.45,485100.03792140353,1.0,1.0,0.0,2037.587921403523,2037.587921403523
11306.0,473847.4,473847.4,486274.1216527599,1.0,0.0,0.0,12426.72165275988,12426.72165275988
11330.0,483059.85,483059.85,486548.7817149863,1.0,0.0,0.0,3488.9317149863346,3488.9317149863346
11073.0,380298.75,380298.75,486754.86136143707,2.0,1.0,0.0,106456.11136143707,106456.11136143707
11308.0,480050.35,480050.35,488450.2561398397,1.0,0.0,0.0,8399.906139839732,8399.906139839732
11309.0,480175.8,480175.8,489005.35527463123,1.0,0.0,0.0,8829.555274631246,8829.555274631246
11310.0,481061.1,481061.1,489245.2769243127,1.0,0.0,0.0,8184.17692431272,8184.17692431272
11339.0,490727.9,490727.9,490849.27440645,2.0,0.0,0.0,121.37440644996241,121.37440644996241
11307.0,478718.5,478718.5,491616.2168388916,1.0,0.0,0.0,12897.716838891618,12897.716838891618
11341.0,491975.25,491975.25,492100.0862262224,1.0,0.0,0.0,124.83622622239636,124.83622622239636
11342.0,492048.7,492048.7,492165.4579942842,2.0,0.0,0.0,116.75799428421305,116.75799428421305
11343.0,492118.9,492118.9,492243.20393861394,2.0,0.0,0.0,124.30393861391349,124.30393861391349
11344.0,492189.1,492189.1,492318.0307294167,1.0,0.0,0.0,128.9307294167229,128.9307294167229
11301.0,471958.5,471958.5,492463.2506309148,2.0,0.0,0.0,20504.750630914816,20504.750630914816
11305.0,473677.75,473677.75,493494.5022633736,2.0,0.0,0.0,19816.75226337358,19816.75226337358
11325.0,483044.25,483044.25,497153.3107599429,1.0,0.0,0.0,14109.06075994292,14109.06075994292
11328.0,483050.1,483050.1,497166.69876973436,1.0,0.0,0.0,14116.59876973438,14116.59876973438
11326.0,483046.2,483046.2,497167.3008334838,1.0,0.0,0.0,14121.100833483797,14121.100833483797
11311.0,481166.4,481166.4,497216.05075661314,2.0,0.0,0.0,16049.650756613119,16049.650756613119
11303.0,472553.25,472553.25,497898.7922906464,2.0,0.0,0.0,25345.54229064641,25345.54229064641
11334.0,486098.6,486098.6,498326.7652531135,1.0,0.0,0.0,12228.165253113548,12228.165253113548
11335.0,489050.9,489050.9,498675.71253481845,1.0,0.0,0.0,9624.812534818426,9624.812534818426
11337.0,489202.35,489202.35,498897.13225607923,1.0,0.0,0.0,9694.782256079256,9694.782256079256
11336.0,489147.75,489147.75,499760.8255903411,1.0,0.0,0.0,10613.07559034112,10613.07559034112
11295.0,467107.55,467107.55,499996.70577764814,1.0,0.0,0.0,32889.15577764815,32889.15577764815
11338.0,489477.95,489477.95,500924.37698120304,1.0,0.0,0.0,11446.426981203025,11446.426981203025
11340.0,490800.05,490800.05,502088.8377196557,1.0,0.0,0.0,11288.787719655724,11288.787719655724
11347.0,493593.1,493593.1,502232.95517134794,1.0,0.0,0.0,8639.855171347968,8639.855171347968
11304.0,473468.45,473468.45,503124.1851560281,0.0,1.0,0.0,29655.735156028066,29655.735156028066
11352.0,503010.3,503010.3,503139.9124297939,1.0,0.0,0.0,129.6124297939241,129.6124297939241
11353.0,503090.25,503090.25,503237.6610353744,1.0,0.0,0.0,147.41103537438903,147.41103537438903
11296.0,467279.15,467279.15,505055.3699052581,1.0,0.0,0.0,37776.2199052581,37776.2199052581
11345.0,492254.75,492254.75,505091.76022898924,1.0,0.0,0.0,12837.010228989238,12837.010228989238
11369.0,507909.35,507909.35,508060.1466073987,2.0,0.0,0.0,150.79660739871906,150.79660739871906
11362.0,506132.9,506132.9,508166.4496206302,1.0,0.0,0.0,2033.5496206301614,2033.5496206301614
11208.0,412618.7,412618.7,508693.58359092206,1.0,2.0,0.0,96074.88359092205,96074.88359092205
11327.0,483048.15,483048.15,509600.9342632035,2.0,0.0,0.0,26552.784263203503,26552.784263203503
11346.0,493498.85,493498.85,510424.1863796537,1.0,0.0,0.0,16925.336379653716,16925.336379653716
11333.0,483855.45,483855.45,510508.173324849,1.0,0.0,0.0,26652.72332484898,26652.72332484898
11349.0,494298.35,494298.35,513349.7368999443,1.0,1.0,0.0,19051.386899944337,19051.386899944337
11329.0,483055.95,483055.95,513502.85187290306,1.0,0.0,0.0,30446.90187290305,30446.90187290305
11354.0,503165.0,503165.0,514568.85780008393,1.0,0.0,0.0,11403.857800083933,11403.857800083933
11028.0,348842.0,348842.0,516696.62091217365,1.0,1.0,0.0,167854.62091217365,167854.62091217365
11363.0,506220.65,506220.65,517194.908433165,1.0,0.0,0.0,10974.25843316497,10974.25843316497
11348.0,494182.65,494182.65,517846.83047368634,0.0,1.0,0.0,23664.180473686312,23664.180473686312
11376.0,520341.25,520341.25,520438.43282175146,1.0,0.0,0.0,97.18282175145578,97.18282175145578
11378.0,520411.45,520411.45,520537.5785273125,2.0,0.0,0.0,126.12852731248131,126.12852731248131
11380.0,520488.15,520488.15,520600.3041098066,1.0,0.0,0.0,112.15410980657907,112.15410980657907
11381.0,520553.8000000001,520553.8000000001,520707.52809303097,2.0,1.0,0.0,153.7280930308625,153.7280930308625
11382.0,520624.0,520624.0,520754.6609814226,1.0,0.0,0.0,130.66098142258124,130.66098142258124
11282.0,466987.3,466987.3,521870.7384554979,1.0,0.0,0.0,54883.438455497904,54883.438455497904
11366.0,506972.05,506972.05,523567.02378274634,1.0,0.0,0.0,16594.973782746354,16594.973782746354
11355.0,504466.3,504466.3,523603.17226501735,2.0,0.0,0.0,19136.87226501736,19136.87226501736
11367.0,507429.0,507429.0,524400.7031261135,1.0,0.0,0.0,16971.703126113513,16971.703126113513
11365.0,506900.55,506900.55,524664.797320985,1.0,0.0,0.0,17764.247320985014,17764.247320985014
11368.0,507502.45,507502.45,524891.5562893442,1.0,0.0,0.0,17389.1062893442,17389.1062893442
11388.0,525253.9500000001,525253.9500000001,525358.7830202763,1.0,0.0,0.0,104.8330202762736,104.8330202762736
11364.0,506774.45,506774.45,526995.1619811471,2.0,0.0,0.0,20220.71198114712,20220.71198114712
11350.0,498278.3,498278.3,527367.7587857227,1.0,1.0,0.0,29089.458785722672,29089.458785722672
11356.0,504587.85,504587.85,528106.9663768857,2.0,1.0,0.0,23519.11637688568,23519.11637688568
11383.0,520655.85,520655.85,528960.864435778,1.0,0.0,0.0,8305.014435778023,8305.014435778023
11370.0,507978.25,507978.25,529395.0906866087,1.0,1.0,0.0,21416.840686608688,21416.840686608688
11374.0,519845.95,519845.95,529582.2347989604,1.0,0.0,0.0,9736.284798960376,9736.284798960376
11385.0,520731.9,520731.9,530620.1646391106,1.0,0.0,0.0,9888.264639110537,9888.264639110537
11286.0,467016.55,467016.55,530675.7941044129,1.0,0.0,0.0,63659.24410441291,63659.24410441291
11390.0,530678.2000000001,530678.2000000001,530800.8587596572,1.0,0.0,0.0,122.65875965717714,122.65875965717714
11391.0,530753.6,530753.6,530951.6328761319,1.0,2.0,0.0,198.0328761319397,198.0328761319397
11392.0,530827.05,530827.05,530994.4039267214,1.0,0.0,0.0,167.35392672137823,167.35392672137823
11384.0,520697.45,520697.45,531252.0497272102,1.0,0.0,0.0,10554.599727210181,10554.599727210181
11289.0,467046.45,467046.45,531931.5220870166,1.0,0.0,0.0,64885.0720870166,64885.0720870166
11405.0,532571.65,532571.65,532732.65,0.0,0.0,0.0,161.0,161.0
11394.0,532566.4500000001,532566.4500000001,532734.4500000001,0.0,0.0,0.0,168.0,168.0
11411.0,532572.3,532572.3,532735.3,0.0,0.0,0.0,163.0,163.0
11412.0,532572.9500000001,532572.9500000001,532735.9500000001,0.0,0.0,0.0,163.0,163.0
11404.0,532571.65,532571.65,532742.65,0.0,0.0,0.0,171.0,171.0
11407.0,532571.65,532571.65,532743.65,0.0,0.0,0.0,172.0,172.0
11408.0,532572.3,532572.3,532744.3,0.0,0.0,0.0,172.0,172.0
11409.0,532572.3,532572.3,532744.3,0.0,0.0,0.0,172.0,172.0
11406.0,532571.65,532571.65,532748.65,0.0,0.0,0.0,177.0,177.0
11395.0,532569.7000000001,532569.7000000001,532748.7000000001,0.0,0.0,0.0,179.0,179.0
11396.0,532570.35,532570.35,532749.35,0.0,0.0,0.0,179.0,179.0
11414.0,532572.9500000001,532572.9500000001,532750.9500000001,0.0,0.0,0.0,178.0,178.0
11410.0,532572.3,532572.3,532770.3,0.0,0.0,0.0,198.0,198.0
11397.0,532570.35,532570.35,532770.35,0.0,0.0,0.0,200.0,200.0
11398.0,532570.35,532570.35,532770.35,0.0,0.0,0.0,200.0,200.0
11399.0,532570.35,532570.35,532770.35,0.0,0.0,0.0,200.0,200.0
11400.0,532571.0,532571.0,532771.0,0.0,0.0,0.0,200.0,200.0
11413.0,532572.9500000001,532572.9500000001,532776.9500000001,0.0,0.0,0.0,204.0,204.0
11401.0,532571.0,532571.0,532822.0,0.0,0.0,0.0,251.0,251.0
11402.0,532571.0,532571.0,532822.0,0.0,0.0,0.0,251.0,251.0
11403.0,532571.0,532571.0,532822.0,0.0,0.0,0.0,251.0,251.0
11452.0,532754.9500000001,532754.9500000001,532897.9500000001,0.0,0.0,0.0,143.0,143.0
11453.0,532754.9500000001,532754.9500000001,532897.9500000001,0.0,0.0,0.0,143.0,143.0
11433.0,532753.0,532753.0,532898.0,0.0,0.0,0.0,145.0,145.0
11434.0,532753.0,532753.0,532901.0,0.0,0.0,0.0,148.0,148.0
11444.0,532753.65,532753.65,532901.65,0.0,0.0,0.0,148.0,148.0
11415.0,532749.75,532749.75,532910.75,0.0,0.0,0.0,161.0,161.0
11421.0,532751.05,532751.05,532912.05,0.0,0.0,0.0,161.0,161.0
11416.0,532749.75,532749.75,532915.75,0.0,0.0,0.0,166.0,166.0
11417.0,532750.4,532750.4,532916.4,0.0,0.0,0.0,166.0,166.0
11418.0,532750.4,532750.4,532916.4,0.0,0.0,0.0,166.0,166.0
11436.0,532753.0,532753.0,532918.0,0.0,0.0,0.0,165.0,165.0
11450.0,532754.3,532754.3,532918.3,0.0,0.0,0.0,164.0,164.0
11504.0,532761.4500000001,532761.4500000001,532921.4500000001,0.0,0.0,0.0,160.0,160.0
11445.0,532753.65,532753.65,532922.65,0.0,0.0,0.0,169.0,169.0
11437.0,532753.0,532753.0,532923.0,0.0,0.0,0.0,170.0,170.0
11438.0,532753.0,532753.0,532923.0,0.0,0.0,0.0,170.0,170.0
11505.0,532761.4500000001,532761.4500000001,532923.4500000001,0.0,0.0,0.0,162.0,162.0
11439.0,532753.65,532753.65,532923.65,0.0,0.0,0.0,170.0,170.0
11440.0,532753.65,532753.65,532923.65,0.0,0.0,0.0,170.0,170.0
11441.0,532753.65,532753.65,532923.65,0.0,0.0,0.0,170.0,170.0
11424.0,532751.05,532751.05,532924.05,0.0,0.0,0.0,173.0,173.0
11425.0,532751.7000000001,532751.7000000001,532924.7000000001,0.0,0.0,0.0,173.0,173.0
11426.0,532751.7000000001,532751.7000000001,532924.7000000001,0.0,0.0,0.0,173.0,173.0
11427.0,532751.7000000001,532751.7000000001,532924.7000000001,0.0,0.0,0.0,173.0,173.0
11428.0,532752.35,532752.35,532925.35,0.0,0.0,0.0,173.0,173.0
11429.0,532752.35,532752.35,532925.35,0.0,0.0,0.0,173.0,173.0
11430.0,532752.35,532752.35,532925.35,0.0,0.0,0.0,173.0,173.0
11431.0,532752.35,532752.35,532925.35,0.0,0.0,0.0,173.0,173.0
11461.0,532755.6,532755.6,532925.6,0.0,0.0,0.0,170.0,170.0
11472.0,532756.9,532756.9,532926.9,0.0,0.0,0.0,170.0,170.0
11473.0,532756.9,532756.9,532926.9,0.0,0.0,0.0,170.0,170.0
11420.0,532750.4,532750.4,532927.4,0.0,0.0,0.0,177.0,177.0
11514.0,532762.1,532762.1,532929.1,0.0,0.0,0.0,167.0,167.0
11506.0,532761.4500000001,532761.4500000001,532929.4500000001,0.0,0.0,0.0,168.0,168.0
11492.0,532760.15,532760.15,532930.15,0.0,0.0,0.0,170.0,170.0
11493.0,532760.15,532760.15,532930.15,0.0,0.0,0.0,170.0,170.0
11423.0,532751.05,532751.05,532932.05,0.0,0.0,0.0,181.0,181.0
11509.0,532762.1,532762.1,532932.1,0.0,0.0,0.0,170.0,170.0
11511.0,532762.1,532762.1,532933.1,0.0,0.0,0.0,171.0,171.0
11447.0,532754.3,532754.3,532934.3,0.0,0.0,0.0,180.0,180.0
11448.0,532754.3,532754.3,532934.3,0.0,0.0,0.0,180.0,180.0
11449.0,532754.3,532754.3,532934.3,0.0,0.0,0.0,180.0,180.0
11455.0,532754.9500000001,532754.9500000001,532934.9500000001,0.0,0.0,0.0,180.0,180.0
11456.0,532754.9500000001,532754.9500000001,532934.9500000001,0.0,0.0,0.0,180.0,180.0
11457.0,532754.9500000001,532754.9500000001,532934.9500000001,0.0,0.0,0.0,180.0,180.0
11432.0,532753.0,532753.0,532935.0,0.0,0.0,0.0,182.0,182.0
11458.0,532755.6,532755.6,532935.6,0.0,0.0,0.0,180.0,180.0
11459.0,532755.6,532755.6,532935.6,0.0,0.0,0.0,180.0,180.0
11460.0,532755.6,532755.6,532935.6,0.0,0.0,0.0,180.0,180.0
11464.0,532755.6,532755.6,532935.6,0.0,0.0,0.0,180.0,180.0
11422.0,532751.05,532751.05,532936.05,0.0,0.0,0.0,185.0,185.0
11465.0,532756.25,532756.25,532936.25,0.0,0.0,0.0,180.0,180.0
11466.0,532756.25,532756.25,532936.25,0.0,0.0,0.0,180.0,180.0
11467.0,532756.25,532756.25,532936.25,0.0,0.0,0.0,180.0,180.0
11468.0,532756.25,532756.25,532936.25,0.0,0.0,0.0,180.0,180.0
11469.0,532756.25,532756.25,532936.25,0.0,0.0,0.0,180.0,180.0
11470.0,532756.25,532756.25,532936.25,0.0,0.0,0.0,180.0,180.0
11471.0,532756.25,532756.25,532936.25,0.0,0.0,0.0,180.0,180.0
11419.0,532750.4,532750.4,532937.4,0.0,0.0,0.0,187.0,187.0
11474.0,532757.55,532757.55,532937.55,0.0,0.0,0.0,180.0,180.0
11475.0,532757.55,532757.55,532937.55,0.0,0.0,0.0,180.0,180.0
11476.0,532757.55,532757.55,532937.55,0.0,0.0,0.0,180.0,180.0
11477.0,532757.55,532757.55,532937.55,0.0,0.0,0.0,180.0,180.0
11484.0,532758.85,532758.85,532937.85,0.0,0.0,0.0,179.0,179.0
11485.0,532758.85,532758.85,532937.85,0.0,0.0,0.0,179.0,179.0
11478.0,532758.2000000001,532758.2000000001,532938.2000000001,0.0,0.0,0.0,180.0,180.0
11479.0,532758.2000000001,532758.2000000001,532938.2000000001,0.0,0.0,0.0,180.0,180.0
11480.0,532758.2000000001,532758.2000000001,532938.2000000001,0.0,0.0,0.0,180.0,180.0
11481.0,532758.2000000001,532758.2000000001,532938.2000000001,0.0,0.0,0.0,180.0,180.0
11486.0,532759.5,532759.5,532938.5,0.0,0.0,0.0,179.0,179.0
11487.0,532759.5,532759.5,532938.5,0.0,0.0,0.0,179.0,179.0
11488.0,532759.5,532759.5,532938.5,0.0,0.0,0.0,179.0,179.0
11489.0,532759.5,532759.5,532938.5,0.0,0.0,0.0,179.0,179.0
11435.0,532753.0,532753.0,532939.0,0.0,0.0,0.0,186.0,186.0
11490.0,532760.15,532760.15,532939.15,0.0,0.0,0.0,179.0,179.0
11491.0,532760.15,532760.15,532939.15,0.0,0.0,0.0,179.0,179.0
11446.0,532754.3,532754.3,532939.3,0.0,0.0,0.0,185.0,185.0
11512.0,532762.1,532762.1,532940.1,0.0,0.0,0.0,178.0,178.0
11513.0,532762.1,532762.1,532940.1,0.0,0.0,0.0,178.0,178.0
11494.0,532760.15,532760.15,532940.15,0.0,0.0,0.0,180.0,180.0
11495.0,532760.15,532760.15,532940.15,0.0,0.0,0.0,180.0,180.0
11496.0,532760.8,532760.8,532940.8,0.0,0.0,0.0,180.0,180.0
11497.0,532760.8,532760.8,532940.8,0.0,0.0,0.0,180.0,180.0
11498.0,532760.8,532760.8,532940.8,0.0,0.0,0.0,180.0,180.0
11499.0,532760.8,532760.8,532940.8,0.0,0.0,0.0,180.0,180.0
11500.0,532760.8,532760.8,532940.8,0.0,0.0,0.0,180.0,180.0
11501.0,532760.8,532760.8,532940.8,0.0,0.0,0.0,180.0,180.0
11507.0,532761.4500000001,532761.4500000001,532941.4500000001,0.0,0.0,0.0,180.0,180.0
11508.0,532761.4500000001,532761.4500000001,532941.4500000001,0.0,0.0,0.0,180.0,180.0
11442.0,532753.65,532753.65,532942.65,0.0,0.0,0.0,189.0,189.0
11443.0,532753.65,532753.65,532942.65,0.0,0.0,0.0,189.0,189.0
11510.0,532762.1,532762.1,532943.1,0.0,0.0,0.0,181.0,181.0
11482.0,532758.85,532758.85,532947.85,0.0,0.0,0.0,189.0,189.0
11483.0,532758.85,532758.85,532947.85,0.0,0.0,0.0,189.0,189.0
11451.0,532754.3,532754.3,532949.3,0.0,0.0,0.0,195.0,195.0
11502.0,532761.4500000001,532761.4500000001,532951.4500000001,0.0,0.0,0.0,190.0,190.0
11503.0,532761.4500000001,532761.4500000001,532951.4500000001,0.0,0.0,0.0,190.0,190.0
11462.0,532755.6,532755.6,532951.6,0.0,0.0,0.0,196.0,196.0
11463.0,532755.6,532755.6,532951.6,0.0,0.0,0.0,196.0,196.0
11454.0,532754.9500000001,532754.9500000001,532955.9500000001,0.0,0.0,0.0,201.0,201.0
11371.0,511793.1,511793.1,533345.4899794917,2.0,0.0,0.0,21552.38997949171,21552.38997949171
11357.0,506043.2,506043.2,535210.9238553877,1.0,0.0,0.0,29167.72385538771,29167.72385538771
11359.0,506068.55,506068.55,535236.0481469758,1.0,0.0,0.0,29167.49814697582,29167.49814697582
11387.0,524030.65,524030.65,535511.5085641586,1.0,0.0,0.0,11480.858564158552,11480.858564158552
11377.0,520372.45,520372.45,536187.5203446711,2.0,1.0,0.0,15815.070344671083,15815.070344671083
11284.0,467002.25,467002.25,536316.1729716042,1.0,0.0,0.0,69313.92297160416,69313.92297160416
11290.0,467055.55,467055.55,536381.2480527544,1.0,0.0,0.0,69325.69805275445,69325.69805275445
11293.0,467074.4,467074.4,536409.5619838552,1.0,0.0,0.0,69335.16198385519,69335.16198385519
11281.0,466980.15,466980.15,536439.3008896641,1.0,0.0,0.0,69459.15088966407,69459.15088966407
11285.0,467010.7,467010.7,536454.6864283468,1.0,0.0,0.0,69443.98642834678,69443.98642834678
11291.0,467062.05,467062.05,536547.9588793924,1.0,0.0,0.0,69485.90887939237,69485.90887939237
11379.0,520463.45,520463.45,538262.7504589589,2.0,1.0,0.0,17799.300458958896,17799.300458958896
11373.0,517479.95,517479.95,538540.9212866375,2.0,1.0,0.0,21060.971286637534,21060.971286637534
11375.0,519957.1,519957.1,539863.0468680717,2.0,0.0,0.0,19905.946868071682,19905.946868071682
11517.0,534020.5,534020.5,542328.3972214552,1.0,0.0,0.0,8307.897221455234,8307.897221455234
11515.0,533936.65,533936.65,542403.8701330967,1.0,0.0,0.0,8467.220133096678,8467.220133096678
11525.0,542519.25,542519.25,542642.6599032887,1.0,0.0,0.0,123.40990328870248,123.40990328870248
11526.0,542594.65,542594.65,542717.4999980347,1.0,0.0,0.0,122.84999803465325,122.84999803465325
11527.0,542668.75,542668.75,542828.8274017852,1.0,0.0,0.0,160.07740178517997,160.07740178517997
11528.0,542744.15,542744.15,542865.7715474827,1.0,0.0,0.0,121.62154748267494,121.62154748267494
11518.0,534071.2000000001,534071.2000000001,543180.3490358035,1.0,0.0,0.0,9109.149035803392,9109.149035803392
11389.0,525326.75,525326.75,545245.0387203768,2.0,0.0,0.0,19918.28872037679,19918.28872037679
11530.0,546201.5,546201.5,546413.5,0.0,0.0,0.0,212.0,212.0
11386.0,523439.8000000001,523439.8000000001,546874.6830389339,1.0,1.0,0.0,23434.883038933796,23434.883038933796
11535.0,549030.9500000001,549030.9500000001,549099.9500000001,0.0,0.0,0.0,69.0,69.0
11521.0,536763.5,536763.5,549366.269980622,1.0,0.0,0.0,12602.76998062199,12602.76998062199
11536.0,549256.5,549256.5,549373.9625821001,1.0,0.0,0.0,117.46258210006636,117.46258210006636
11537.0,549330.6,549330.6,549474.0158463359,1.0,2.0,0.0,143.41584633593448,143.41584633593448
11522.0,537735.25,537735.25,550051.3659279689,1.0,0.0,0.0,12316.115927968873,12316.115927968873
11539.0,549433.9500000001,549433.9500000001,550868.618569417,1.0,0.0,0.0,1434.6685694169719,1434.6685694169719
11516.0,533985.4,533985.4,552550.7184655565,1.0,0.0,0.0,18565.318465556484,18565.318465556484
11520.0,535559.7000000001,535559.7000000001,553028.2885315632,2.0,0.0,0.0,17468.588531563175,17468.588531563175
11547.0,553917.65,553917.65,554032.65,0.0,0.0,0.0,115.0,115.0
11519.0,535468.7000000001,535468.7000000001,554144.2837102611,2.0,0.0,0.0,18675.58371026104,18675.58371026104
11549.0,554730.15,554730.15,554851.0781285089,1.0,0.0,0.0,120.92812850885093,120.92812850885093
11546.0,553879.9500000001,553879.9500000001,555090.7356103824,1.0,0.0,0.0,1210.7856103823287,1210.7856103823287
11531.0,547381.9,547381.9,555675.8730607496,1.0,0.0,0.0,8293.973060749588,8293.973060749588
11533.0,547565.2000000001,547565.2000000001,556023.4926905466,1.0,0.0,0.0,8458.292690546485,8458.292690546485
11552.0,556193.9500000001,556193.9500000001,556313.3750843701,1.0,0.0,0.0,119.425084370072,119.425084370072
11554.0,556330.4500000001,556330.4500000001,556701.9428037176,1.0,0.0,0.0,371.49280371749774,371.49280371749774
11555.0,556344.75,556344.75,556709.2174229417,1.0,0.0,0.0,364.4674229416996,364.4674229416996
11556.0,556361.65,556361.65,556951.3255863861,1.0,0.0,0.0,589.6755863861181,589.6755863861181
11560.0,558694.5,558694.5,558739.148275781,1.0,0.0,0.0,44.64827578095719,44.64827578095719
11561.0,558721.8,558721.8,558904.1130579646,1.0,0.0,0.0,182.31305796455126,182.31305796455126
11393.0,530903.1,530903.1,559179.1,0.0,0.0,0.0,28276.0,28276.0
11562.0,558730.25,558730.25,559310.5545111131,1.0,1.0,0.0,580.3045111130923,580.3045111130923
11564.0,559243.1,559243.1,559660.0678721359,1.0,0.0,0.0,416.96787213592324,416.96787213592324
11565.0,559385.4500000001,559385.4500000001,559741.8330021269,1.0,0.0,0.0,356.38300212682225,356.38300212682225
11566.0,559410.8,559410.8,560057.7720343417,1.0,0.0,0.0,646.9720343416557,646.9720343416557
11563.0,558740.65,558740.65,560182.7210107725,1.0,1.0,0.0,1442.071010772488,1442.071010772488
11568.0,560428.05,560428.05,560530.1625706101,1.0,0.0,0.0,102.11257061001379,102.11257061001379
11569.0,560491.1,560491.1,560617.5343304991,2.0,0.0,0.0,126.43433049914893,126.43433049914893
11571.0,560589.9,560589.9,560666.6878172582,1.0,0.0,0.0,76.78781725815497,76.78781725815497
11570.0,560544.4,560544.4,560674.7165248119,1.0,0.0,0.0,130.31652481190395,130.31652481190395
11572.0,560678.3,560678.3,560743.9807328046,1.0,1.0,0.0,65.68073280458339,65.68073280458339
11576.0,560754.35,560754.35,560849.8346900346,1.0,0.0,0.0,95.48469003464561,95.48469003464561
11573.0,560700.4,560700.4,560853.3109594773,1.0,1.0,0.0,152.91095947730355,152.91095947730355
11577.0,560808.9500000001,560808.9500000001,560906.1413604211,1.0,0.0,0.0,97.19136042101309,97.19136042101309
11579.0,560899.3,560899.3,561030.4600137812,1.0,0.0,0.0,131.16001378116198,131.16001378116198
11578.0,560857.7000000001,560857.7000000001,561041.8570439814,0.0,2.0,0.0,184.15704398136586,184.15704398136586
11580.0,560946.1,560946.1,561087.0049663195,1.0,0.0,0.0,140.90496631956194,140.90496631956194
11581.0,560987.05,560987.05,561104.978080429,2.0,0.0,0.0,117.92808042897377,117.92808042897377
11582.0,561031.9,561031.9,561127.211859259,1.0,0.0,0.0,95.31185925903264,95.31185925903264
11583.0,561074.8,561074.8,561179.4321633019,2.0,0.0,0.0,104.63216330180876,104.63216330180876
11585.0,561157.35,561157.35,561240.2517393964,1.0,0.0,0.0,82.90173939638771,82.90173939638771
11584.0,561111.2000000001,561111.2000000001,561253.9636695068,1.0,0.0,0.0,142.7636695067631,142.7636695067631
11587.0,561197.65,561197.65,561268.9569412335,1.0,0.0,0.0,71.30694123345893,71.30694123345893
11589.0,561243.15,561243.15,561373.2062115647,2.0,0.0,0.0,130.05621156468987,130.05621156468987
11538.0,549402.75,549402.75,561400.3723247567,1.0,0.0,0.0,11997.622324756696,11997.622324756696
11524.0,541401.25,541401.25,561818.5461204846,2.0,0.0,0.0,20417.296120484592,20417.296120484592
11532.0,547430.0,547430.0,561967.9717920225,2.0,0.0,0.0,14537.971792022465,14537.971792022465
11590.0,562263.0,562263.0,562293.5459847212,1.0,0.0,0.0,30.545984721160494,30.545984721160494
11542.0,550843.15,550843.15,562330.2658266638,1.0,0.0,0.0,11487.115826663794,11487.115826663794
11591.0,562277.9500000001,562277.9500000001,562890.8761700531,1.0,0.0,0.0,612.9261700530769,612.9261700530769
11548.0,554721.05,554721.05,563491.649894802,2.0,0.0,0.0,8770.59989480197,8770.59989480197
11593.0,562839.55,562839.55,563674.55,0.0,0.0,0.0,835.0,835.0
11594.0,564189.6,564189.6,564300.3382482309,2.0,0.0,0.0,110.73824823088944,110.73824823088944
11595.0,564230.55,564230.55,564301.55,0.0,0.0,0.0,71.0,71.0
11529.0,542818.25,542818.25,564380.5551670132,1.0,0.0,0.0,21562.305167013197,21562.305167013197
11596.0,564332.6,564332.6,564414.235982422,1.0,0.0,0.0,81.6359824220417,81.6359824220417
11597.0,564395.0,564395.0,564486.9271189759,2.0,0.0,0.0,91.92711897590198,91.92711897590198
11358.0,506044.5,506044.5,564920.1957283526,2.0,0.0,0.0,58875.69572835264,58875.69572835264
11599.0,565423.3,565423.3,565478.6635587903,1.0,0.0,0.0,55.36355879029725,55.36355879029725
11598.0,565323.2000000001,565323.2000000001,565557.9409829046,1.0,0.0,0.0,234.7409829045646,234.7409829045646
11603.0,565474.65,565474.65,565589.65,0.0,0.0,0.0,115.0,115.0
11600.0,565436.3,565436.3,565666.1104782802,1.0,0.0,0.0,229.810478280182,229.810478280182
11604.0,565897.15,565897.15,566048.3610758454,1.0,0.0,0.0,151.21107584540732,151.21107584540732
11601.0,565442.15,565442.15,566343.2804529046,0.0,1.0,0.0,901.1304529046174,901.1304529046174
11602.0,565448.0,565448.0,566574.7714469483,2.0,0.0,0.0,1126.771446948289,1126.771446948289
11288.0,467031.5,467031.5,567096.0171893643,2.0,0.0,0.0,100064.5171893643,100064.5171893643
11553.0,556262.85,556262.85,567865.909154449,1.0,0.0,0.0,11603.05915444903,11603.05915444903
11609.0,567830.9,567830.9,567925.8702243783,1.0,1.0,0.0,94.97022437828127,94.97022437828127
11610.0,567942.7000000001,567942.7000000001,568007.597555103,1.0,0.0,0.0,64.89755510294344,64.89755510294344
11611.0,567957.0,567957.0,568037.8132280407,1.0,0.0,0.0,80.81322804070078,80.81322804070078
11612.0,567975.2000000001,567975.2000000001,568049.2000000001,0.0,0.0,0.0,74.0,74.0
11613.0,568081.8,568081.8,568165.2993506874,2.0,1.0,0.0,83.4993506873725,83.4993506873725
11614.0,568095.4500000001,568095.4500000001,568175.3702897113,2.0,0.0,0.0,79.92028971121181,79.92028971121181
11605.0,566023.25,566023.25,568253.4369380974,2.0,1.0,0.0,2230.1869380973512,2230.1869380973512
11616.0,568238.4500000001,568238.4500000001,568288.1817521754,1.0,0.0,0.0,49.731752175372094,49.731752175372094
11615.0,568209.2000000001,568209.2000000001,568307.1265906047,2.0,1.0,0.0,97.92659060459118,97.92659060459118
11606.0,566294.9500000001,566294.9500000001,568546.4984603093,2.0,0.0,0.0,2251.5484603092773,2251.5484603092773
11574.0,560725.75,560725.75,568992.8101091783,1.0,0.0,0.0,8267.060109178303,8267.060109178303
11575.0,560748.5,560748.5,569012.7335175126,1.0,0.0,0.0,8264.233517512563,8264.233517512563
11523.0,540700.55,540700.55,569539.026483007,0.0,1.0,0.0,28838.47648300696,28838.47648300696
11588.0,561224.9500000001,561224.9500000001,569655.1447076058,1.0,0.0,0.0,8430.194707605755,8430.194707605755
11551.0,554973.25,554973.25,570176.0490282732,1.0,0.0,0.0,15202.799028273206,15202.799028273206
11567.0,559875.55,559875.55,570829.3582737877,1.0,0.0,0.0,10953.80827378761,10953.80827378761
11534.0,547602.25,547602.25,571187.8849678959,0.0,1.0,0.0,23585.634967895923,23585.634967895923
11351.0,500598.15,500598.15,571698.0541005704,3.0,0.0,0.0,71099.90410057036,71099.90410057036
11550.0,554806.85,554806.85,575271.2357796232,2.0,0.0,0.0,20464.385779623175,20464.385779623175
11283.0,466995.1,466995.1,575457.6679960924,1.0,0.0,0.0,108462.56799609237,108462.56799609237
11360.0,506090.0,506090.0,575947.794827966,1.0,1.0,0.0,69857.79482796602,69857.79482796602
11607.0,566367.75,566367.75,576054.7832052889,1.0,0.0,0.0,9687.033205288928,9687.033205288928
11541.0,550750.85,550750.85,576210.2436730082,0.0,1.0,0.0,25459.39367300819,25459.39367300819
11361.0,506112.1,506112.1,576817.5849740439,1.0,1.0,0.0,70705.48497404391,70705.48497404391
11586.0,561189.85,561189.85,577294.510043323,2.0,0.0,0.0,16104.660043323063,16104.660043323063
11558.0,557783.85,557783.85,579364.9857304936,3.0,0.0,0.0,21581.13573049358,21581.13573049358
11592.0,562764.15,562764.15,580135.3089541427,2.0,0.0,0.0,17371.15895414271,17371.15895414271
11619.0,568786.4,568786.4,581447.8520385982,1.0,0.0,0.0,12661.45203859813,12661.45203859813
11559.0,558584.0,558584.0,581838.651231114,1.0,1.0,0.0,23254.651231114054,23254.651231114054
11622.0,574033.2000000001,574033.2000000001,582268.8065140935,1.0,0.0,0.0,8235.606514093466,8235.606514093466
11620.0,570123.4500000001,570123.4500000001,582421.8789733587,2.0,0.0,0.0,12298.42897335859,12298.42897335859
11625.0,574778.75,574778.75,583228.3631033245,1.0,0.0,0.0,8449.613103324547,8449.613103324547
11626.0,574808.65,574808.65,583286.3615052048,1.0,0.0,0.0,8477.711505204788,8477.711505204788
11621.0,571886.25,571886.25,583707.3415675266,1.0,0.0,0.0,11821.091567526571,11821.091567526571
11624.0,574733.25,574733.25,585316.7586517871,1.0,0.0,0.0,10583.508651787066,10583.508651787066
11608.0,566582.9,566582.9,586350.8284220877,2.0,0.0,0.0,19767.928422087687,19767.928422087687
11637.0,588892.2000000001,588892.2000000001,589042.7816582058,2.0,0.0,0.0,150.58165820571594,150.58165820571594
11630.0,581805.25,581805.25,591532.5769698209,1.0,0.0,0.0,9727.32696982089,9727.32696982089
11623.0,574101.4500000001,574101.4500000001,591848.4490044039,1.0,0.0,0.0,17746.999004403828,17746.999004403828
11287.0,467022.4,467022.4,593207.3153426596,3.0,0.0,0.0,126184.91534265957,126184.91534265957
11636.0,588387.8,588387.8,597030.774555499,1.0,0.0,0.0,8642.97455549892,8642.97455549892
11627.0,574930.85,574930.85,597631.867189947,1.0,0.0,0.0,22701.017189947073,22701.017189947073
11628.0,575620.5,575620.5,598053.1213251523,1.0,0.0,0.0,22432.621325152344,22432.621325152344
11638.0,588987.75,588987.75,601141.7870534728,1.0,0.0,0.0,12154.037053472828,12154.037053472828
11629.0,577036.85,577036.85,602048.3160863204,1.0,1.0,0.0,25011.466086320463,25011.466086320463
11639.0,591811.35,591811.35,603108.2098703131,1.0,0.0,0.0,11296.859870313085,11296.859870313085
11292.0,467068.55,467068.55,604285.864207529,2.0,0.0,0.0,137217.314207529,137217.314207529
11633.0,587364.7000000001,587364.7000000001,604818.7384328,1.0,0.0,0.0,17454.03843279998,17454.03843279998
11632.0,587262.65,587262.65,605076.5756962814,2.0,0.0,0.0,17813.925696281367,17813.925696281367
11635.0,588357.25,588357.25,605143.5075402859,2.0,0.0,0.0,16786.257540285937,16786.257540285937
11631.0,582041.85,582041.85,605304.4065761982,1.0,1.0,0.0,23262.5565761982,23262.5565761982
11651.0,606018.4,606018.4,606167.9364700292,2.0,0.0,0.0,149.53647002915386,149.53647002915386
11653.0,606174.4,606174.4,606226.7029440067,2.0,0.0,0.0,52.30294400663115,52.30294400663115
11652.0,606139.3,606139.3,606536.5415902389,1.0,0.0,0.0,397.2415902388748,397.2415902388748
11655.0,606548.8,606548.8,606832.690697232,1.0,0.0,0.0,283.8906972319819,283.8906972319819
11649.0,605434.05,605434.05,606982.4706083904,1.0,1.0,0.0,1548.4206083903555,1548.4206083903555
11658.0,606607.9500000001,606607.9500000001,607043.0043587068,1.0,0.0,0.0,435.05435870669317,435.05435870669317
11643.0,597279.8,597279.8,607084.5960437573,1.0,0.0,0.0,9804.796043757233,9804.796043757233
11657.0,606598.85,606598.85,607303.640460122,1.0,2.0,0.0,704.7904601220507,704.7904601220507
11656.0,606563.1,606563.1,607453.6545304307,2.0,0.0,0.0,890.5545304307016,890.5545304307016
11659.0,606780.2000000001,606780.2000000001,607510.1587792055,1.0,2.0,0.0,729.9587792054517,729.9587792054517
11662.0,607423.05,607423.05,607745.9371034354,1.0,0.0,0.0,322.8871034353506,322.8871034353506
11661.0,607404.85,607404.85,607808.2985147237,1.0,0.0,0.0,403.44851472368464,403.44851472368464
11664.0,607744.15,607744.15,608584.15,0.0,0.0,0.0,840.0,840.0
11645.0,600687.1,600687.1,609093.574281148,1.0,0.0,0.0,8406.474281148054,8406.474281148054
11666.0,608922.6,608922.6,609127.4673746853,1.0,0.0,0.0,204.86737468536012,204.86737468536012
11663.0,607697.35,607697.35,609156.0060414888,2.0,0.0,0.0,1458.6560414888663,1458.6560414888663
11665.0,608832.9,608832.9,609209.0906905871,1.0,0.0,0.0,376.1906905870419,376.1906905870419
11668.0,609118.9,609118.9,609246.5361542712,1.0,0.0,0.0,127.63615427119657,127.63615427119657
11646.0,600824.9,600824.9,609746.746588442,1.0,0.0,0.0,8921.846588441986,8921.846588441986
11669.0,609214.4500000001,609214.4500000001,609864.0024533289,2.0,0.0,0.0,649.5524533288553,649.5524533288553
11672.0,609668.8,609668.8,611441.2595388272,1.0,0.0,0.0,1772.4595388271846,1772.4595388271846
11640.0,592851.35,592851.35,611996.8205777713,2.0,0.0,0.0,19145.47057777131,19145.47057777131
11676.0,612277.25,612277.25,612329.033166103,1.0,0.0,0.0,51.7831661029486,51.7831661029486
11648.0,601861.0,601861.0,612444.6832206598,1.0,0.0,0.0,10583.683220659848,10583.683220659848
11673.0,610046.4500000001,610046.4500000001,612493.6648720134,0.0,1.0,0.0,2447.214872013312,2447.214872013312
11670.0,609544.0,609544.0,612882.0040247838,1.0,0.0,0.0,3338.004024783848,3338.004024783848
11677.0,612299.35,612299.35,613242.4026088227,1.0,0.0,0.0,943.0526088227052,943.0526088227052
11634.0,587958.8,587958.8,613547.4110779888,1.0,0.0,0.0,25588.611077988753,25588.611077988753
11679.0,612376.05,612376.05,613813.2116752586,1.0,0.0,0.0,1437.1616752585396,1437.1616752585396
11642.0,594225.4500000001,594225.4500000001,613867.3435101883,2.0,0.0,0.0,19641.89351018821,19641.89351018821
11678.0,612350.7000000001,612350.7000000001,614081.1585540472,1.0,0.0,0.0,1730.4585540471599,1730.4585540471599
11687.0,614411.2000000001,614411.2000000001,615397.6459801875,0.0,1.0,0.0,986.4459801873891,986.4459801873891
11686.0,614383.9,614383.9,615894.071521012,1.0,0.0,0.0,1510.1715210119728,1510.1715210119728
11690.0,616187.0,616187.0,616260.0,0.0,0.0,0.0,73.0,73.0
11641.0,593426.6,593426.6,617057.7862125849,2.0,0.0,0.0,23631.18621258496,23631.18621258496
11692.0,617045.65,617045.65,617150.6218827801,1.0,0.0,0.0,104.97188278008252,104.97188278008252
11697.0,617771.05,617771.05,617834.05,0.0,0.0,0.0,63.0,63.0
11699.0,617884.8,617884.8,617951.4527184956,1.0,2.0,0.0,66.65271849557757,66.65271849557757
11698.0,617805.5,617884.9601167444,617959.9601167444,0.0,0.0,1.0594682232585426,154.4601167443907,75.0
11700.0,617948.5,617959.9601167444,618032.9601167444,0.0,0.0,0.15698790060809162,84.46011674439069,73.0
11701.0,618070.7000000001,618070.7000000001,618139.7000000001,0.0,0.0,0.0,69.0,69.0
11644.0,597488.4500000001,597488.4500000001,618976.0726748938,1.0,1.0,0.0,21487.622674893704,21487.622674893704
11705.0,618495.15,618976.0726748938,619083.0726748938,0.0,0.0,4.494604438259353,587.9226748937508,107.0
11660.0,607014.85,607014.85,619206.6616101376,1.0,0.0,0.0,12191.811610137578,12191.811610137578
11695.0,617448.0,617448.0,619383.8350118523,1.0,0.0,0.0,1935.835011852323,1935.835011852323
11711.0,619244.6,619383.9802404258,619463.8202849925,1.0,1.0,1.7457435198378461,219.22028499247972,79.84004456666298
11712.0,619397.35,619463.8202849925,619536.8202849925,0.0,0.0,0.9105518492120509,139.47028499247972,73.0
11710.0,619231.6,619383.8350118523,619717.4498328309,0.0,2.0,0.4563196904915374,485.8498328309506,333.61482097860426
11709.0,619199.75,619206.6616101376,619801.0575073361,0.0,1.0,0.01162795734312695,601.3075073361397,594.3958971985849
11713.0,619778.25,619778.25,619830.6226534664,2.0,0.0,0.0,52.37265346641652,52.37265346641652
11714.0,619927.1,619927.1,620000.1,0.0,0.0,0.0,73.0,73.0
11715.0,620652.5,620652.5,620972.855860451,1.0,0.0,0.0,320.35586045100354,320.35586045100354
11694.0,617430.4500000001,617430.4500000001,621189.0947134433,2.0,0.0,0.0,3758.6447134432383,3758.6447134432383
11719.0,621112.05,621112.05,621209.0235565745,1.0,0.0,0.0,96.97355657443404,96.97355657443404
11716.0,620936.55,621112.0577350588,621243.0577350588,0.0,0.0,1.3397537027387916,306.5077350587817,131.0
11721.0,621225.15,621225.15,621303.15,0.0,0.0,0.0,78.0,78.0
11723.0,621264.8,621303.15,621373.15,0.0,0.0,0.5478571428568102,108.34999999997672,70.0
11722.0,621234.25,621303.2138973448,621412.2138973448,0.0,0.0,0.6326963059153459,177.9638973447727,109.0
11717.0,620943.05,621112.1103960653,621503.7252828684,1.0,0.0,0.4317006369327439,560.6752828683238,391.61488680308685
11726.0,621641.8,621678.8961158268,621813.8961158268,0.0,0.0,0.2747860431610779,172.09611582674552,135.0
11718.0,620986.6,621243.0577350588,621855.986979369,0.0,2.0,0.4184132792480844,869.386979368981,612.9292443101294
11727.0,621678.85,621678.85,621946.7016728196,2.0,1.0,0.0,267.85167281958275,267.85167281958275
11720.0,621125.7000000001,621856.0149741655,622096.0149741655,0.0,0.0,3.0429790590225214,970.3149741654051,240.0
11724.0,621309.0,621373.15,622111.3370531036,0.0,2.0,0.08690209308103618,802.3370531036053,738.187053103582
11728.0,621792.6,621813.8961158268,622167.7142487869,0.0,0.0,0.060189441532143444,375.1142487869365,353.81813296012115
11647.0,601811.6,601811.6,622196.8005749932,1.0,1.0,0.0,20385.200574993272,20385.200574993272
11671.0,609564.15,609564.15,622356.378040037,1.0,0.0,0.0,12792.228040036978,12792.228040036978
11682.0,613112.5,613112.5,622780.3594020891,1.0,0.0,0.0,9667.859402089147,9667.859402089147
11540.0,550132.05,550132.05,623121.5360799729,1.0,1.0,0.0,72989.48607997282,72989.48607997282
11706.0,618524.4,618976.0726748938,623123.7338594161,0.0,1.0,0.1088981608669583,4599.333859416074,4147.661184522323
11725.0,621380.5,621412.2138973448,623226.2642255459,0.0,1.0,0.017482369067577573,1845.7642255459214,1814.0503282011487
11736.0,623203.75,623203.75,623265.6767536227,1.0,0.0,0.0,61.92675362271257,61.92675362271257
11731.0,622105.9,622105.9,623949.9,0.0,0.0,0.0,1844.0,1844.0
11685.0,614262.35,614262.35,624463.3392636004,1.0,2.0,0.0,10200.989263600437,10200.989263600437
11733.0,622242.4,622356.378040037,624791.8427737757,0.0,1.0,0.046799298079759244,2549.442773775663,2435.464733738685
11681.0,612912.3,612912.3,624950.0652192915,1.0,0.0,0.0,12037.76521929144,12037.76521929144
11732.0,622232.0,622232.0,625020.3497996534,2.0,1.0,0.0,2788.349799653399,2788.349799653399
11737.0,623210.25,623226.2642255459,625292.7540269864,2.0,0.0,0.007749482012811387,2082.5040269864257,2066.4898014405044
11707.0,619015.8,619083.0726748938,625828.6298928595,2.0,0.0,0.009972886259797408,6812.829892859445,6745.557217965717
11545.0,553858.5,553858.5,626211.5365968555,1.0,0.0,0.0,72353.0365968555,72353.0365968555
11739.0,624492.7000000001,624870.3983960998,626360.7199031673,2.0,1.0,0.25343417129027274,1868.0199031672673,1490.321507067536
11703.0,618236.4500000001,618976.0726748938,626635.9747085188,0.0,1.0,0.09655771988296269,8399.524708518758,7659.902033625054
11738.0,624479.05,624479.05,626804.7742742276,2.0,0.0,0.0,2325.724274227512,2325.724274227512
11650.0,605888.4,605888.4,628216.0024027136,2.0,0.0,0.0,22327.602402713615,22327.602402713615
11730.0,622093.55,622093.55,628361.675051601,0.0,2.0,0.0,6268.125051600975,6268.125051600975
11702.0,618186.4,618976.0726748938,629963.9819178031,0.0,1.0,0.07186741876334136,11777.581917803036,10987.909242909285
11557.0,556773.1,556773.1,630070.4970290033,2.0,1.0,0.0,73297.39702900336,73297.39702900336
11704.0,618489.9500000001,618976.0726748938,630222.6244849991,0.0,2.0,0.04322415288719071,11732.674484999035,11246.551810105331
11680.0,612907.1,612907.1,630997.6112551425,2.0,0.0,0.0,18090.51125514251,18090.51125514251
11758.0,630862.7000000001,630997.6112551425,631227.5209956527,0.0,0.0,0.5868009543356191,364.8209956525825,229.90974051016383
11667.0,609044.15,609044.15,631653.1323023404,2.0,0.0,0.0,22608.98230234033,22608.98230234033
11684.0,614098.55,614098.55,631690.4393945526,1.0,0.0,0.0,17591.889394552563,17591.889394552563
11617.0,568282.0,568282.0,632180.4810853057,1.0,0.0,0.0,63898.481085305684,63898.481085305684
11761.0,632158.15,632180.4810853057,632317.8365660687,2.0,0.0,0.16257877138655968,159.68656606867444,137.35548076301347
11743.0,624945.75,624950.0652192915,632444.1187927672,0.0,1.0,0.000575819114338741,7498.368792767171,7494.053573475685
11748.0,627498.9500000001,628216.0024027136,632728.5535362465,1.0,0.0,0.15890177894830548,5229.603536246461,4512.551133532892
11693.0,617096.35,617096.35,633507.7830064934,1.0,1.0,0.0,16411.433006493375,16411.433006493375
11674.0,610106.9,610106.9,636037.7147429419,1.0,2.0,0.0,25930.814742941875,25930.814742941875
11734.0,622436.1,622780.3594020891,636436.6673211859,0.0,6.0,0.02520881955274037,14000.567321185954,13656.307919096784
11689.0,615495.4,615495.4,636557.4,0.0,0.0,0.0,21062.0,21062.0
11675.0,611325.0,611325.0,637370.0,0.0,0.0,0.0,26045.0,26045.0
11741.0,624881.4,624881.4,639478.1428502481,0.0,0.0,0.0,14596.74285024812,14596.74285024812
11729.0,621819.9,621855.986979369,639542.645451632,0.0,1.0,0.0020403503253894773,17722.745451631956,17686.65847226302
11763.0,639666.9500000001,639666.9500000001,639866.9500000001,0.0,0.0,0.0,200.0,200.0
11765.0,639826.85,639866.9947346429,640023.9947346429,0.0,0.0,0.2556989467702806,197.14473464293405,157.0
11764.0,639744.9500000001,639866.9500000001,640028.9500000001,0.0,0.0,0.7530864197530864,284.0,162.0
11749.0,627517.8,628216.0024027136,643070.2232695698,2.0,0.0,0.04700363680948578,15552.423269569757,14854.220866856165
11735.0,622765.0,622780.3594020891,644286.9454141366,1.0,0.0,0.0007141720252829958,21521.94541413663,21506.586012047483
11750.0,627634.8,628216.0257757924,646061.868497695,1.0,0.0,0.03256925351465923,18427.068497694912,17845.842721902533
11696.0,617737.25,617737.25,647452.4329905772,28.0,31.0,0.0,29715.18299057719,29715.18299057719
11775.0,645289.4500000001,647452.4329905772,647575.7677580013,3.0,0.0,17.537496001744184,2286.3177580012707,123.33476742415223
11688.0,615472.0,615472.0,647663.9347759676,2.0,1.0,0.0,32191.934775967617,32191.934775967617
11747.0,627487.9,627487.9,648407.3698420433,1.0,1.0,0.0,20919.46984204324,20919.46984204324
11746.0,627219.4500000001,627488.0257376533,649228.9380226579,1.0,0.0,0.01235347137840341,22009.48802265781,21740.912285004626
11708.0,619020.35,619083.0726748938,649526.5960560802,1.0,1.0,0.002060296178876553,30506.246056080214,30443.523381186416
11755.0,628700.8,630070.509714451,650962.2379349434,1.0,0.0,0.06556229814953571,22261.43793494336,20891.72822049237
11778.0,651216.8,651216.8,651324.8068173857,1.0,0.0,0.0,108.00681738567073,108.00681738567073
11757.0,629226.0,630070.5568287096,652391.8228048561,1.0,1.0,0.037836421536846555,23165.822804856114,22321.265976146562
11753.0,628226.3,630070.4970290033,652466.3087149631,2.0,0.0,0.08234562135381053,24240.0087149631,22395.81168595981
11756.0,629157.75,630070.4970290033,652493.3556741254,1.0,0.0,0.040706095661085615,23335.60567412537,22422.858645122033
11742.0,624917.15,624950.0652192915,652552.8062969588,1.0,0.0,0.0011924619804550287,27635.656296958798,27602.741077667335
11754.0,628496.7000000001,630070.4970290033,653693.399099183,1.0,1.0,0.06662166334719502,25196.699099182966,23622.902070179698
11745.0,626329.6,627487.9452674474,653986.6527953859,1.0,2.0,0.04371327417483006,27657.052795385942,26498.70752793853
11740.0,624870.35,624870.35,654067.0139121419,1.0,0.0,0.0,29196.66391214193,29196.66391214193
11768.0,640952.65,640952.65,654515.3422791314,1.0,0.0,0.0,13562.692279131385,13562.692279131385
11769.0,642777.85,643070.2232695698,654837.6743021825,1.0,1.0,0.024845930419386004,12059.824302182533,11767.451032612706
11744.0,626314.65,626314.65,655036.5242529975,1.0,2.0,0.0,28721.874252997455,28721.874252997455
11770.0,642851.3,643070.2232695698,655120.2119603725,1.0,0.0,0.018167923239368104,12268.911960372468,12049.988690802711
11762.0,632236.8,632317.8365660687,655675.1263135253,1.0,1.0,0.0034694336091573067,23438.326313525205,23357.289747456554
11772.0,644248.15,644286.9869893718,656200.9881608858,1.0,1.0,0.003259777199339444,11952.83816088573,11914.001171513926
11784.0,656793.15,656793.15,656951.0351793763,2.0,0.0,0.0,157.88517937622964,157.88517937622964
11785.0,656864.0,656864.0,656965.9798644081,1.0,0.0,0.0,101.97986440814566,101.97986440814566
11372.0,513945.25,513945.25,657077.1308655279,2.0,1.0,0.0,143131.8808655279,143131.8808655279
11771.0,643454.5,644286.9454141366,657471.141303301,1.0,2.0,0.06313964242755138,14016.641303300974,13184.195889164344
11767.0,640851.25,640952.6623998942,657870.3546892372,1.0,0.0,0.005994458236960112,17019.104689237196,16917.692289342987
11789.0,660188.1,660188.1,660991.8709679529,2.0,0.0,0.0,803.7709679529071,803.7709679529071
11792.0,660903.1,660903.1,661084.1,0.0,0.0,0.0,181.0,181.0
11793.0,661139.05,661139.05,661274.8659172083,2.0,0.0,0.0,135.8159172082087,135.8159172082087
11780.0,654183.4,654183.4,662495.5528861982,1.0,0.0,0.0,8312.152886198135,8312.152886198135
11797.0,663156.0,663156.0,663218.1895133256,1.0,0.0,0.0,62.18951332557481,62.18951332557481
11798.0,663188.5,663188.5,663280.0199486848,1.0,0.0,0.0,91.51994868484326,91.51994868484326
11799.0,663247.0,663247.0,663393.0,0.0,0.0,0.0,146.0,146.0
11766.0,639899.65,640023.9947346429,663746.2453685708,1.0,2.0,0.005241692137973115,23846.595368570765,23722.250633927877
11781.0,654247.1,654247.1,663797.8421937438,1.0,0.0,0.0,9550.74219374382,9550.74219374382
11802.0,664383.85,664383.85,664490.8982779008,1.0,0.0,0.0,107.04827790078707,107.04827790078707
11803.0,664425.4500000001,664425.4500000001,664492.7738362544,1.0,0.0,0.0,67.3238362543052,67.3238362543052
11804.0,664490.4500000001,664490.4500000001,664550.9329061899,1.0,0.0,0.0,60.48290618986357,60.48290618986357
11805.0,664545.05,664545.05,664588.9182929114,1.0,0.0,0.0,43.868292911327444,43.868292911327444
11807.0,664615.9,664615.9,664671.5536208047,1.0,0.0,0.0,55.65362080466002,55.65362080466002
11808.0,664650.35,664650.35,664727.0095558828,0.0,1.0,0.0,76.65955588279758,76.65955588279758
11782.0,656357.65,656357.65,664778.8795116807,1.0,0.0,0.0,8421.229511680664,8421.229511680664
11809.0,664736.15,664736.15,664794.4076050627,2.0,0.0,0.0,58.25760506268125,58.25760506268125
11783.0,656433.7000000001,656433.7000000001,665041.6731723181,1.0,0.0,0.0,8607.973172318074,8607.973172318074
11812.0,665206.75,665206.75,665277.1306290856,2.0,0.0,0.0,70.3806290855864,70.3806290855864
11810.0,664975.35,664975.35,665281.4143164336,1.0,0.0,0.0,306.06431643362157,306.06431643362157
11813.0,665216.5,665216.5,665285.3638914035,1.0,2.0,0.0,68.86389140354004,68.86389140354004
11773.0,644386.6,646061.868497695,665336.1347015422,2.0,0.0,0.086917368473441,20949.53470154223,19274.266203847248
11824.0,666907.15,666907.15,666962.3474004614,2.0,0.0,0.0,55.19740046141669,55.19740046141669
11691.0,616625.75,616625.75,667143.5711687692,2.0,1.0,0.0,50517.82116876915,50517.82116876915
11827.0,667735.25,667735.25,667808.25,0.0,0.0,0.0,73.0,73.0
11828.0,667880.85,667880.85,667973.2149491844,1.0,1.0,0.0,92.36494918446988,92.36494918446988
11829.0,667918.55,667918.55,667975.2186271065,2.0,0.0,0.0,56.66862710646819,56.66862710646819
11774.0,644421.05,646061.9227835138,668389.4027614524,2.0,1.0,0.0734911770219953,23968.35276145232,22327.47997793858
11822.0,666354.65,666354.65,668574.1290088834,1.0,0.0,0.0,2219.4790088833543,2219.4790088833543
11830.0,668801.25,668801.25,668983.25,0.0,0.0,0.0,182.0,182.0
11831.0,669006.65,669006.65,669053.65,0.0,0.0,0.0,47.0,47.0
11815.0,665279.55,665279.55,669064.4520909057,1.0,0.0,0.0,3784.9020909057,3784.9020909057
11786.0,656934.2000000001,656934.2000000001,669201.204724078,1.0,0.0,0.0,12267.00472407788,12267.00472407788
11832.0,669074.25,669074.25,669233.5854540763,2.0,1.0,0.0,159.33545407629572,159.33545407629572
11821.0,666320.2000000001,666320.2000000001,669254.754175117,1.0,0.0,0.0,2934.5541751169367,2934.5541751169367
11833.0,669210.1,669210.1,669341.1,0.0,0.0,0.0,131.0,131.0
11788.0,660112.05,660112.05,669847.4388051404,1.0,0.0,0.0,9735.388805140392,9735.388805140392
11834.0,669750.25,669750.25,669877.7978865674,1.0,0.0,0.0,127.54788656742312,127.54788656742312
11835.0,669814.6,669814.6,669920.1186597737,1.0,0.0,0.0,105.51865977374837,105.51865977374837
11837.0,669971.9,669971.9,670045.8622357467,1.0,0.0,0.0,73.96223574667238,73.96223574667238
11823.0,666381.9500000001,666381.9500000001,670095.0128309393,0.0,3.0,0.0,3713.0628309391905,3713.0628309391905
11776.0,645360.3,647452.4329905772,670306.0243762952,1.0,0.0,0.09154504232033267,24945.72437629511,22853.59138571797
11839.0,670178.6,670178.6,670318.7249132363,2.0,0.0,0.0,140.12491323635913,140.12491323635913
11818.0,665402.4,665402.4,670356.7795301374,1.0,0.0,0.0,4954.379530137405,4954.379530137405
11843.0,670901.4,670901.4,671041.3004768185,1.0,0.0,0.0,139.90047681843862,139.90047681843862
11845.0,671152.3,671152.3,671291.7913770354,1.0,0.0,0.0,139.49137703538872,139.49137703538872
11844.0,671006.05,671006.05,671385.6260453418,0.0,1.0,0.0,379.5760453417897,379.5760453417897
11791.0,660764.0,660764.0,671403.2526772269,1.0,0.0,0.0,10639.252677226905,10639.252677226905
11847.0,671286.2000000001,671286.2000000001,671436.0595581793,1.0,0.0,0.0,149.85955817927606,149.85955817927606
11801.0,664110.85,664110.85,671498.7683271946,2.0,0.0,0.0,7387.918327194639,7387.918327194639
11846.0,671207.55,671207.55,671758.437589123,2.0,1.0,0.0,550.8875891229836,550.8875891229836
11840.0,670315.75,670315.75,671871.6813681521,2.0,0.0,0.0,1555.9313681521453,1555.9313681521453
11817.0,665336.1,665336.1,671900.0063341649,2.0,1.0,0.0,6563.906334164902,6563.906334164902
11820.0,666159.65,666159.65,672356.1089779605,1.0,0.0,0.0,6196.458977960516,6196.458977960516
11683.0,613128.1,613128.1,672392.5714737932,2.0,1.0,0.0,59264.471473793266,59264.471473793266
11850.0,672870.9,672870.9,672912.1065205877,1.0,0.0,0.0,41.20652058767155,41.20652058767155
11800.0,664086.8,664086.8,673143.5622186076,1.0,0.0,0.0,9056.76221860759,9056.76221860759
11851.0,673159.5,673159.5,673240.5,0.0,0.0,0.0,81.0,81.0
11796.0,662318.15,662318.15,673277.3265970834,1.0,0.0,0.0,10959.176597083337,10959.176597083337
11853.0,673341.5,673341.5,673404.7882406128,2.0,0.0,0.0,63.28824061283376,63.28824061283376
11852.0,673271.3,673271.3,673433.3138937382,1.0,0.0,0.0,162.01389373815618,162.01389373815618
11777.0,645578.7000000001,647452.4329905772,673521.5879705178,1.0,1.0,0.07187547858835072,27942.88797051774,26069.15497994062
11814.0,665269.15,665269.15,673642.6528764134,1.0,0.0,0.0,8373.502876413404,8373.502876413404
11854.0,673528.7000000001,673528.7000000001,673696.7257402816,1.0,0.0,0.0,168.02574028156232,168.02574028156232
11857.0,673580.7000000001,673580.7000000001,673716.1163585526,1.0,0.0,0.0,135.4163585525239,135.4163585525239
11862.0,673657.4,673657.4,673726.0969434591,1.0,0.0,0.0,68.69694345910102,68.69694345910102
11859.0,673630.75,673630.75,673735.9979770402,1.0,0.0,0.0,105.2479770402424,105.2479770402424
11861.0,673650.9,673650.9,673747.0628446414,1.0,0.0,0.0,96.16284464136697,96.16284464136697
11864.0,673713.3,673713.3,673783.0775400914,1.0,0.0,0.0,69.77754009130877,69.77754009130877
11865.0,673739.9500000001,673739.9500000001,673827.7227151479,2.0,0.0,0.0,87.77271514781751,87.77271514781751
11863.0,673692.5,673692.5,673828.5425130841,1.0,0.0,0.0,136.04251308413222,136.04251308413222
11858.0,673587.2000000001,673587.2000000001,673857.2378663344,1.0,0.0,0.0,270.03786633431446,270.03786633431446
11856.0,673543.0,673543.0,673860.6087044151,3.0,0.0,0.0,317.60870441515,317.60870441515
11855.0,673535.85,673535.85,673877.4535109417,2.0,0.0,0.0,341.603510941728,341.603510941728
11860.0,673636.6,673636.6,673912.2622740257,0.0,1.0,0.0,275.66227402572986,275.66227402572986
11880.0,673918.7000000001,673918.7000000001,673964.9099436303,1.0,0.0,0.0,46.209943630266935,46.209943630266935
11886.0,673969.4,673969.4,673996.516890565,1.0,0.0,0.0,27.11689056502655,27.11689056502655
11868.0,673795.85,673795.85,674060.965667629,1.0,0.0,0.0,265.1156676290557,265.1156676290557
11877.0,673903.1,673903.1,674094.2486807513,1.0,0.0,0.0,191.14868075132836,191.14868075132836
11876.0,673888.15,673888.15,674095.3385011704,1.0,0.0,0.0,207.18850117037073,207.18850117037073
11890.0,674027.9,674027.9,674119.6059624194,2.0,0.0,0.0,91.70596241939347,91.70596241939347
11875.0,673882.9500000001,673882.9500000001,674143.4765305592,1.0,0.0,0.0,260.5265305591747,260.5265305591747
11878.0,673907.65,673907.65,674151.0932870018,1.0,0.0,0.0,243.4432870018063,243.4432870018063
11867.0,673790.65,673790.65,674194.2254041656,2.0,0.0,0.0,403.5754041655455,403.5754041655455
11887.0,673975.25,673975.25,674217.7035514405,1.0,0.0,0.0,242.45355144049972,242.45355144049972
11879.0,673913.5,673913.5,674273.2817127374,1.0,0.0,0.0,359.7817127374001,359.7817127374001
11888.0,673980.4500000001,673980.4500000001,674332.712975728,2.0,0.0,0.0,352.26297572790645,352.26297572790645
11893.0,674466.65,674466.65,674544.65,0.0,0.0,0.0,78.0,78.0
11848.0,671636.55,671636.55,674578.0444614063,1.0,2.0,0.0,2941.494461406255,2941.494461406255
11874.0,673875.15,673875.15,674657.1557769715,2.0,0.0,0.0,782.0057769714622,782.0057769714622
11885.0,673965.5,673965.5,674707.9644101923,2.0,0.0,0.0,742.4644101923332,742.4644101923332
11869.0,673810.15,673810.15,674709.2586252758,1.0,1.0,0.0,899.1086252757814,899.1086252757814
11894.0,674594.05,674657.1557769715,674732.1851321018,1.0,2.0,0.8410811589926002,138.13513210171368,75.02935513027478
11895.0,674655.8,674657.1557769715,674782.1557769715,0.0,0.0,0.010846215771511196,126.3557769714389,125.0
11896.0,674801.4,674801.4,674916.4,0.0,0.0,0.0,115.0,115.0
11897.0,675173.2000000001,675173.2000000001,675266.6206915514,2.0,0.0,0.0,93.42069155129138,93.42069155129138
11881.0,673925.85,673925.85,675696.5046268109,1.0,0.0,0.0,1770.6546268109232,1770.6546268109232
11898.0,675485.2000000001,675485.2000000001,675715.0557096769,0.0,0.0,0.0,229.85570967686363,229.85570967686363
11900.0,675679.55,675696.5046268109,675791.2663724747,2.0,0.0,0.17891847276643902,111.71637247467879,94.76174566382542
11903.0,675735.4500000001,675791.2663724747,675893.284625683,2.0,0.0,0.5471214289536503,157.83462568290997,102.01825320825446
11825.0,667554.55,667554.55,675902.4599163159,1.0,0.0,0.0,8347.90991631581,8347.90991631581
11908.0,675780.3,675791.4866720942,675928.4866720942,0.0,0.0,0.08165454083329651,148.18667209416162,137.0
11911.0,675788.75,675791.9340668052,675950.247644755,2.0,0.0,0.020112405053352968,161.497644755058,158.31357794988435
11826.0,667620.85,667620.85,675980.2677177129,1.0,0.0,0.0,8359.417717712931,8359.417717712931
11910.0,675784.2000000001,675791.7488349448,676000.7488349448,0.0,0.0,0.036118827486727116,216.54883494472597,209.0
11912.0,675790.7000000001,675792.1615674826,676001.1615674826,0.0,0.0,0.006993145849578011,210.4615674825618,209.0
11907.0,675779.65,675791.407127536,676011.407127536,0.0,0.0,0.05344148879997771,231.7571275359951,220.0
11909.0,675781.6,675791.6050380984,676011.6050380984,0.0,0.0,0.045477445901964196,230.00503809843212,220.0
11871.0,673838.1,673838.1,676016.6959897267,1.0,0.0,0.0,2178.5959897267167,2178.5959897267167
11906.0,675775.75,675791.3474032382,676022.3474032382,0.0,0.0,0.0675212261392997,246.59740323817823,231.0
11913.0,675792.0,675902.4599163159,676065.2480132439,1.0,0.0,0.678550326469425,273.2480132438941,162.7880969280377
11922.0,676048.75,676048.75,676119.75,0.0,0.0,0.0,71.0,71.0
11923.0,676059.15,676065.2480132439,676131.1982352945,1.0,0.0,0.0924638773647658,72.04823529452551,65.9502220506547
11921.0,675996.75,676001.1615674826,676143.1615674826,0.0,0.0,0.03106737663825108,146.41156748263165,142.0
11924.0,676060.4500000001,676065.3203481763,676184.8315782135,1.0,1.0,0.040752221985369194,124.38157821341883,119.5112300371984
11919.0,675942.8,675950.3540225439,676219.3543268131,1.0,0.0,0.028081836428964103,276.55432681308594,269.00030426925514
11916.0,675922.65,675928.5674989152,676234.1152083845,1.0,0.0,0.019366857390300807,311.4652083844412,305.5477094692178
11917.0,675931.1,675950.247644755,676256.5591233104,2.0,0.0,0.0625103729229764,325.4591233104002,306.3114785553189
11920.0,675954.5,675980.2677177129,676257.1165840105,1.0,0.0,0.0930750342506589,302.61658401053865,276.8488662976306
11918.0,675936.9500000001,675950.2961977029,676258.257850843,2.0,0.0,0.043337206326568865,321.3078508429462,307.9616531401407
11935.0,676182.65,676184.8315782135,676295.8315782135,0.0,0.0,0.019653857778967568,113.1815782134654,111.0
11901.0,675729.6,675730.9304328186,676332.4228851227,1.0,0.0,0.0022118861400904247,602.8228851227323,601.4924523041118
11939.0,676393.25,676393.25,676459.25,0.0,0.0,0.0,66.0,66.0
11915.0,675912.9,675928.5236453094,676567.7992443029,0.0,2.0,0.024439608416083287,654.8992443028837,639.2755989935249
11914.0,675905.1,675928.4866720942,676693.6794288605,0.0,2.0,0.030563112219020836,788.5794288605684,765.192756766337
11905.0,675763.4,675791.2947952776,676730.2588340424,0.0,3.0,0.029708054969090934,966.8588340423303,938.9640387647087
11925.0,676107.9,676131.1982352945,676805.0022257809,2.0,1.0,0.034577170250520865,697.1022257808363,673.8039904863108
11940.0,676571.35,676571.35,676918.3895843395,1.0,1.0,0.0,347.0395843394799,347.0395843394799
11932.0,676172.25,676185.1603759809,676920.4485226845,1.0,0.0,0.017558253915518452,748.1985226845136,735.2881467036204
11953.0,676811.2000000001,676918.3895843395,676959.5643314588,1.0,0.0,2.6032845819014487,148.36433145869523,41.17474711930845
11954.0,676878.15,676918.3895843395,676968.4497615526,2.0,0.0,0.8038242487254423,90.29976155259646,50.060177213163115
11931.0,676169.0,676185.0322494535,676998.9055597486,1.0,0.0,0.019698704025154928,829.905559748644,813.8733102951664
11934.0,676178.75,676185.4711469046,677010.2533275003,1.0,0.0,0.008148996259565664,831.5033275003079,824.7821805956773
11930.0,676161.2000000001,676184.9413333508,677059.3438451695,1.0,1.0,0.02715149262482339,898.1438451694557,874.4025118186837
11938.0,676225.55,676234.1152083845,677138.1152083845,0.0,0.0,0.00947478803586054,912.5652083844179,904.0
11779.0,651288.3,651288.3,677230.6509744935,1.0,0.0,0.0,25942.350974493427,25942.350974493427
11873.0,673860.85,673860.85,677437.4064748198,2.0,0.0,0.0,3576.5564748197794,3576.5564748197794
11870.0,673825.1,673825.1,677511.4016410346,2.0,1.0,0.0,3686.301641034661,3686.301641034661
11955.0,677419.6,677419.6,677518.6,0.0,0.0,0.0,99.0,99.0
11937.0,676214.5,676219.3943199747,677667.3380657736,0.0,3.0,0.0033801865499964567,1452.838065773598,1447.943745798897
11927.0,676150.15,676184.8315782135,677846.9394323295,0.0,3.0,0.02086602149648752,1696.789432329475,1662.1078541160095
11936.0,676200.2000000001,676219.3543268131,677869.387618594,0.0,2.0,0.01160844869523189,1669.1876185939182,1650.0332917808555
11960.0,677722.5,677846.9394323295,677941.7536432571,2.0,1.0,1.3124554970409115,219.25364325707778,94.81421092757955
11926.0,676147.55,676147.55,677946.3251140934,0.0,2.0,0.0,1798.775114093325,1798.775114093325
11929.0,676156.65,676184.8822511714,677977.6705530934,0.0,2.0,0.015747677035322222,1821.0205530934036,1792.7883019220317
11928.0,676153.4,676184.8315782135,677997.9537900521,0.0,0.0,0.0173356092646353,1844.5537900520721,1813.1222118386067
11872.0,673855.65,673855.65,677998.7970256662,2.0,0.0,0.0,4143.1470256662,4143.1470256662
11958.0,677510.6,677667.3380657736,678002.2592258155,0.0,2.0,0.4679849602634706,491.6592258155579,334.9211600419367
11933.0,676174.85,676185.2939690984,678063.2913644346,0.0,2.0,0.005561226615287878,1888.4413644346641,1877.9973953362787
11957.0,677489.15,677489.15,678107.3445041861,0.0,1.0,0.0,618.1945041860454,618.1945041860454
11945.0,676729.3,676730.4201707386,678172.925801988,1.0,0.0,0.0007765451408171117,1443.625801987946,1442.505631249398
11974.0,678076.1,678076.1,678174.8664006426,2.0,0.0,0.0,98.76640064257663,98.76640064257663
11883.0,673946.65,673946.65,678194.2453338751,2.0,0.0,0.0,4247.5953338750405,4247.5953338750405
11962.0,677888.9,677888.9,678234.6909510456,0.0,0.0,0.0,345.7909510455793,345.7909510455793
11951.0,676783.9,676805.3685320872,678276.5189496335,2.0,0.0,0.014593023141013807,1492.618949633441,1471.150417546276
11975.0,678120.3,678172.925801988,678276.9035833036,1.0,1.0,0.5061254560551697,156.603583303513,103.97778131556697
11942.0,676711.75,676730.2842239107,678298.2095827735,2.0,0.0,0.011820858566951213,1586.459582773503,1567.925358862849
11836.0,669899.1,669899.1,678397.2814706446,1.0,0.0,0.0,8498.18147064466,8498.18147064466
11976.0,678306.2000000001,678306.2000000001,678489.3593679151,0.0,2.0,0.0,183.15936791501008,183.15936791501008
11944.0,676723.4500000001,676730.345947381,678583.975737562,1.0,1.0,0.003720239832922163,1860.525737561984,1853.6297901810613
11977.0,678509.65,678509.65,678585.7254893903,2.0,0.0,0.0,76.0754893902922,76.0754893902922
11941.0,676705.25,676705.25,678602.1019747029,0.0,0.0,0.0,1896.8519747029059,1896.8519747029059
11884.0,673953.15,673953.15,678704.7463152049,0.0,1.0,0.0,4751.596315204864,4751.596315204864
11950.0,676777.4,676805.2398862379,678714.3287999672,0.0,1.0,0.0145828127949701,1936.928799967165,1909.088913729298
11966.0,677910.35,677946.486446183,678739.1357843349,2.0,0.0,0.045589448503443764,828.7857843348756,792.6493381519103
11882.0,673931.7000000001,673931.7000000001,678741.8599786113,1.0,1.0,0.0,4810.159978611278,4810.159978611278
11973.0,677948.05,677997.9537900521,678820.810954046,2.0,1.0,0.06064696551930409,872.7609540459234,822.8571639938746
11980.0,678536.9500000001,678585.7254893903,678827.5943413351,0.0,0.0,0.20166089596926054,290.64434133504983,241.8688519448042
11986.0,678826.2000000001,678826.2000000001,678865.5312174394,1.0,0.0,0.0,39.33121743937954,39.33121743937954
11985.0,678798.9,678798.9,678923.9,0.0,0.0,0.0,125.0,125.0
11816.0,665317.9,665317.9,679042.450770305,2.0,1.0,0.0,13724.55077030498,13724.55077030498
11964.0,677904.5,677946.3396428411,679069.764240486,0.0,1.0,0.03724294708238504,1165.2642404859653,1123.4245976448292
11988.0,678979.6,679069.7937566807,679180.7302361283,1.0,0.0,0.8130216239940325,201.13023612834513,110.93647944764234
11990.0,679136.25,679180.7302361283,679305.7302361283,0.0,0.0,0.35584188902657476,169.48023612832185,125.0
11952.0,676789.1,676805.5432232192,679422.7380366116,0.0,1.0,0.006282766240826786,2633.6380366116064,2617.194813392358
11949.0,676770.9,676805.1487123807,679528.771880009,0.0,2.0,0.012574688300390996,2757.8718800089555,2723.623167628306
11992.0,679355.3,679551.6264867693,679665.9611654227,2.0,0.0,1.7171210789371423,310.66116542264353,114.3346786533948
11948.0,676761.8,676805.072161122,679689.5196130119,0.0,1.0,0.01500188921576446,2927.71961301181,2884.447451889864
11970.0,677937.0,677947.0001190461,679776.9482193335,0.0,3.0,0.005464700908459834,1839.9482193335425,1829.9481002874672
11787.0,659984.0,659984.0,679782.6667593195,2.0,1.0,0.0,19798.666759319487,19798.666759319487
11889.0,674021.4,674021.4,679793.148779075,1.0,0.0,0.0,5771.748779074987,5771.748779074987
11993.0,679551.6,679551.6,679821.4975812957,0.0,0.0,0.0,269.89758129569236,269.89758129569236
11994.0,679740.1,679740.1,679853.1748434213,2.0,0.0,0.0,113.07484342134558,113.07484342134558
11947.0,676753.35,676805.0322643743,679910.108258284,0.0,2.0,0.016644444282750352,3156.7582582840696,3105.0759939097334
11967.0,677914.25,677946.3251140934,680022.8661447543,0.0,0.0,0.015446414792565909,2108.616144754342,2076.54103066097
11995.0,679959.15,679959.15,680100.9834889066,1.0,1.0,0.0,141.83348890661728,141.83348890661728
11996.0,680005.9500000001,680022.8661447543,680128.8661447543,0.0,0.0,0.15958627126671654,122.91614475427195,106.0
11989.0,678998.4500000001,679069.764240486,680206.613465849,2.0,0.0,0.06272972606646655,1208.163465848891,1136.8492253629956
11997.0,680149.6,680149.6,680230.7456857311,2.0,0.0,0.0,81.14568573108409,81.14568573108409
11998.0,680255.55,680255.55,680334.4335882302,2.0,0.0,0.0,78.88358823012095,78.88358823012095
11946.0,676742.9500000001,676805.0022257809,680435.5831955752,0.0,0.0,0.017091541628475346,3692.633195575094,3630.580969794304
11943.0,676716.9500000001,676730.2588340424,680436.6120405803,0.0,0.0,0.0035908164442631425,3719.6620405801805,3706.3532065378968
12000.0,680470.7000000001,680470.7000000001,680568.3718311178,1.0,0.0,0.0,97.6718311177101,97.6718311177101
11999.0,680321.85,680334.4335882302,680604.2472478112,0.0,0.0,0.04663806958377069,282.3972478111973,269.8136595810065
12002.0,680609.15,680609.15,680702.7739446962,0.0,3.0,0.0,93.62394469615538,93.62394469615538
11618.0,568316.4500000001,568316.4500000001,680769.6836106116,2.0,0.0,0.0,112453.23361061153,112453.23361061153
12001.0,680491.5,680568.3718311178,680844.2104937556,0.0,0.0,0.2786840335674831,352.71049375564326,275.8386626378633
12003.0,680667.0,680769.6836106116,680977.5391153081,0.0,0.0,0.4940143912066866,310.53911530808546,207.85550469649024
12005.0,680885.4,680977.5391153081,681050.5391153081,0.0,0.0,1.2621796617542764,165.13911530806217,73.0
12004.0,680780.75,680844.2104937556,681076.119296169,0.0,0.0,0.27364417863934193,295.3692961690249,231.90880241338164
12006.0,680962.75,680977.546753901,681079.4924664918,2.0,0.0,0.1451434643501215,116.74246649176348,101.94571259070653
12008.0,681007.6,681050.573221767,681104.627051933,1.0,0.0,0.7950078955556985,97.02705193299334,54.05383016599808
12009.0,681060.9,681076.119296169,681136.119296169,0.0,0.0,0.2536549361500268,75.21929616900161,60.0
12011.0,681126.55,681126.55,681194.2690221919,1.0,0.0,0.0,67.71902219182812,67.71902219182812
12010.0,681090.8,681090.8,681196.8,0.0,0.0,0.0,106.0,106.0
11654.0,606188.05,606188.05,681240.8888294761,2.0,1.0,0.0,75052.83882947604,75052.83882947604
12013.0,681226.65,681226.65,681293.1521654231,2.0,0.0,0.0,66.5021654231241,66.5021654231241
12012.0,681138.25,681226.694429172,681329.1674474146,2.0,0.0,0.8630996792009941,190.91744741459843,102.47301824262831
12015.0,681300.1,681300.1,681374.8601887877,2.0,0.0,0.0,74.76018878770992,74.76018878770992
12014.0,681262.4,681262.4,681381.0391053575,0.0,1.0,0.0,118.63910535746254,118.63910535746254
12016.0,681365.1,681365.1,681454.7033545832,2.0,0.0,0.0,89.60335458326153,89.60335458326153
12017.0,681405.4,681405.4,681456.8428051935,1.0,1.0,0.0,51.442805193481036,51.442805193481036
12018.0,681448.3,681454.7033545832,681531.1604323211,3.0,0.0,0.08375097208322574,82.86043232108932,76.45707773789763
12019.0,681451.55,681531.1604323211,681787.0548790802,0.0,0.0,0.31110652587181803,335.50487908010837,255.89444675901905
11795.0,661885.25,661885.25,681870.3722357696,2.0,0.0,0.0,19985.12223576964,19985.12223576964
12023.0,681738.85,681787.2295264512,681890.2295264512,0.0,0.0,0.46970414030320434,151.37952645123005,103.0
12021.0,681628.35,681787.0548790802,681898.0548790802,0.0,0.0,1.4297736854070109,269.7048790801782,111.0
12022.0,681649.15,681787.1331721969,681912.1420988449,1.0,0.0,1.1037865526634352,262.992098844843,125.0089266479481
12024.0,681846.75,681870.3722357696,681930.3722357696,0.0,0.0,0.39370392949397987,83.62223576963879,60.0
12025.0,681907.85,681912.1420988449,682037.1455112697,2.0,1.0,0.034335853410969376,129.2955112697091,125.00341242481954
12026.0,682074.25,682074.25,682211.25,0.0,0.0,0.0,137.0,137.0
12027.0,682214.65,682214.65,682316.65,0.0,0.0,0.0,102.0,102.0
12028.0,682360.9,682360.9,682425.0878755166,1.0,0.0,0.0,64.18787551659625,64.18787551659625
12029.0,682461.0,682917.9722988314,682990.9722988314,0.0,0.0,6.259894504540357,529.9722988314461,73.0
12030.0,682673.55,682918.0221058002,682991.0221058002,0.0,0.0,3.3489329561667693,317.4721058001742,73.0
12020.0,681559.4500000001,681787.081849174,683749.359110952,0.0,6.0,0.11600391728927519,2189.909110951936,1962.2772617780138
12042.0,683495.8,683749.4172923246,683918.7934705765,1.0,0.0,1.4973610512531377,422.9934705764754,169.37617825192865
12041.0,683421.05,683749.359110952,684028.258004904,0.0,2.0,1.177161753134951,607.2080049039796,278.89889395202044
12040.0,683343.05,683749.359110952,684084.9667999761,0.0,2.0,1.2106668715889395,741.9167999760248,335.6076890240656
11972.0,677944.15,677947.5521787157,685180.4148854165,2.0,0.0,0.0004703778923564727,7236.264885416487,7232.862706700806
11838.0,669988.8,669988.8,686735.849392797,2.0,0.0,0.0,16747.049392796936,16747.049392796936
12051.0,686409.1,686735.8923672199,686834.6593457457,2.0,0.0,3.308720911560485,425.5593457457144,98.76697852578945
12039.0,682960.85,682991.146317047,686845.4326729535,2.0,0.0,0.007860421943103981,3884.5826729534892,3854.2863559065154
12031.0,682917.9500000001,682917.9500000001,686985.2175173915,1.0,0.0,0.0,4067.267517391476,4067.267517391476
12033.0,682925.75,682990.9722988314,687277.1068146251,0.0,1.0,0.01521704430673221,4351.356814625091,4286.134515793645
12052.0,686422.1,686735.9724943204,687298.2940624203,0.0,1.0,0.5581726046556775,876.1940624202834,562.3215680998983
11983.0,678603.25,678714.3287999672,687314.5256092945,1.0,2.0,0.012915843954491581,8711.275609294535,8600.196809327346
12032.0,682923.8,682990.9722988314,687758.4263669135,0.0,1.0,0.014089763188515248,4834.626366913435,4767.4540680820355
12035.0,682929.65,682991.0221058002,688017.8493489167,2.0,1.0,0.012208914854640792,5088.199348916649,5026.827243116451
11902.0,675730.9,675730.9,688789.1972268663,0.0,1.0,0.0,13058.297226866242,13058.297226866242
11794.0,661218.35,661218.35,691341.7038400684,2.0,0.0,0.0,30123.35384006845,30123.35384006845
11806.0,664584.05,664584.05,691348.524458744,2.0,1.0,0.0,26764.474458743935,26764.474458743935
12038.0,682957.6,682991.0632948248,693107.8426668403,0.0,1.0,0.0033077023422476265,10150.24266684032,10116.779372015502
11841.0,670480.2000000001,670480.2000000001,694024.846339438,2.0,1.0,0.0,23544.646339437924,23544.646339437924
12061.0,692418.35,694024.846339438,694138.3244382372,2.0,0.0,14.156884512844451,1719.9744382372592,113.4780987992417
12036.0,682943.9500000001,682990.9722988314,694255.2815193319,0.0,0.0,0.004174450284603189,11311.331519331783,11264.309220500407
12034.0,682927.05,682991.0221058002,695028.1364123201,2.0,1.0,0.0053145715967425795,12101.08641232003,12037.114306519856
11760.0,631255.9500000001,631653.1644575446,695234.6545310398,2.0,0.0,0.0062473285398840055,63978.70453103969,63581.490073495195
11751.0,627874.0,628216.1400163816,695680.4412405726,1.0,0.0,0.005071423110789535,67806.4412405726,67464.30122419097
11971.0,677941.55,677947.2693324436,695779.1276811174,0.0,2.0,0.0003207367584307663,17837.577681117342,17831.85834867379
11904.0,675754.9500000001,675791.2663724747,696278.0823439552,1.0,0.0,0.0017726704103366415,20523.132343955105,20486.81597148045
11987.0,678966.6,678966.6,699325.4277705689,2.0,0.0,0.0,20358.827770568896,20358.827770568896
12067.0,697114.6,699325.4277705689,699488.4277705689,0.0,0.0,13.563360555637399,2373.827770568896,163.0
11991.0,679215.55,679305.7302361283,699502.658859634,2.0,0.0,0.0044650470281566235,20287.10885963391,20196.928623505635
11891.0,674085.75,674085.75,700677.2412603179,2.0,8.0,0.0,26591.491260317853,26591.491260317853
12056.0,689146.25,689146.25,700895.8418505711,1.0,0.0,0.0,11749.591850571102,11749.591850571102
11961.0,677841.4500000001,677846.9690856973,701934.7767827531,1.0,1.0,0.00022912361999312395,24093.326782752993,24087.807697055745
12047.0,685801.35,685801.35,702751.5902982624,2.0,0.0,0.0,16950.240298262448,16950.240298262448
12049.0,686047.05,686735.856921887,703902.6842761717,2.0,0.0,0.04012429948012834,17855.63427617168,17166.827354284702
12037.0,682950.4500000001,682991.0221058002,707115.686052819,0.0,0.0,0.0016817687446031592,24165.236052818946,24124.663947018795
11866.0,673775.05,673775.05,709783.9447875902,1.0,1.0,0.0,36008.894787590136,36008.894787590136
12084.0,708449.3,709783.9907782392,709918.445701377,1.0,1.0,9.926678377342654,1469.145701376954,134.4549231377896
11759.0,631105.8,631653.1323023404,710287.4714333784,1.0,1.0,0.00696047437275742,79181.67143337836,78634.33913103805
12071.0,697310.25,699325.6298323314,710595.4236776434,2.0,0.0,0.17883023061418304,13285.173677643412,11269.793845311971
12059.0,691256.8,691341.7038400684,710634.1593323929,2.0,0.0,0.004400883034415074,19377.359332392807,19292.45549232443
12069.0,697298.55,699325.4277705689,710638.3084519148,1.0,0.0,0.17916548646278843,13339.758451914764,11312.880681345938
12072.0,697312.2000000001,699325.7582320058,712151.9459290016,1.0,0.0,0.15698805284732498,14839.745929001481,12826.187696995796
12070.0,697301.15,699325.543806737,712799.5398472694,2.0,0.0,0.15024450064014178,15498.389847269398,13473.996040532365
12060.0,691645.5,691645.5,712818.3921349798,1.0,0.0,0.0,21172.892134979833,21172.892134979833
11752.0,627903.9,628216.2674899319,713757.350880176,1.0,4.0,0.003651666281882719,85853.45088017592,85541.08339024405
12073.0,697314.15,699325.9070178716,713998.0548674628,1.0,2.0,0.13711400937986376,16683.904867462814,14672.147849591216
11978.0,678515.5,678585.7506911112,715724.2086029307,1.0,0.0,0.0018915888020445246,37208.70860293065,37138.45791181945
12080.0,699708.1,700677.2412603179,715803.1498075515,2.0,0.0,0.06407160649501077,16095.04980755155,15125.908547233674
12058.0,691189.2000000001,691341.7038400684,717634.368707817,0.0,2.0,0.005800242799101776,26445.168707816978,26292.664867748623
12066.0,696449.0,696449.0,718210.5631699127,2.0,0.0,0.0,21761.563169912668,21761.563169912668
11984.0,678722.85,678798.9466169486,719378.7361686846,34.0,66.0,0.0018752343910406052,40655.88616868458,40579.78955173597
12095.0,720232.5,720232.5,720384.0054272232,2.0,0.0,0.0,151.5054272231646,151.5054272231646
12096.0,720606.25,720606.25,720772.25,0.0,0.0,0.0,166.0,166.0
12098.0,720792.8,720792.8,720865.8,0.0,0.0,0.0,73.0,73.0
12097.0,720744.05,720792.9471844279,720950.9471844279,0.0,0.0,0.30947585080903545,206.8971844278276,158.0
12099.0,720962.4500000002,720962.4500000002,721069.9116815147,1.0,1.0,0.0,107.46168151451275,107.46168151451275
12100.0,720970.25,721046.3435586762,721130.223366211,1.0,0.0,0.907173739574535,159.97336621105205,83.87980753486045
12101.0,721046.3,721046.3,721252.1462153831,0.0,0.0,0.0,205.84621538303327,205.84621538303327
12103.0,721294.6,721294.6,721627.5639342469,2.0,1.0,0.0,332.9639342469163,332.9639342469163
12106.0,721526.0,721627.6418445073,721722.6418445073,0.0,0.0,1.0699141527084928,196.6418445073068,95.0
12104.0,721305.65,721627.5967552065,721730.5967552065,0.0,0.0,3.1256966524897596,424.94675520644523,103.0
12109.0,721771.7000000002,721771.7000000002,721824.1659967239,1.0,0.0,0.0,52.4659967237385,52.4659967237385
12105.0,721314.1,721627.5639342469,721825.4241034948,0.0,1.0,1.5842700197738413,511.32410349487327,197.86016924795695
12057.0,689150.15,691341.7038400684,721953.9774634632,0.0,2.0,0.07159069159742364,32803.82746346318,30612.27362339478
12108.0,721581.9,721627.795032135,721967.795032135,0.0,0.0,0.13498538863222004,385.8950321349548,340.0
12110.0,721832.8,721895.881470729,722010.1193989537,2.0,1.0,0.5521937565680913,177.31939895369578,114.23792822472751
12114.0,721923.8,721953.9774634632,722041.9774634632,0.0,0.0,0.34292572117225395,118.17746346315835,88.0
12111.0,721869.2000000002,721895.9569428299,722064.4272164807,0.0,1.0,0.1588229320809137,195.22721648053266,168.4702736508334
12115.0,721929.0,721954.0652452197,722084.7633284625,1.0,0.0,0.19177974609761095,155.76332846248988,130.69808324275073
12107.0,721554.6,721627.7089180547,722101.7543029643,2.0,0.0,0.15422345704023327,547.1543029643362,474.0453849096084
12117.0,722005.7000000002,722010.1193989537,722132.7836180031,3.0,0.0,0.0360284277502042,127.0836180029437,122.66421904938761
12118.0,722079.8,722084.7633284625,722382.815734703,0.0,2.0,0.016652536126276356,303.0157347029308,298.05240624048747
12113.0,721919.9,721953.9774634632,722486.9774634632,0.0,0.0,0.06393520349565034,567.0774634631816,533.0
12120.0,722197.4500000002,722382.815734703,722596.6766726421,0.0,0.0,0.8667582611815738,399.22667264193296,213.86093793914188
12122.0,722361.9,722382.8876994958,722640.6287708065,1.0,2.0,0.08142939496997754,278.7287708064541,257.74107131070923
12075.0,697330.4,699326.1037484312,723146.6884476995,0.0,1.0,0.08378063652201083,25816.28844769951,23820.584699268336
12048.0,685820.2000000001,686735.849392797,723208.2397934685,0.0,4.0,0.025105275051564884,37388.03979346843,36472.39040067152
12128.0,722738.25,723146.77633807,723311.3794933674,1.0,0.0,2.481886433659646,573.1294933673926,164.60315529734362
12126.0,722660.9,723146.729243691,723341.6430432172,0.0,1.0,2.4925338527681826,680.7430432172259,194.9137995262863
12121.0,722352.8,722382.8328323187,723354.0341844433,2.0,0.0,0.030923383964597304,1001.2341844432522,971.2013521245681
12123.0,722380.75,722382.9765867391,723448.9312661547,0.0,1.0,0.002088819329811969,1068.1812661547447,1065.9546794156777
11899.0,675646.4,675696.5046268109,723453.8243142341,0.0,1.0,0.0010491507299575614,47807.42431423406,47757.31968742318
12130.0,722874.75,723146.6884476995,723678.6884476995,0.0,0.0,0.5111624956758136,803.9384476995328,532.0
12112.0,721895.85,721895.85,723698.9668569277,0.0,0.0,0.0,1803.1168569277506,1803.1168569277506
12129.0,722753.85,723146.828881295,723709.828881295,0.0,0.0,0.6980086701511047,955.9788812950719,563.0
12127.0,722692.75,723146.6884476995,725025.7980257431,0.0,2.0,0.24157103609261002,2333.0480257431045,1879.1095780435717
12134.0,724846.85,724846.85,725054.769656451,0.0,0.0,0.0,207.91965645097662,207.91965645097662
12068.0,697221.2000000001,699325.4655118706,725588.1948556504,1.0,1.0,0.08012364154256807,28366.99485565035,26262.72934377985
12135.0,725011.3,725588.1948556504,725705.0472832994,2.0,0.0,4.936952250435311,693.7472832993371,116.85242764896248
11543.0,553731.1,553731.1,727132.9522149909,1.0,2.0,0.0,173401.85221499088,173401.85221499088
12139.0,726833.9,727132.9522149909,727263.3670486691,1.0,1.0,2.2930843567117716,429.4670486691175,130.41483367828187
12143.0,727391.6,727391.6,727431.3191022517,2.0,0.0,0.0,39.719102251692675,39.719102251692675
12144.0,727623.0,727623.0,727671.0,0.0,0.0,0.0,48.0,48.0
12142.0,727168.0,727189.772091824,727683.5029062112,0.0,0.0,0.04409708932386906,515.5029062111862,493.7308143872069
12145.0,727652.25,727671.0,727860.8120656458,1.0,0.0,0.09878191850557397,208.56206564581953,189.81206564581953
12131.0,723035.3,723146.9079719059,727864.6334995518,1.0,0.0,0.023657156664122065,4829.333499551751,4717.725527645904
12089.0,712629.4500000002,712818.3921349798,727957.8256756217,2.0,0.0,0.012480132395471086,15328.375675621559,15139.433540641912
12076.0,697332.35,699326.3134260612,727989.4293189348,0.0,1.0,0.06956548037252845,30657.07931893482,28663.11589287361
12050.0,686070.4500000001,686735.849392797,728809.7956791789,0.0,0.0,0.015814998390400167,42739.345679178834,42073.94628638192
12148.0,728481.65,728809.8561854783,729060.9052736914,1.0,0.0,1.3073386874825934,579.2552736913785,251.0490882131271
12147.0,728332.15,728809.7956791789,729252.1362838328,2.0,1.0,1.079814229472717,919.9862838328118,442.3406046539312
12082.0,706725.5,706725.5,729308.438426105,1.0,1.0,0.0,22582.938426104956,22582.938426104956
12085.0,708544.2000000002,709784.0816064442,729367.2604282027,2.0,0.0,0.06331360284911508,20823.0604282025,19583.178821758484
12152.0,729249.3,729252.1362838328,729520.1362838328,0.0,0.0,0.010583148629807713,270.83628383278847,268.0
12146.0,728318.5,728318.5,729722.5964159103,0.0,1.0,0.0,1404.0964159102878,1404.0964159102878
12156.0,729672.4500000002,729672.4500000002,729947.4500000002,0.0,0.0,0.0,275.0,275.0
12132.0,724196.85,724846.8908339632,730131.4819143413,5.0,6.0,0.1230068370619665,5934.631914341357,5284.591080378159
12157.0,730265.25,730265.25,730301.727691233,2.0,0.0,0.0,36.477691233041696,36.477691233041696
12158.0,730282.8,730301.727691233,730398.5830893202,1.0,1.0,0.19542216135396173,115.78308932017535,96.85539808718022
12159.0,730382.25,730422.5962303173,730523.8364497209,1.0,0.0,0.398519783490371,141.58644972089678,101.24021940364037
12160.0,730422.55,730422.55,730542.4842420989,0.0,0.0,0.0,119.93424209882505,119.93424209882505
12162.0,730517.4500000002,730523.8364497209,730593.8447946504,2.0,0.0,0.09122412088355117,76.39479465025943,70.00834492954891
12161.0,730423.85,730523.8364497209,730614.8364497209,0.0,0.0,1.0987521947353853,190.98644972092006,91.0
11892.0,674209.25,674209.25,730641.9737009751,24.0,29.0,0.0,56432.72370097507,56432.72370097507
12090.0,713427.65,713757.350880176,730994.8268292024,2.0,0.0,0.01912698130230278,17567.176829202333,17237.47594902641
12164.0,730663.7000000002,730994.8268292024,731102.7724135028,0.0,1.0,3.067534733802181,439.0724135026103,107.9455843004398
12168.0,731236.35,731236.35,731303.35,0.0,0.0,0.0,67.0,67.0
12169.0,731309.15,731309.15,731384.0189450312,2.0,0.0,0.0,74.86894503119402,74.86894503119402
12170.0,731714.75,731714.75,731787.6243040188,2.0,0.0,0.0,72.87430401879828,72.87430401879828
12074.0,697315.4500000001,699325.4277705689,731933.2228124896,0.0,0.0,0.06164102074319242,34617.77281248954,32607.795041920734
12171.0,732013.1,732013.1,732080.1,0.0,0.0,0.0,67.0,67.0
12091.0,713505.0,713757.350880176,732200.250861387,1.0,0.0,0.013682819970451019,18695.250861387,18442.899981211056
12172.0,732316.0,732316.0,732395.0,0.0,0.0,0.0,79.0,79.0
12166.0,730940.6,730994.8568893746,732865.9721888016,1.0,1.0,0.02899708499587964,1925.3721888016444,1871.115299427067
12173.0,734087.9,734087.9,734165.0093303787,1.0,0.0,0.0,77.10933037870564,77.10933037870564
12149.0,728526.5,728809.9581543476,734296.0471738355,0.0,1.0,0.05166852986539236,5769.547173835454,5486.089019487845
12174.0,734386.25,734386.25,734475.25,0.0,0.0,0.0,89.0,89.0
12175.0,734535.1,734535.1,734639.1,0.0,0.0,0.0,104.0,104.0
12181.0,734886.1,734886.1,734975.1,0.0,0.0,0.0,89.0,89.0
12182.0,735183.8,735228.7987949478,735408.2091415874,2.0,0.0,0.250814937881764,224.4091415873263,179.41034663957544
12183.0,735228.65,735228.65,735472.65,0.0,0.0,0.0,244.0,244.0
12176.0,734578.0,734886.1209237908,735611.2003095478,0.0,1.0,0.42494784687496057,1033.2003095478285,725.0793857569806
12184.0,736344.05,736344.05,736414.05,0.0,0.0,0.0,70.0,70.0
12078.0,699227.1,699326.8451042738,736489.2773282282,0.0,1.0,0.0026840305734748614,37262.17732822825,37162.43222395447
12088.0,712619.05,712818.3921349798,737002.0153870296,0.0,2.0,0.008242856452987881,24382.965387029573,24183.623252049787
12077.0,699226.4500000001,699326.5542709634,737665.764341616,0.0,2.0,0.002611015479423615,38439.314341615885,38339.21007065254
12188.0,739109.15,740312.7373102888,740382.3451588848,2.0,0.0,17.2909712707157,1273.1951588847442,69.60784859594423
12191.0,739943.75,740313.0038024993,740387.0038024993,0.0,0.0,4.989916249990111,443.2538024992682,74.0
12192.0,739947.0,740313.1507536216,740415.2303636429,2.0,1.0,3.586913719058329,468.2303636429133,102.07961002131924
12189.0,739305.4500000002,740312.46,740490.3315087681,0.0,0.0,5.66144632703502,1184.881508767954,177.8715087681776
12125.0,722610.2000000002,722640.6899555529,740681.9453288893,2.0,0.0,0.0016900129687094337,18071.745328889112,18041.255373336375
12079.0,699689.9,699689.9,740986.865303745,0.0,3.0,0.0,41296.965303745004,41296.965303745004
12150.0,728732.55,728810.1338741158,742692.156890589,2.0,0.0,0.005588801720300744,13959.606890588999,13882.023016473278
12043.0,683576.4,683749.359110952,742831.8711317532,0.0,0.0,0.0029274163375296006,59255.47113175318,59082.512020801194
12200.0,742725.75,742725.75,742913.75,0.0,0.0,0.0,188.0,188.0
12199.0,742656.85,742656.85,743006.7029134575,0.0,0.0,0.0,349.85291345755104,349.85291345755104
12138.0,725958.35,727133.0776321429,743021.8680350521,2.0,0.0,0.0739343651942105,17063.51803505211,15888.790402909159
12124.0,722482.8,722640.6287708065,743050.5698327107,1.0,0.0,0.0077329361377247345,20567.76983271062,20409.94106190419
12201.0,742796.6,742913.75,743063.2325392717,2.0,0.0,0.7837035721415508,266.6325392717263,149.482539271703
12137.0,725957.7000000002,727132.9983215427,744211.656749311,3.0,0.0,0.06881678244888602,18253.956749310833,17078.65842776827
12063.0,694881.85,694881.85,744421.5056867825,0.0,1.0,0.0,49539.65568678256,49539.65568678256
12140.0,727034.75,727133.1701728692,744704.6545301799,1.0,0.0,0.005601130266964594,17669.90453017992,17571.484357310692
12151.0,729007.5,729060.9052736914,750137.9494008764,1.0,0.0,0.002533812301627252,21130.449400876416,21077.044127185014
12194.0,740085.4500000002,740313.4866498384,751086.6679528166,2.0,1.0,0.021167066943834575,11001.217952816398,10773.181302978192
12045.0,684916.05,685801.471644741,751762.3993350829,2.0,1.0,0.013423426197060847,66846.3493350828,65960.92769034184
12205.0,752343.15,752343.15,752531.15,0.0,0.0,0.0,188.0,188.0
12206.0,752417.9,752531.15,752690.3482563462,1.0,0.0,0.7113771381625352,272.44825634616427,159.19825634616427
11544.0,553773.35,553773.35,752763.4858114242,0.0,1.0,0.0,198990.13581142423,198990.13581142423
12207.0,752492.0,752531.1564003482,752785.3231434006,0.0,1.0,0.1540579222833248,293.3231434006011,254.16674305242486
12062.0,692489.2000000001,694024.8963780999,752969.7641247249,0.0,2.0,0.026053097357026104,60480.56412472483,58944.86774662498
12136.0,725721.1,725721.1,753666.7624639504,0.0,1.0,0.0,27945.66246395046,27945.66246395046
12167.0,730999.1,731236.4063647543,754212.4388665241,2.0,0.0,0.010328430930625281,23213.338866524165,22976.032501769834
12216.0,753682.8,754212.5049470032,754410.7992941684,0.0,1.0,2.6713063411837488,727.9992941683158,198.29434716515243
12222.0,753707.5,754213.3419936482,754433.419897075,1.0,0.0,2.2984678869243154,725.919897075044,220.07790342683438
12221.0,753706.2000000002,754213.1417674731,754501.1417674731,0.0,0.0,1.76021447039198,794.9417674728902,288.0
12217.0,753684.1,754212.5778046999,754770.4180375806,2.0,0.0,0.94736409019993,1086.3180375805823,557.8402328806696
12214.0,753679.55,754212.4388665241,754843.2387365593,2.0,0.0,0.8447827779267066,1163.688736559241,630.7998700351454
12218.0,753701.65,754212.6959949777,754865.6493061905,1.0,1.0,0.7826685096802074,1163.999306190526,652.9533112128265
12213.0,753678.25,754212.4388665241,754867.7112818598,2.0,0.0,0.8152164718402246,1189.4612818597816,655.2724153356394
12163.0,730604.55,730641.9737009751,755550.083426994,2.0,0.0,0.0015024705361695355,24945.533426993992,24908.10972601897
12102.0,721073.6,721073.6,756215.7489501955,0.0,3.0,0.0,35142.14895019552,35142.14895019552
12046.0,684932.9500000001,685801.5673480845,756739.6079356605,2.0,0.0,0.012244732739863522,71806.65793566045,70938.04058757599
12196.0,740632.1,740632.1,757462.7505313002,1.0,0.0,0.0,16830.650531300227,16830.650531300227
12195.0,740104.9500000002,740313.6791114043,758292.1861961983,0.0,2.0,0.011609924584933906,18187.23619619815,17978.507084793993
12083.0,706816.5,709783.9447875902,758297.3416959816,0.0,0.0,0.061167532613592396,51480.841695981566,48513.39690839138
12197.0,740734.15,740734.15,758378.0427359075,1.0,0.0,0.0,17643.89273590746,17643.89273590746
12185.0,738115.9500000002,738115.9500000002,758798.722857773,1.0,0.0,0.0,20682.77285777277,20682.77285777277
12044.0,684883.55,685801.3948124509,759242.3337319872,2.0,1.0,0.01249772709818467,74358.78373198712,73440.9389195363
12092.0,713659.7000000002,713757.350880176,760124.8054680963,0.0,1.0,0.00210602201573513,46465.105468096095,46367.454587920336
12180.0,734691.1,734886.5220888647,760273.34438772,1.0,0.0,0.007697776687613905,25582.244387720013,25386.822298855288
12081.0,702758.55,702758.55,761420.8225000516,0.0,3.0,0.0,58662.272500051535,58662.272500051535
12193.0,740017.85,740313.3120312459,761660.7551639089,1.0,2.0,0.013840628566605865,21642.90516390896,21347.44313266303
12093.0,714087.4,715724.2086029307,762148.1147932702,0.0,1.0,0.03525788192444767,48060.71479327022,46423.90619033959
12190.0,739478.35,740312.8662189136,762569.2433006729,1.0,2.0,0.0374956002878631,23090.893300672877,22256.377081759274
12064.0,695533.15,695533.15,763474.9242003622,2.0,1.0,0.0,67941.77420036215,67941.77420036215
12202.0,742871.35,742913.8381634012,763682.7547549909,2.0,0.0,0.0020457573323040728,20811.404754990945,20768.91659158969
12087.0,711922.25,712151.9459290016,764778.4006953413,0.0,0.0,0.0043646475906727105,52856.15069534129,52626.45476633974
11811.0,665029.3,665029.3,766490.0539868424,1.0,0.0,0.0,101460.75398684235,101460.75398684235
11819.0,665449.2000000001,665449.2000000001,767271.7734628578,1.0,0.0,0.0,101822.57346285775,101822.57346285775
12203.0,746407.35,746407.35,767837.6027776164,2.0,0.0,0.0,21430.252777616377,21430.252777616377
12179.0,734674.85,734886.379366645,768166.8550662963,3.0,3.0,0.006355959829241475,33492.00506629632,33280.47569965129
12141.0,727142.0,727189.7972672372,768454.3912512668,0.0,4.0,0.0011583118267372559,41312.39125126682,41264.593984029605
12065.0,695557.2000000001,695680.4412405726,768915.8619552215,1.0,0.0,0.001682809211306712,73358.66195522144,73235.4207146489
12086.0,711638.85,711638.85,769382.080941828,0.0,1.0,0.0,57743.23094182799,57743.23094182799
12133.0,724680.4500000002,724846.984301245,771500.6708924208,1.0,7.0,0.003569585029884192,46820.22089242062,46653.68659117585
12236.0,769642.25,771500.6708924208,771649.6708924208,0.0,0.0,12.472623439065819,2007.420892420807,149.0
12234.0,769501.2000000002,771500.6708924208,771651.6708924208,0.0,0.0,13.241529088878282,2150.4708924206207,151.0
12235.0,769571.4,771500.6708924208,771651.6708924208,0.0,0.0,12.776628426627706,2080.2708924207836,151.0
12204.0,749917.35,750137.9494008764,772755.9819302564,2.0,0.0,0.009753253320769133,22838.63193025638,22618.03252937994
12211.0,753465.7000000002,753666.8388560993,772814.2698506577,2.0,0.0,0.010504743751590821,19348.569850657484,19147.43099455838
12223.0,753840.1,754213.5842850611,774175.8659994602,2.0,1.0,0.018709498763947965,20335.765999460244,19962.281714399112
12054.0,686706.8,686736.2494335617,776199.5312638559,0.0,1.0,0.000329178999016724,89492.73126385582,89463.28183029417
12229.0,768019.2000000002,768019.2000000002,776595.8830593328,2.0,1.0,0.0,8576.68305933266,8576.68305933266
12239.0,776601.8,776601.8,776702.5403230105,2.0,0.0,0.0,100.74032301048283,100.74032301048283
12224.0,754365.3,754501.1417674731,779739.1606563285,0.0,3.0,0.0053824259372836315,25373.8606563285,25238.01888885547
12252.0,778611.6,779741.8199018571,779800.6662022497,2.0,0.0,19.20630344330627,1189.0662022497272,58.84630039264448
12248.0,777359.05,779740.1102771865,779804.1102771865,0.0,0.0,37.20406683103829,2445.0602771864505,64.0
12246.0,777072.4,779739.6377597376,779812.6377597376,0.0,0.0,36.537503558048364,2740.2377597375307,73.0
12253.0,778657.75,779742.3215080071,779857.3215080071,0.0,0.0,9.431056591366296,1199.571508007124,115.0
12244.0,776855.3,779739.4605338325,779879.3593010932,1.0,1.0,20.61605395321263,3024.0593010931043,139.89876726060174
12242.0,776772.75,779739.2215480381,779883.7776843723,1.0,0.0,20.52124263462535,3111.0276843722677,144.55613633419853
12119.0,722151.9500000002,722151.9500000002,780549.832864132,0.0,1.0,0.0,58397.882864131825,58397.882864131825
12257.0,779205.7000000002,779744.4860621988,780563.4860621988,0.0,0.0,0.6578584398028995,1357.7860621985747,819.0
12226.0,759714.15,759714.15,780785.357560229,1.0,0.0,0.0,21071.207560229,21071.207560229
12155.0,729474.85,729672.4824887386,782007.3444572564,1.0,2.0,0.003776306677898866,52532.4944572564,52334.86196851777
12227.0,760348.55,760348.55,782937.9467688111,2.0,1.0,0.0,22589.396768811042,22589.396768811042
12230.0,768147.9,768166.8550662963,784156.2712840416,2.0,0.0,0.0011854758196384542,16008.371284041554,15989.416217745282
12186.0,738231.0,740312.5271774953,787044.4342572227,0.0,3.0,0.044541883855586974,48813.43425722269,46731.90707972739
12165.0,730802.8,730994.8268292024,787248.1645374447,0.0,1.0,0.0034136077435663703,56445.364537444664,56253.337708242354
12228.0,763711.0,763711.0,787331.1328845542,1.0,0.0,0.0,23620.132884554216,23620.132884554216
12263.0,784789.2000000002,787248.3546772136,787448.6341626323,0.0,2.0,12.27861491691183,2659.4341626320966,200.2794854186941
12266.0,787313.15,787331.4172254482,787502.9843922292,2.0,0.0,0.10647273479470848,189.83439222921152,171.56716678105295
12265.0,787310.55,787331.2043875793,787570.5982500862,0.0,1.0,0.08627784924398109,260.0482500861399,239.39386250684038
12267.0,787316.4,787331.1328845542,787724.9816907046,0.0,0.0,0.037407462772826874,408.5816907045664,393.848806150374
12178.0,734583.85,734886.2554189056,788965.1917817974,2.0,0.0,0.005591926159131499,54381.34178179747,54078.93636289181
12283.0,788256.9500000002,788965.1917817974,789267.0581831782,0.0,0.0,2.346209377916019,1010.108183178003,301.8664013807429
11849.0,671788.65,671788.65,789535.6874218012,1.0,0.0,0.0,117747.03742180113,117747.03742180113
12285.0,789891.7000000002,789891.7000000002,790254.7000000002,0.0,0.0,0.0,363.0,363.0
12279.0,788076.9,788968.1208815089,792214.038721942,2.0,0.0,0.27456667892431574,4137.13872194197,3245.917840433074
12268.0,787896.2000000002,787896.2000000002,792225.8757311214,1.0,1.0,0.0,4329.675731121213,4329.675731121213
12306.0,792179.7000000002,792219.8158118397,792306.3969177899,1.0,0.0,0.4633321715998854,126.69691778975539,86.58110595028847
12304.0,791948.3,792218.7154298879,792307.4913925296,2.0,0.0,3.046043341475648,359.191392529523,88.77596264169551
12305.0,792137.4500000002,792219.2580834121,792326.1666066569,1.0,2.0,0.7652157276981201,188.7166066566715,106.90852324478328
12270.0,787901.4,788965.2849522192,792392.0103144814,3.0,0.0,0.3104669443123559,4490.610314481426,3426.725362262223
12307.0,792288.9,792288.9,792448.9,0.0,0.0,0.0,160.0,160.0
12273.0,787940.4,788965.8192501803,792497.3037566794,1.0,0.0,0.2903649296190099,4556.903756679385,3531.4845064991387
12288.0,790675.6,792214.1266314432,792503.0808249936,2.0,0.0,5.324465488938659,1827.480824993574,288.95419355039485
12290.0,790693.15,792214.2597753383,792521.2597753383,0.0,0.0,4.954754968528736,1828.109775338322,307.0
12287.0,790666.5,792214.038721942,792566.038721942,0.0,0.0,4.3964168236988455,1899.5387219419936,352.0
12281.0,788084.7000000002,788969.135595498,792649.2310590022,1.0,1.0,0.24032952521717346,4564.531059002038,3680.0954635042
12289.0,790688.6,792214.038721942,792849.6314929045,0.0,0.0,2.400025286052212,2161.031492904527,635.5927709625103
12275.0,787946.25,788966.4186391641,792950.865367928,1.0,1.0,0.2560377158011434,5004.615367928054,3984.4467287639854
12209.0,753051.65,753051.65,793319.2457379117,0.0,2.0,0.0,40267.595737911644,40267.595737911644
12278.0,788059.35,788967.6438090324,793457.6759988983,1.0,5.0,0.2022911575294374,5398.325998898363,4490.032189865946
12308.0,793502.4500000002,793502.4500000002,793550.4500000002,0.0,0.0,0.0,48.0,48.0
12309.0,793585.65,793585.65,793633.65,0.0,0.0,0.0,48.0,48.0
12272.0,787932.6,788965.5711419359,793639.4116104812,0.0,1.0,0.2210112109918478,5706.811610481236,4673.840468545328
12274.0,787942.35,788966.0746719005,793841.9709093119,0.0,1.0,0.20995620539373777,5899.620909311925,4875.89623741142
12277.0,787951.4500000002,788967.1901485869,794275.3938636757,0.0,2.0,0.19135289508565873,6323.943863675464,5308.203715088777
11842.0,670811.7000000001,670811.7000000001,794566.4738855201,31.0,51.0,0.0,123754.77388552006,123754.77388552006
12280.0,788082.1,788968.6082841017,794676.977657613,0.0,2.0,0.15529974080083503,6594.8776576130185,5708.36937351129
12210.0,753417.6,753666.7624639504,794853.8228955613,0.0,0.0,0.006049532579878599,41436.22289556137,41187.06043161091
12271.0,787930.0,788965.4040897457,796256.1976036067,0.0,3.0,0.14201528102218772,8326.197603606735,7290.793513861019
12225.0,754501.15,754770.4180375806,796860.0266700635,0.0,0.0,0.0063974944488489815,42358.87667006347,42089.60863248294
12153.0,729418.9500000002,729418.9500000002,797054.4289848119,1.0,3.0,0.0,67635.47898481169,67635.47898481169
12269.0,787899.4500000002,788965.2317029887,797447.4024828303,0.0,2.0,0.12564963977398846,9547.952482830151,8482.170779841603
12276.0,787948.85,788966.7713077819,797526.6319754219,0.0,1.0,0.11891797627385811,9577.781975421938,8559.860667639994
12243.0,776805.25,779739.3327135555,799980.9976662446,2.0,0.0,0.14495263706880768,23175.747666244628,20241.664952689083
12314.0,798928.65,799980.9976662446,800130.9976662446,0.0,0.0,7.015651108297364,1202.3476662446046,150.0
12313.0,798857.15,799980.9976662446,800137.9976662446,0.0,0.0,7.158265390093023,1280.8476662446046,157.0
12198.0,741173.55,741173.55,800286.2271294438,0.0,0.0,0.0,59112.677129443735,59112.677129443735
12219.0,753701.65,754212.8353728715,800286.8849727906,0.0,4.0,0.011094865272540761,46585.23497279058,46074.04959991912
12318.0,803296.0,803296.0,803490.5548426033,1.0,1.0,0.0,194.55484260327648,194.55484260327648
12208.0,752567.4,752690.3482563462,803853.003288597,0.0,1.0,0.0024030859279813143,51285.60328859696,51162.6550322508
11968.0,677917.5,677946.6285946828,806191.4030890227,2.0,0.0,0.00022713279973891128,128273.90308902273,128244.77449433994
12154.0,729452.75,729672.4563414948,807464.5408245529,6.0,8.0,0.0028242763123625357,78011.79082455288,77792.08448305808
12264.0,786612.4500000002,787248.1645374447,807549.2451204107,1.0,0.0,0.03131432018342576,20936.795120410505,20301.08058296598
12321.0,807576.9,807576.9,807733.9,0.0,0.0,0.0,157.0,157.0
12254.0,779075.7000000002,779742.8406843747,808233.4191614689,2.0,0.0,0.023416185982705073,29157.719161468674,28490.578477094183
12255.0,779078.3,779743.3715190028,809680.5441979792,2.0,0.0,0.022215575469818404,30602.244197979104,29937.17267897632
11959.0,677512.55,677667.4541505652,809774.4494182782,29.0,96.0,0.00117256584521693,132261.89941827813,132106.99526771298
12256.0,779080.9,779743.9185981024,810972.6039275427,1.0,1.0,0.021231076207916234,31891.703927542665,31228.685329440283
12237.0,769711.15,771500.6708924208,811696.5460589633,3.0,4.0,0.044520013185589576,41985.39605896326,40195.87516654248
12282.0,788123.05,788969.6901635738,812156.979292728,1.0,1.0,0.03651311539084903,24033.92929272796,23187.289129154175
12310.0,793820.9500000002,793820.9500000002,812413.4905469806,2.0,0.0,0.0,18592.540546980454,18592.540546980454
12238.0,770823.3,771500.6708924208,812653.5569297662,2.0,2.0,0.016459863636442418,41830.256929766154,41152.88603734539
12247.0,777186.15,779739.8243946986,813404.1776112712,3.0,1.0,0.07585692730438195,36218.02761127113,33664.35321657255
12007.0,680997.2000000001,681050.5391153081,813900.8315851527,3.0,2.0,0.00040149791405331644,132903.6315851526,132850.29246984457
12232.0,768938.3,768938.3,814002.6237404431,0.0,2.0,0.0,45064.3237404431,45064.3237404431
12259.0,780986.7000000002,780986.7000000002,814369.8741224005,1.0,1.0,0.0,33383.17412240035,33383.17412240035
12260.0,783909.1,783909.1,814411.6009462302,1.0,2.0,0.0,30502.500946230255,30502.500946230255
12261.0,784016.35,784156.2712840416,814509.0993404038,1.0,1.0,0.004609826925576101,30492.749340403825,30352.828056362225
12233.0,769234.05,769382.080941828,814907.7697897913,3.0,2.0,0.003251591476677756,45673.71978979127,45525.68884796335
12245.0,776928.1,779739.1606563285,815114.8331639422,1.0,0.0,0.07946310153463694,38186.733163942234,35375.672507613664
12231.0,768797.9,768797.9,815138.4842782203,1.0,0.0,0.0,46340.58427822031,46340.58427822031
12258.0,779457.9,779745.0954812581,815139.6531970227,1.0,1.0,0.00811411414049622,35681.753197022714,35394.55771576462
12251.0,778490.7000000002,779741.3479026986,815741.8921032595,3.0,5.0,0.03473969437047808,37251.192103259265,36000.54420056089
12284.0,788327.8,788970.2860339973,816952.3491828478,1.0,2.0,0.022960638412527483,28624.549182847724,27982.06314885046
12317.0,799540.3,799980.9976662446,817644.3606393366,1.0,1.0,0.02494981657320471,18104.06063933659,17663.362973092007
12312.0,798297.5,798297.5,817883.3111544659,1.0,2.0,0.0,19585.81115446589,19585.81115446589
11965.0,677907.1,677946.4019430402,817909.4784892132,1.0,0.0,0.0002808022230581263,140002.37848921318,139963.07654617296
12327.0,817882.65,817882.65,817987.6516256487,1.0,0.0,0.0,105.0016256486997,105.0016256486997
12315.0,799002.75,799980.9976662446,819637.257991399,1.0,2.0,0.04976774066187707,20634.507991399034,19656.260325154406
12316.0,799423.9500000002,799980.9976662446,819697.6919923982,1.0,0.0,0.028252589254048256,20273.74199239805,19716.694326153607
11956.0,677420.9,677489.2029730587,820911.2440678803,2.0,0.0,0.00047623763082202375,143490.3440678803,143422.04109482164
12094.0,719150.25,719150.25,822730.1838255716,2.0,5.0,0.0,103579.93382557156,103579.93382557156
12241.0,776660.9500000002,776702.5403230105,823223.695052306,8.0,12.0,0.0008940088278624063,46562.745052305865,46521.15472929552
12323.0,810840.55,810840.55,823934.7608354195,1.0,0.0,0.0,13094.210835419479,13094.210835419479
12319.0,803390.9,803490.5548426033,824959.5406822171,2.0,1.0,0.004641804850389045,21568.640682217083,21468.98583961383
12325.0,815187.1,815187.1,825033.1113257031,1.0,0.0,0.0,9846.011325703119,9846.011325703119
12302.0,790892.05,792217.755250609,826558.4359467085,1.0,0.0,0.038604512890728554,35666.3859467085,34340.68069609953
12303.0,790899.2000000002,792218.2182742957,826570.4392841823,1.0,0.0,0.03839688484525873,35671.239284182084,34352.22100988659
12296.0,790760.1,792215.6021053682,826613.9167129104,1.0,0.0,0.04231318080476677,35853.816712910426,34398.31460754224
12297.0,790767.9,792215.9031928481,826632.2720972948,1.0,0.0,0.04207309599883366,35864.37209729478,34416.36890444672
12295.0,790751.65,792215.3122640143,826653.7184076937,1.0,0.0,0.042500871204890996,35902.068407693645,34438.4061436794
12294.0,790744.5,792215.0410055926,826679.5533082644,1.0,0.0,0.042668266786370854,35935.05330826435,34464.51230267179
12320.0,805556.05,806191.4030890227,826829.7919843232,2.0,0.0,0.030785013900351432,21273.741984323133,20638.38889530045
12311.0,794952.6,794952.6,826983.3598601953,2.0,0.0,0.0,32030.759860195336,32030.759860195336
12177.0,734581.9,734886.1726348724,827975.5448008197,1.0,1.0,0.0032686076594214755,93393.64480081969,93089.37216594734
12292.0,790707.4500000002,792214.6096163939,828802.216831201,5.0,7.0,0.04119317252820473,38094.7668312008,36587.60721480707
12286.0,790631.4,790631.4,830263.764608999,1.0,0.0,0.0,39632.36460899899,39632.36460899899
12215.0,753681.5,754212.4388665241,831861.6111692428,1.0,3.0,0.006837662923878368,78180.11116924277,77649.17230271862
12212.0,753674.35,754212.4388665241,831934.333600847,1.0,2.0,0.006923259763075991,78259.98360084707,77721.89473432291
12220.0,753704.25,754212.9845950871,831973.003857933,1.0,2.0,0.00654236714329365,78268.75385793298,77760.01926284586
12322.0,807654.9,807733.9,832398.4705766081,1.0,0.0,0.0032029748806948126,24743.570576608065,24664.570576608065
12329.0,820475.5,820475.5,832540.8050603694,1.0,0.0,0.0,12065.305060369428,12065.305060369428
12324.0,815063.6,815063.6,835890.2877374798,2.0,1.0,0.0,20826.687737479806,20826.687737479806
12326.0,815452.9500000002,815452.9500000002,837265.7933082909,1.0,0.0,0.0,21812.8433082907,21812.8433082907
11981.0,678555.15,678585.8117029946,837475.2249283362,5.0,10.0,0.00019297511629123545,158920.0749283362,158889.4132253416
12337.0,837406.05,837406.05,837518.0524095177,1.0,0.0,0.0,112.00240951764863,112.00240951764863
12338.0,837471.05,837471.05,837614.9701013262,1.0,0.0,0.0,143.9201013261918,143.9201013261918
12339.0,837478.85,837478.85,837616.4542909724,2.0,0.0,0.0,137.6042909724638,137.6042909724638
11963.0,677901.9,677941.7536432571,838189.8247067545,2.0,3.0,0.0002486996754005401,160287.9247067545,160248.07106349745
11969.0,677923.35,677946.7977656256,838312.743623247,2.0,5.0,0.00014621411983864577,160389.39362324704,160365.94585762138
12332.0,827932.3,827932.3,838698.6131506688,1.0,0.0,0.0,10766.31315066875,10766.31315066875
12331.0,827011.25,827011.25,839466.3670859103,1.0,0.0,0.0,12455.117085910286,12455.117085910286
12334.0,830692.2000000002,830692.2000000002,840491.5832637883,1.0,0.0,0.0,9799.38326378807,9799.38326378807
11979.0,678532.4,678583.975737562,840627.8312954588,1.0,1.0,0.00031828258704695545,162095.4312954588,162043.85555789678
11982.0,678571.4,678585.8813547073,841824.0308973684,5.0,6.0,8.871305358362525e-05,163252.63089736842,163238.14954266115
12328.0,817954.8,817954.8,842630.6528510333,1.0,0.0,0.0,24675.85285103321,24675.85285103321
12344.0,843562.2000000002,843562.2000000002,843613.2000000002,0.0,0.0,0.0,51.0,51.0
12343.0,842579.4,842579.4,843945.2070762508,1.0,0.0,0.0,1365.807076250785,1365.807076250785
12353.0,844851.15,844851.15,844912.5845077828,1.0,0.0,0.0,61.43450778280385,61.43450778280385
12355.0,844857.0,844857.0,844915.1465619392,1.0,0.0,0.0,58.14656193915289,58.14656193915289
12358.0,844871.9500000002,844871.9500000002,844933.1719021943,1.0,0.0,0.0,61.22190219408367,61.22190219408367
12349.0,844818.65,844818.65,844945.5771529736,1.0,0.0,0.0,126.92715297359973,126.92715297359973
12357.0,844868.7000000002,844868.7000000002,844962.7859886707,2.0,0.0,0.0,94.08598867047112,94.08598867047112
12354.0,844854.4,844854.4,844965.7854647501,1.0,0.0,0.0,111.3854647501139,111.3854647501139
12352.0,844848.55,844848.55,844988.7344582631,1.0,1.0,0.0,140.184458263102,140.184458263102
12356.0,844863.5,844863.5,844989.8930247588,1.0,1.0,0.0,126.39302475878503,126.39302475878503
12351.0,844845.3,844845.3,845021.5478215015,1.0,1.0,0.0,176.2478215014562,176.2478215014562
12350.0,844842.7000000002,844842.7000000002,845024.0461491707,1.0,2.0,0.0,181.3461491705384,181.3461491705384
12359.0,844890.8,844890.8,845076.3111053775,0.0,1.0,0.0,185.5111053774599,185.5111053774599
12240.0,776613.5,776702.5403230105,846241.0679817115,2.0,1.0,0.0012804459054345293,69627.56798171147,69538.52765870094
12370.0,846255.8,846255.8,846388.8003202104,1.0,0.0,0.0,133.0003202103544,133.0003202103544
12249.0,777385.7000000002,779740.4681502866,848435.8991154813,2.0,1.0,0.03427838092288072,71050.19911548111,68695.43096519471
12291.0,790699.0,792214.4276722494,850215.8268317046,2.0,0.0,0.026127433031110616,59516.82683170459,58001.399159455206
12342.0,840537.75,840537.75,852615.1211956257,1.0,0.0,0.0,12077.371195625747,12077.371195625747
12336.0,832945.75,832945.75,853697.5659601849,2.0,0.0,0.0,20751.815960184904,20751.815960184904
12330.0,823126.85,823126.85,853911.8709477162,0.0,1.0,0.0,30785.0209477162,30785.0209477162
12298.0,790776.35,792216.2357039961,854567.6232584579,2.0,0.0,0.02309308197413384,63791.27325845789,62351.38755446172
12335.0,830791.65,830791.65,855034.6096381628,1.0,1.0,0.0,24242.95963816275,24242.95963816275
12372.0,846410.5,846410.5,856191.5839186609,1.0,0.0,0.0,9781.08391866088,9781.08391866088
12379.0,856332.75,856332.75,856691.646664299,1.0,0.0,0.0,358.8966642989544,358.8966642989544
12380.0,856679.2000000002,856679.2000000002,856956.0022031441,1.0,0.0,0.0,276.8022031439468,276.8022031439468
12116.0,721953.05,721954.1837115729,857685.3895621306,2.0,7.0,8.352622860369725e-06,135732.3395621305,135731.20585055766
12383.0,858349.05,858349.05,858662.05,0.0,0.0,0.0,313.0,313.0
12300.0,790887.5,792216.9418177895,859308.8317953579,2.0,0.0,0.01981523874545705,68421.33179535787,67091.88997756841
12384.0,861661.4500000002,861661.4500000002,861949.4500000002,0.0,0.0,0.0,288.0,288.0
12386.0,862104.75,862104.75,862278.4610170635,1.0,0.0,0.0,173.71101706346963,173.71101706346963
12374.0,850369.65,850369.65,862724.1855440021,1.0,0.0,0.0,12354.53554400208,12354.53554400208
12387.0,862236.05,862236.05,862769.188588401,1.0,0.0,0.0,533.1385884009069,533.1385884009069
12340.0,837538.65,837538.65,862887.3330854791,2.0,0.0,0.0,25348.683085479075,25348.683085479075
12341.0,837555.55,837555.55,862927.2537644128,1.0,1.0,0.0,25371.703764412785,25371.703764412785
11790.0,660734.75,660734.75,863038.1487150051,2.0,0.0,0.0,202303.39871500514,202303.39871500514
12389.0,863050.5,863050.5,863211.9543597705,1.0,0.0,0.0,161.45435977051966,161.45435977051966
12299.0,790781.55,792216.5821763622,863228.0708494526,1.0,0.0,0.020208450817985987,72446.52084945259,71011.48867309047
12301.0,790890.1,792217.3239002813,863963.9654877777,1.0,0.0,0.018498759954677237,73073.86548777774,71746.64158749639
12373.0,846509.9500000002,846509.9500000002,866895.2391463645,2.0,0.0,0.0,20385.289146364317,20385.289146364317
12363.0,844961.0,844961.0,867685.2192488436,2.0,1.0,0.0,22724.219248843612,22724.219248843612
12371.0,846322.75,846322.75,871237.223625985,1.0,0.0,0.0,24914.473625984974,24914.473625984974
12385.0,862095.65,862095.65,871820.8329562588,1.0,0.0,0.0,9725.182956258766,9725.182956258766
12390.0,863153.85,863153.85,873766.289522683,1.0,0.0,0.0,10612.439522683038,10612.439522683038
12376.0,854664.2000000002,854664.2000000002,875421.5374753469,2.0,0.0,0.0,20757.33747534675,20757.33747534675
12396.0,876203.25,876203.25,876329.2703064199,2.0,0.0,0.0,126.02030641993042,126.02030641993042
12377.0,855255.05,855255.05,876765.6593539292,2.0,0.0,0.0,21510.609353929176,21510.609353929176
12293.0,790712.65,792214.8026330064,878493.1914560902,1.0,2.0,0.017410531808684324,87780.54145609017,86278.38882308383
12393.0,867723.35,867723.35,880808.7953658978,1.0,0.0,0.0,13085.445365897845,13085.445365897845
12381.0,856929.4500000002,856929.4500000002,881644.9333377985,2.0,1.0,0.0,24715.483337798272,24715.483337798272
12388.0,862256.85,862256.85,881653.835007614,2.0,0.0,0.0,19396.985007614014,19396.985007614014
12262.0,784576.0,787248.2421086715,881811.6291849047,2.0,0.0,0.028258739363017992,97235.62918490474,94563.38707623328
12394.0,871540.15,871540.15,884359.4842058411,1.0,0.0,0.0,12819.334205841064,12819.334205841064
12345.0,844688.65,844688.65,884895.6460788456,1.0,0.0,0.0,40206.99607884558,40206.99607884558
12347.0,844693.2000000002,844693.2000000002,885122.381362196,1.0,0.0,0.0,40429.18136219587,40429.18136219587
12346.0,844691.25,844691.25,885268.6951337705,1.0,0.0,0.0,40577.44513377047,40577.44513377047
12401.0,885145.3,885145.3,885316.7799489939,0.0,1.0,0.0,171.47994899388868,171.47994899388868
12395.0,875442.75,875442.75,886724.873565097,1.0,0.0,0.0,11282.12356509699,11282.12356509699
12398.0,877814.6,877814.6,887583.4315470378,1.0,0.0,0.0,9768.831547037815,9768.831547037815
12382.0,858102.05,858102.05,888307.6335213227,1.0,2.0,0.0,30205.583521322696,30205.583521322696
12392.0,865538.7000000002,865538.7000000002,889794.8146331066,1.0,0.0,0.0,24256.114633106394,24256.114633106394
12405.0,889703.75,889703.75,889809.0487200539,2.0,0.0,0.0,105.29872005386278,105.29872005386278
12406.0,889749.25,889749.25,892865.3903765671,1.0,0.0,0.0,3116.140376567142,3116.140376567142
12407.0,892795.8,892795.8,892902.7167885028,1.0,0.0,0.0,106.91678850271273,106.91678850271273
12055.0,686740.6,686834.6593457457,893111.0564321193,1.0,2.0,0.0004559869528181119,206370.45643211936,206276.39708637365
12400.0,880092.85,880092.85,893677.8765305982,1.0,0.0,0.0,13585.026530598174,13585.026530598174
12053.0,686455.25,686736.1002684128,894468.9950725383,1.0,2.0,0.0013519778303656008,208013.74507253827,207732.89480412542
12399.0,877977.75,877977.75,895474.3888763667,3.0,0.0,0.0,17496.638876366662,17496.638876366662
12402.0,885170.65,885170.65,895955.2455689434,1.0,0.0,0.0,10784.59556894342,10784.59556894342
12378.0,855364.25,855364.25,896423.5795053784,2.0,0.0,0.0,41059.32950537838,41059.32950537838
12403.0,885216.15,885216.15,899196.0595721767,1.0,0.0,0.0,13979.909572176635,13979.909572176635
12397.0,876274.1,876274.1,900025.9198128324,1.0,0.0,0.0,23751.8198128324,23751.8198128324
12187.0,738884.25,740312.6165591482,900067.877347885,1.0,1.0,0.00894096727767282,161183.62734788505,159755.26078873686
12367.0,844999.35,844999.35,902491.4685286048,1.0,0.0,0.0,57492.11852860486,57492.11852860486
12409.0,893343.1,893343.1,903040.5721299634,2.0,0.0,0.0,9697.472129963455,9697.472129963455
12410.0,893456.85,893456.85,903301.2202929351,1.0,0.0,0.0,9844.370292935171,9844.370292935171
12420.0,905663.2,905663.2,905800.595151649,2.0,0.0,0.0,137.39515164901968,137.39515164901968
12333.0,828460.1,828460.1,906483.178570926,1.0,1.0,0.0,78023.07857092598,78023.07857092598
12415.0,895587.55,895587.55,908404.4169340795,1.0,0.0,0.0,12816.866934079444,12816.866934079444
12422.0,909097.8,909097.8,909274.1660555147,1.0,0.0,0.0,176.36605551466346,176.36605551466346
12404.0,888466.15,888466.15,910933.4176591685,1.0,0.0,0.0,22467.267659168458,22467.267659168458
12362.0,844948.65,844948.65,912311.5540088313,1.0,0.0,0.0,67362.90400883125,67362.90400883125
12426.0,914167.8,914167.8,914271.9310998004,1.0,0.0,0.0,104.13109980034642,104.13109980034642
12418.0,902547.75,902547.75,914571.262146689,1.0,0.0,0.0,12023.512146688998,12023.512146688998
12428.0,914756.05,914756.05,914858.5168723271,1.0,0.0,0.0,102.4668723270297,102.4668723270297
12408.0,892893.3,892893.3,915937.2323360834,1.0,0.0,0.0,23043.93233608338,23043.93233608338
12416.0,897172.25,897172.25,916831.4903866929,3.0,0.0,0.0,19659.240386692923,19659.240386692923
12421.0,905732.1,905732.1,918244.4442801853,1.0,0.0,0.0,12512.344280185294,12512.344280185294
12412.0,894509.2000000002,894509.2000000002,922155.4505069372,1.0,0.0,0.0,27646.250506937038,27646.250506937038
12431.0,922703.6,922703.6,922809.8108103431,1.0,0.0,0.0,106.21081034315284,106.21081034315284
12425.0,910417.3,910417.3,923482.6808806641,1.0,0.0,0.0,13065.380880664103,13065.380880664103
12364.0,844971.4,844971.4,923622.8903720662,1.0,0.0,0.0,78651.49037206615,78651.49037206615
12360.0,844923.9500000002,844923.9500000002,923681.2541835324,1.0,0.0,0.0,78757.30418353225,78757.30418353225
12433.0,924080.95,924080.95,924212.7251170994,1.0,0.0,0.0,131.77511709940154,131.77511709940154
12434.0,924151.8,924151.8,924278.2968000382,2.0,0.0,0.0,126.49680003814865,126.49680003814865
12435.0,924222.65,924222.65,924375.7090884983,2.0,1.0,0.0,153.05908849823754,153.05908849823754
12411.0,893664.85,893664.85,924539.8135791348,0.0,2.0,0.0,30874.963579134783,30874.963579134783
12427.0,914239.95,914239.95,925232.7309895444,1.0,0.0,0.0,10992.780989544466,10992.780989544466
12348.0,844695.8,844695.8,925898.6423305941,1.0,0.0,0.0,81202.84233059408,81202.84233059408
12250.0,778211.2000000002,779740.88503918,926829.0217278154,1.0,0.0,0.010399785282602301,148617.8217278152,147088.13668863534
12414.0,894719.8,894719.8,929444.9925057879,1.0,0.0,0.0,34725.192505787825,34725.192505787825
12429.0,914824.3,914824.3,929980.6373254338,1.0,0.0,0.0,15156.337325433735,15156.337325433735
12419.0,904643.35,904643.35,930037.1930881607,2.0,1.0,0.0,25393.843088160735,25393.843088160735
12438.0,931474.7,931474.7,931593.2019518991,1.0,0.0,0.0,118.50195189914666,118.50195189914666
12439.0,931544.25,931544.25,931662.9545061961,1.0,0.0,0.0,118.70450619608164,118.70450619608164
12432.0,922777.05,922777.05,934025.2258943346,1.0,0.0,0.0,11248.175894334563,11248.175894334563
12441.0,934375.65,934375.65,934479.0608451568,1.0,0.0,0.0,103.41084515675902,103.41084515675902
12442.0,934445.85,934445.85,934548.6847665842,1.0,0.0,0.0,102.83476658421569,102.83476658421569
12436.0,924293.5,924293.5,938358.0838393903,1.0,0.0,0.0,14064.58383939031,14064.58383939031
12445.0,939711.5,939711.5,939843.6845281579,1.0,0.0,0.0,132.1845281579299,132.1845281579299
12447.0,939850.6,939850.6,939954.8785290784,1.0,0.0,0.0,104.27852907846682,104.27852907846682
12446.0,939780.4,939780.4,939957.1180632828,0.0,1.0,0.0,176.71806328278035,176.71806328278035
12448.0,939922.75,939922.75,940024.4051118256,1.0,0.0,0.0,101.65511182555929,101.65511182555929
12437.0,927878.9,927878.9,940833.0204680108,1.0,0.0,0.0,12954.120468010777,12954.120468010777
12430.0,919952.15,919952.15,944055.1351493901,1.0,0.0,0.0,24102.985149390064,24102.985149390064
12391.0,863356.65,863356.65,944588.0350582347,2.0,1.0,0.0,81231.38505823468,81231.38505823468
12443.0,934515.4,934515.4,948409.5704218642,1.0,0.0,0.0,13894.170421864139,13894.170421864139
12459.0,948702.3,948702.3,948828.6053258998,2.0,0.0,0.0,126.30532589973882,126.30532589973882
12444.0,937460.55,937460.55,949700.5424287018,1.0,0.0,0.0,12239.99242870172,12239.99242870172
12461.0,950173.9,950173.9,950368.7046623814,1.0,0.0,0.0,194.80466238141526,194.80466238141526
12462.0,950318.85,950318.85,950507.75890357,1.0,0.0,0.0,188.90890357003082,188.90890357003082
12463.0,950483.3,950483.3,952272.0260574002,1.0,0.0,0.0,1788.726057400112,1788.726057400112
12449.0,939991.65,939991.65,952749.3214222405,1.0,0.0,0.0,12757.67142224044,12757.67142224044
12465.0,954103.15,954103.15,954197.2308766715,1.0,0.0,0.0,94.08087667147629,94.08087667147629
12467.0,954672.55,954672.55,955019.55,0.0,0.0,0.0,347.0,347.0
12469.0,955236.75,955236.75,955320.75,0.0,0.0,0.0,84.0,84.0
12440.0,931620.3,931620.3,955795.0542178553,1.0,1.0,0.0,24174.754217855283,24174.754217855283
12450.0,943539.35,943539.35,956245.6832271336,1.0,0.0,0.0,12706.333227133611,12706.333227133611
12471.0,956895.55,956895.55,956968.8384155482,1.0,0.0,0.0,73.28841554815881,73.28841554815881
12472.0,956956.65,956956.65,957023.65,0.0,0.0,0.0,67.0,67.0
12473.0,957154.9,957154.9,957275.5862027485,1.0,0.0,0.0,120.6862027484458,120.6862027484458
12460.0,948770.55,948770.55,960320.6628974094,1.0,0.0,0.0,11550.112897409359,11550.112897409359
12477.0,960480.3,960480.3,960540.2216938164,2.0,0.0,0.0,59.92169381631538,59.92169381631538
12478.0,960520.6,960520.6,960609.6,0.0,0.0,0.0,89.0,89.0
12479.0,960709.75,960709.75,960781.7641773276,1.0,0.0,0.0,72.01417732762638,72.01417732762638
12475.0,959184.85,959184.85,960871.6627611673,1.0,0.0,0.0,1686.8127611672971,1686.8127611672971
12483.0,960950.9,960950.9,961048.4103150264,2.0,0.0,0.0,97.51031502638943,97.51031502638943
12481.0,960950.25,960950.25,961111.2497080712,2.0,0.0,0.0,160.99970807123464,160.99970807123464
12482.0,960950.25,960950.25,961114.4070933178,2.0,0.0,0.0,164.15709331783,164.15709331783
12480.0,960946.35,960946.35,961114.5408794255,1.0,1.0,0.0,168.1908794254996,168.1908794254996
12484.0,960950.9,960950.9,961122.6291161897,2.0,0.0,0.0,171.7291161896428,171.7291161896428
12485.0,960950.9,960950.9,961124.0748835879,1.0,0.0,0.0,173.17488358786795,173.17488358786795
12486.0,961090.65,961090.65,961230.8046790431,2.0,0.0,0.0,140.15467904310208,140.15467904310208
12487.0,961197.9,961197.9,961241.6402851958,2.0,0.0,0.0,43.7402851957595,43.7402851957595
12488.0,961236.25,961236.25,961365.3798635964,2.0,0.0,0.0,129.1298635964049,129.1298635964049
12474.0,957241.35,957241.35,962457.0915669397,1.0,0.0,0.0,5215.741566939745,5215.741566939745
12492.0,961951.25,961951.25,962886.2797293444,1.0,0.0,0.0,935.0297293444164,935.0297293444164
12490.0,961873.9,961873.9,963144.9956763639,1.0,0.0,0.0,1271.0956763639115,1271.0956763639115
12495.0,963250.6,963250.6,963310.6,0.0,0.0,0.0,60.0,60.0
12491.0,961925.9,961925.9,963402.0941696473,1.0,0.0,0.0,1476.1941696472932,1476.1941696472932
12470.0,955709.95,955709.95,963822.775796328,1.0,0.0,0.0,8112.825796328019,8112.825796328019
12413.0,894561.2000000002,894561.2000000002,964034.5873762567,1.0,0.0,0.0,69473.38737625652,69473.38737625652
12365.0,844979.85,844979.85,964170.5519803722,1.0,1.0,0.0,119190.70198037219,119190.70198037219
12500.0,966281.55,966281.55,966351.55,0.0,0.0,0.0,70.0,70.0
12453.0,945315.8,945315.8,966352.6012041506,2.0,0.0,0.0,21036.801204150543,21036.801204150543
12466.0,954133.7,954133.7,966562.6332321343,1.0,0.0,0.0,12428.933232134324,12428.933232134324
12489.0,961859.6,961859.6,968510.6085962314,0.0,1.0,0.0,6651.008596231462,6651.008596231462
12375.0,853080.15,853080.15,972577.019818153,1.0,0.0,0.0,119496.86981815298,119496.86981815298
12496.0,963762.15,963762.15,974555.5373160178,1.0,0.0,0.0,10793.38731601776,10793.38731601776
12494.0,962923.0,962923.0,975155.5412974227,1.0,0.0,0.0,12232.541297422722,12232.541297422722
12499.0,966041.7,966041.7,979833.2171980608,2.0,0.0,0.0,13791.517198060872,13791.517198060872
12506.0,980788.25,980788.25,980909.8966811297,2.0,0.0,0.0,121.64668112969957,121.64668112969957
12507.0,980859.75,980859.75,980963.7777118082,1.0,0.0,0.0,104.02771180821583,104.02771180821583
12508.0,980932.55,980932.55,981037.509024372,1.0,0.0,0.0,104.95902437192854,104.95902437192854
12509.0,981002.75,981002.75,981106.5602064546,1.0,0.0,0.0,103.81020645459648,103.81020645459648
12510.0,981071.65,981071.65,981177.0671810557,1.0,0.0,0.0,105.4171810556436,105.4171810556436
12468.0,955026.15,955026.15,981887.15,0.0,0.0,0.0,26861.0,26861.0
12512.0,982389.85,982389.85,982580.2991051007,0.0,2.0,0.0,190.44910510070622,190.44910510070622
12498.0,965681.6,965681.6,983367.8324885463,1.0,0.0,0.0,17686.232488546288,17686.232488546288
12503.0,972457.2,972457.2,983878.5254454626,1.0,0.0,0.0,11421.3254454626,11421.3254454626
12455.0,945555.65,945555.65,985224.3487483654,1.0,0.0,0.0,39668.698748365394,39668.698748365394
12493.0,962862.55,962862.55,985721.2227433276,2.0,0.0,0.0,22858.672743327566,22858.672743327566
12361.0,844936.3,844936.3,989239.2727882797,2.0,0.0,0.0,144302.97278827964,144302.97278827964
12504.0,973683.1,973683.1,989652.6819833176,1.0,0.0,0.0,15969.581983317621,15969.581983317621
12505.0,980320.25,980320.25,991358.2118912617,1.0,0.0,0.0,11037.961891261744,11037.961891261744
12511.0,981142.5,981142.5,992541.6583409604,1.0,0.0,0.0,11399.158340960392,11399.158340960392
12497.0,964171.65,964171.65,992799.7007691783,1.0,0.0,0.0,28628.050769178313,28628.050769178313
12369.0,845016.9,845016.9,997298.295721752,2.0,0.0,0.0,152281.39572175196,152281.39572175196
12518.0,998359.7,998359.7,998492.2221692409,1.0,0.0,0.0,132.5221692409832,132.5221692409832
12501.0,966313.4,966351.55,1000953.7068346288,2.0,0.0,0.0011025324283208823,34640.306834628806,34602.15683462878
12523.0,1001832.0,1001832.0,1001959.1482598513,1.0,0.0,0.0,127.14825985126663,127.14825985126663
12366.0,844990.9,844990.9,1002440.5980100458,2.0,0.0,0.0,157449.6980100458,157449.6980100458
12527.0,1002152.45,1002152.45,1002715.5805662073,1.0,0.0,0.0,563.1305662073428,563.1305662073428
12522.0,1001725.4,1001725.4,1002735.7229560942,2.0,0.0,0.0,1010.3229560941691,1010.3229560941691
12526.0,1001991.25,1001991.25,1002848.5487407245,1.0,0.0,0.0,857.2987407244509,857.2987407244509
12528.0,1002184.3,1002184.3,1002900.3111032603,1.0,1.0,0.0,716.0111032602144,716.0111032602144
12521.0,1001702.65,1001702.65,1003480.2484243242,1.0,0.0,0.0,1777.5984243241837,1777.5984243241837
12531.0,1003424.5,1003424.5,1003541.5,0.0,0.0,0.0,117.0,117.0
12532.0,1003527.85,1003541.5,1003635.5,0.0,0.0,0.1452127659576945,107.65000000002328,94.0
12539.0,1005324.45,1005324.45,1005687.4257000452,2.0,0.0,0.0,362.9757000452373,362.9757000452373
12540.0,1005465.5,1005687.4257000452,1005878.8384981968,2.0,0.0,1.159408891088968,413.33849819679745,191.4127981516067
12541.0,1005552.6,1005687.4257000452,1005887.1666696072,2.0,1.0,0.6750027314921137,334.56666960718576,199.74096956197172
12513.0,982462.0,982462.0,1006962.5667189625,1.0,0.0,0.0,24500.56671896251,24500.56671896251
12524.0,1001841.1,1001841.1,1007139.0741368458,2.0,1.0,0.0,5297.974136845791,5297.974136845791
12543.0,1006120.05,1006120.05,1008002.966915733,1.0,1.0,0.0,1882.9169157329015,1882.9169157329015
12417.0,901034.55,901034.55,1008790.9793471985,0.0,2.0,0.0,107756.42934719846,107756.42934719846
12502.0,966366.7,972457.2279531679,1009162.85958192,2.0,0.0,0.16592897827692207,42796.159581920016,36705.631628752104
12549.0,1007176.3,1007244.6508336548,1010345.5294168919,1.0,0.0,0.022042408891547204,3169.229416891816,3100.878583237063
12563.0,1007845.15,1008002.966915733,1011309.260252845,1.0,0.0,0.04773227891230389,3464.1102528449846,3306.29333711206
12544.0,1006148.0,1006962.5667189625,1011975.7155528888,1.0,0.0,0.16248604339251982,5827.715552888811,5013.148833926301
12571.0,1011277.8,1011976.1101108332,1012034.927520876,1.0,0.0,11.872506972413552,757.1275208760053,58.81741004285868
12576.0,1011964.85,1011977.1119575213,1012036.9862008335,1.0,0.0,0.2047951981186203,72.1362008334836,59.87424331216607
12572.0,1011429.25,1011976.2601349327,1012042.2601349327,0.0,0.0,8.288032347465174,613.0101349327015,66.0
12567.0,1009580.65,1011975.7468628843,1012064.7468628843,0.0,0.0,26.911200706564475,2484.0968628842384,89.0
12574.0,1011793.25,1011976.6118378394,1012065.6118378394,0.0,0.0,2.060245368981556,272.3618378393585,89.0
12565.0,1009391.5,1011975.7155528888,1012102.7155528888,0.0,0.0,20.348153959754413,2711.2155528888106,127.0
12553.0,1007567.6,1008002.966915733,1012103.3231144908,1.0,0.0,0.10617782812743348,4535.723114490858,4100.356198757887
12566.0,1009446.1,1011975.7155528888,1012131.640382541,0.0,0.0,16.223301693075843,2685.5403825410176,155.9248296521837
12577.0,1012175.45,1012175.45,1012245.45,0.0,0.0,0.0,70.0,70.0
12515.0,989686.75,989686.75,1012262.347512436,2.0,0.0,0.0,22575.597512435983,22575.597512435983
12548.0,1006997.55,1007139.0741368458,1012430.0741368458,0.0,0.0,0.026748088611929868,5432.524136845721,5291.0
12569.0,1009726.9,1011975.8679902749,1012442.3203000365,2.0,0.0,4.821431780291927,2715.420300036436,466.4523097615456
12464.0,950795.3,950795.3,1012453.2275710425,2.0,2.0,0.0,61657.92757104244,61657.92757104244
12578.0,1012441.95,1012441.95,1012491.8535923574,2.0,0.0,0.0,49.90359235741198,49.90359235741198
12568.0,1009676.85,1011975.7838937949,1012513.2844591207,2.0,1.0,4.277081815534915,2836.4344591207337,537.5005653258413
12579.0,1012542.05,1012542.05,1012704.05,0.0,0.0,0.0,162.0,162.0
12551.0,1007440.85,1008002.966915733,1013167.966915733,0.0,0.0,0.1088319294739538,5727.116915732971,5165.0
12552.0,1007522.1,1008002.966915733,1013185.966915733,0.0,0.0,0.09277771864421597,5663.866915732971,5183.0
12582.0,1012820.25,1013167.9782966154,1013262.2207470703,2.0,1.0,3.689720449087758,441.9707470702706,94.2424504548544
12588.0,1012954.8,1013168.6313813296,1013293.1999333326,1.0,0.0,1.716575956702158,338.39993333257735,124.56855200300924
12589.0,1012971.7,1013168.8708170508,1013303.2085653637,0.0,1.0,1.4677245936239909,331.508565363707,134.337748312857
12514.0,983189.35,983189.35,1014006.5726906506,1.0,2.0,0.0,30817.22269065061,30817.22269065061
12458.0,946182.25,946182.25,1014110.4228015807,1.0,1.0,0.0,67928.17280158075,67928.17280158075
12594.0,1013475.45,1013475.45,1014873.45,0.0,0.0,0.0,1398.0,1398.0
12593.0,1013062.7,1013170.1101941305,1015200.0765434187,2.0,0.0,0.05291230279169844,2137.376543418737,2029.9663492882391
12516.0,993090.15,993090.15,1016477.2405531529,3.0,0.0,0.0,23387.09055315284,23387.09055315284
12585.0,1012900.2,1013167.966915733,1016534.6694358112,1.0,0.0,0.0795338804471411,3634.4694358112756,3366.702520078281
12597.0,1015567.8,1016477.2405531529,1016705.1639466111,2.0,1.0,3.99011500905644,1137.3639466110617,227.9233934582444
12586.0,1012948.3,1013168.2787312506,1017133.2787312506,0.0,0.0,0.05548013398499542,4184.978731250507,3965.0
12519.0,998429.25,998429.25,1017381.2253739423,2.0,2.0,0.0,18951.97537394229,18951.97537394229
12590.0,1012994.45,1013169.1382625443,1018124.1382625443,0.0,0.0,0.03525494703215732,5129.6882625443395,4955.0
12609.0,1018160.65,1018160.65,1018575.1705168161,1.0,0.0,0.0,414.520516816061,414.520516816061
12525.0,1001903.5,1001903.5,1019826.7938772789,2.0,1.0,0.0,17923.29387727892,17923.29387727892
12580.0,1012542.7,1012704.05,1020516.9232337192,2.0,0.0,0.020651813382013114,7974.22323371924,7812.873233719147
12610.0,1019032.3,1019826.7938772789,1021109.7938772789,0.0,0.0,0.6192469815112032,2077.4938772788737,1283.0
12607.0,1017142.1,1017381.2253739423,1021382.4120409596,1.0,0.0,0.059763613608302214,4240.312040959601,4001.1866670172894
12517.0,997696.05,997696.05,1021762.6920372196,1.0,1.0,0.0,24066.6420372196,24066.6420372196
12529.0,1002975.35,1002975.35,1021912.839077614,3.0,2.0,0.0,18937.48907761404,18937.48907761404
12603.0,1016758.6,1016758.6,1022106.6,0.0,0.0,0.0,5348.0,5348.0
12605.0,1016984.15,1017133.2787312506,1022320.2787312506,0.0,0.0,0.028750478359462137,5336.12873125053,5187.0
12606.0,1017037.45,1017133.2787312506,1022366.2787312506,0.0,0.0,0.018312388926160893,5328.8287312506,5233.0
12604.0,1016853.5,1017133.2787312506,1022407.2787312506,0.0,0.0,0.05304867865956644,5553.778731250553,5274.0
12457.0,945576.45,945576.45,1022637.4504219221,2.0,0.0,0.0,77061.00042192219,77061.00042192219
12595.0,1013634.05,1014006.5726906506,1022767.5726906506,0.0,0.0,0.042520567361093636,9133.522690650541,8761.0
12520.0,1000471.55,1000471.55,1025206.6690386425,1.0,2.0,0.0,24735.1190386425,24735.1190386425
12611.0,1019749.25,1019826.7938772789,1025858.0498486746,1.0,0.0,0.012857003192483715,6108.799848674564,6031.255971395643
12456.0,945564.75,945564.75,1026124.0502768519,2.0,0.0,0.0,80559.30027685186,80559.30027685186
12424.0,909268.75,909268.75,1026557.9059288645,1.0,2.0,0.0,117289.1559288645,117289.1559288645
12587.0,1012948.3,1013168.4371390616,1028936.4126792594,2.0,1.0,0.013961027431858937,15988.112679259386,15767.975540197804
12454.0,945545.25,945545.25,1030032.12201184,1.0,0.0,0.0,84486.87201184,84486.87201184
12591.0,1013028.25,1013169.4536399243,1030638.7338420759,1.0,0.0,0.008082968404554062,17610.48384207592,17469.280202151625
12592.0,1013034.1,1013169.7746402086,1030678.0512723458,2.0,0.0,0.007749171609475379,17643.951272345847,17508.276632137247
12583.0,1012866.4,1013168.0318139852,1031191.6958539428,1.0,1.0,0.016735321592572763,18325.29585394275,18023.66403995757
12550.0,1007327.75,1008002.974711502,1034937.974711502,0.0,0.0,0.025068673157674807,27610.22471150197,26935.0
12584.0,1012884.6,1013168.1314275005,1035372.1314275005,0.0,0.0,0.012769385133333483,22487.531427500537,22204.0
12596.0,1015146.6,1015146.6,1036400.3677737258,2.0,1.0,0.0,21253.76777372579,21253.76777372579
12581.0,1012616.8,1012704.0834228992,1038444.8039352589,2.0,0.0,0.0033908694536071643,25828.003935258836,25740.720512359636
12530.0,1002988.35,1002988.35,1039601.773672086,2.0,1.0,0.0,36613.42367208598,36613.42367208598
12635.0,1038534.25,1039601.773672086,1039703.6971865756,2.0,0.0,10.47377219507265,1169.4471865756204,101.92351448966656
12633.0,1038488.75,1039601.773672086,1039805.7239523747,1.0,0.0,5.457328474912724,1316.973952374654,203.95028028870001
12634.0,1038503.7,1039601.773672086,1039827.773672086,0.0,0.0,4.858733062327436,1324.0736720860004,226.0
12638.0,1038665.55,1039601.773672086,1040099.773672086,0.0,0.0,1.8799672130239102,1434.2236720859073,498.0
12636.0,1038588.85,1039601.773672086,1040124.4424112202,0.0,2.0,1.937984035096223,1535.5924112201901,522.668739134213
12637.0,1038638.25,1039601.773672086,1040249.5573888673,2.0,0.0,1.487415702379032,1611.3073888672516,647.7837167812977
12618.0,1027972.4,1028958.8089202633,1040887.7867704862,2.0,0.0,0.08269014601656441,12915.386770486133,11928.977850222844
12368.0,845008.4500000002,845008.4500000002,1041986.5262568921,2.0,1.0,0.0,196978.07625689195,196978.07625689195
12608.0,1017965.0,1018160.6867433292,1044716.6867433292,0.0,0.0,0.007368833534009742,26751.686743329163,26556.0
12616.0,1027937.95,1027937.95,1045451.4272362675,0.0,1.0,0.0,17513.47723626753,17513.47723626753
12451.0,944728.2,944728.2,1046227.5611620267,1.0,0.0,0.0,101499.36116202676,101499.36116202676
12614.0,1021470.45,1021912.839077614,1047280.9887665391,2.0,0.0,0.017438760139735124,25810.53876653919,25368.14968892513
12615.0,1024808.2,1024808.2,1047312.1042756641,2.0,0.0,0.0,22503.90427566413,22503.90427566413
12617.0,1027954.85,1028958.7683878524,1050676.205202086,0.0,2.0,0.04622637544382821,22721.35520208592,21717.436814233544
12644.0,1053297.05,1054218.9072833778,1054343.2489415086,1.0,0.0,7.413905341429426,1046.1989415085409,124.34165813075379
12643.0,1052957.1,1054218.9072833778,1054441.9072833778,0.0,0.0,5.658328625012289,1484.8072833777405,223.0
12619.0,1032261.75,1032261.75,1055613.7386288731,2.0,0.0,0.0,23351.988628873136,23351.988628873136
12646.0,1055577.25,1055577.25,1055932.25,0.0,0.0,0.0,355.0,355.0
12612.0,1021170.15,1021912.839077614,1056270.236560751,5.0,5.0,0.02161656970608768,35100.08656075096,34357.39748313697
12537.0,1003847.0,1003847.0,1057301.564221693,1.0,1.0,0.0,53454.56422169297,53454.56422169297
12625.0,1035198.45,1035711.3367545807,1057372.1004653084,2.0,0.0,0.023678147337287177,22173.650465308456,21660.763710727682
12599.0,1016000.7,1016477.288028661,1057470.4157610384,7.0,10.0,0.011626046974812093,41469.715761038475,40993.12773237738
12624.0,1034347.6,1034937.974711502,1059319.4127267161,0.0,1.0,0.024214105465542955,24971.81272671616,24381.438015214168
12651.0,1059202.95,1059319.4891820424,1059392.4891820424,0.0,0.0,1.5964271512667152,189.5391820424702,73.0
12601.0,1016006.55,1016477.4936533847,1059547.929827109,3.0,0.0,0.01093426710342895,43541.37982710893,43070.43617372424
12645.0,1054353.95,1055577.2629309855,1063314.2629309855,0.0,0.0,0.15811205001752446,8960.312930985587,7737.0
12656.0,1059956.3,1063314.2629309855,1063451.2629309855,0.0,0.0,24.510678328361266,3494.9629309854936,137.0
12654.0,1059797.05,1063314.2629309855,1063606.2629309855,0.0,0.0,12.04524976364895,3809.2129309854936,292.0
12660.0,1063314.85,1063451.2629309855,1063617.2629309855,0.0,0.0,0.8217646444906447,302.412930985447,166.0
12659.0,1060688.85,1063314.2629309855,1063790.0489373018,0.0,0.0,5.5180541170436035,3101.198937301757,475.7860063163098
12613.0,1021324.85,1021912.839077614,1063892.944887105,1.0,1.0,0.014006374359378227,42568.09488710493,41980.105809490895
12622.0,1032783.05,1034102.2149846706,1064203.1052898963,8.0,12.0,0.04382478296469432,31420.055289896205,30100.89030522562
12627.0,1038065.6,1038065.6,1065514.1331124154,2.0,0.0,0.0,27448.53311241546,27448.53311241546
12675.0,1065043.85,1065448.9346953775,1065518.4186946643,2.0,0.0,5.829898962860482,474.5686946641654,69.48399928677827
12663.0,1064870.3,1065445.3049813118,1065526.3049813118,0.0,0.0,7.098826929774527,656.0049813117366,81.0
12664.0,1064870.3,1065445.4283184423,1065538.4283184423,0.0,0.0,6.184175467121125,668.1283184422646,93.0
12665.0,1064870.3,1065445.5959472451,1065538.5959472451,0.0,0.0,6.185977927366552,668.2959472450893,93.0
12666.0,1064870.3,1065445.7880847137,1065538.7880847137,0.0,0.0,6.188043921652641,668.4880847136956,93.0
12679.0,1065301.25,1065451.3815436326,1065653.3815436326,0.0,0.0,0.7432254635277066,352.13154363259673,202.0
12476.0,959320.05,959320.05,1065872.2253807979,3.0,6.0,0.0,106552.17538079782,106552.17538079782
12667.0,1064883.95,1065445.221658125,1065930.3941135828,1.0,0.0,1.1568498001304854,1046.4441135828383,485.17245545773767
12684.0,1065771.85,1065872.2253807979,1065939.1355827108,1.0,0.0,1.5001506187101696,167.285582710756,66.91020191297866
12658.0,1060681.7,1063314.2629309855,1066002.9048444051,2.0,2.0,0.9791422642955536,5321.204844405176,2688.6419134195894
12682.0,1065422.8,1065445.221658125,1066045.221658125,0.0,0.0,0.03736943020834588,622.4216581250075,600.0
12689.0,1066119.6,1066119.6,1066323.1091590421,2.0,0.0,0.0,203.5091590420343,203.5091590420343
12683.0,1065766.0,1065766.0,1066366.0,0.0,0.0,0.0,600.0,600.0
12690.0,1066121.55,1066121.55,1066421.55,0.0,0.0,0.0,300.0,300.0
12598.0,1015710.15,1016477.2405531529,1066555.594169499,1.0,0.0,0.015317806951673734,50845.44416949886,50078.35361634602
12692.0,1066793.65,1066793.65,1066863.65,0.0,0.0,0.0,70.0,70.0
12621.0,1032754.45,1034102.125428606,1066960.5455515368,2.0,0.0,0.04101461432303031,34206.095551536884,32858.42012293078
12626.0,1035711.3,1035711.3,1067023.8079031955,1.0,3.0,0.0,31312.507903195452,31312.507903195452
12674.0,1064999.65,1065448.3742829647,1067175.429206312,1.0,0.0,0.2598205053578497,2175.7792063120287,1727.0549233471975
12691.0,1066652.6,1066652.6,1067252.6,0.0,0.0,0.0,600.0,600.0
12693.0,1066951.6,1066951.6,1067360.167806489,1.0,0.0,0.0,408.5678064888343,408.5678064888343
12686.0,1066115.05,1066115.05,1067377.7564974208,1.0,0.0,0.0,1262.7064974207897,1262.7064974207897
12558.0,1007658.6,1008003.4229030707,1068643.9472379775,1.0,0.0,0.005686344352273731,60985.34723797755,60640.52433490683
12662.0,1064761.75,1065445.241770706,1069034.4290234416,2.0,0.0,0.19043079186936862,4272.679023441626,3589.187252735719
12561.0,1007680.7,1008004.0382555,1069456.6010124749,1.0,0.0,0.0052615910711286485,61775.901012474904,61452.56275697483
12623.0,1032825.3,1034102.3203195931,1069624.5616186876,2.0,3.0,0.035949880212811196,36799.26161868754,35522.241299094516
12639.0,1040838.5,1040838.5,1069743.3982928018,3.0,7.0,0.0,28904.89829280181,28904.89829280181
12620.0,1032482.1,1034102.079077614,1069793.3492084888,2.0,4.0,0.04538866427767338,37311.24920848885,35691.27013087482
12629.0,1038078.6,1038444.8039352589,1070434.7603417833,1.0,1.0,0.011447465904774334,32356.16034178331,31989.956406524405
12698.0,1068399.8,1068399.8,1070909.5460122908,2.0,1.0,0.0,2509.746012290707,2509.746012290707
12673.0,1064974.95,1065447.8461953802,1070935.902354986,1.0,0.0,0.08616825003740904,5960.952354985988,5488.056159605738
12704.0,1070999.15,1070999.15,1071107.138199892,1.0,0.0,0.0,107.98819989198819,107.98819989198819
12705.0,1071071.3,1071071.3,1071195.960088621,2.0,0.0,0.0,124.66008862084709,124.66008862084709
12701.0,1069970.2,1069970.2,1071209.9017929288,1.0,0.0,0.0,1239.7017929288559,1239.7017929288559
12680.0,1065329.85,1065452.0886212604,1071243.4693466765,1.0,0.0,0.021106991071026374,5913.619346676394,5791.380725416122
12640.0,1050047.7,1050047.7,1071646.238072592,3.0,7.0,0.0,21598.538072592113,21598.538072592113
12668.0,1064904.75,1065446.022476055,1071716.3531808024,1.0,0.0,0.08632279564539495,6811.603180802427,6270.330704747466
12648.0,1056051.75,1056051.75,1072184.884638878,2.0,1.0,0.0,16133.134638878051,16133.134638878051
12699.0,1069701.75,1069701.75,1073068.7084255496,1.0,0.0,0.0,3366.9584255495574,3366.9584255495574
12712.0,1072153.55,1073068.7084255496,1073132.7084255496,0.0,0.0,14.299350399211107,979.1584255495109,64.0
12713.0,1072188.0,1073068.7084255496,1073135.7084255496,0.0,0.0,13.144901873873991,947.7084255495574,67.0
12714.0,1072218.55,1073068.7364772724,1073168.7364772724,0.0,0.0,8.501864772723057,950.1864772723056,100.0
12697.0,1068379.0,1068379.0,1073224.3152140358,1.0,0.0,0.0,4845.3152140358,4845.3152140358
12707.0,1071719.35,1071719.35,1073304.683258247,1.0,0.0,0.0,1585.333258247003,1585.333258247003
12661.0,1064739.0,1064739.0,1073440.6128434092,2.0,0.0,0.0,8701.61284340918,8701.61284340918
12715.0,1072323.2,1073068.8048156851,1074022.8048156851,0.0,0.0,0.7815564105714783,1699.6048156851903,954.0
12647.0,1055826.2,1055826.2,1074378.2,0.0,0.0,0.0,18552.0,18552.0
12708.0,1071751.2,1071751.2,1074435.0681256277,1.0,0.0,0.0,2683.8681256277487,2683.8681256277487
12655.0,1059831.5,1063314.2629309855,1075101.5325074631,2.0,0.0,0.2954681666003181,15270.032507463126,11787.269576477585
12720.0,1074183.5,1074183.5,1075818.6270703778,1.0,0.0,0.0,1635.1270703778137,1635.1270703778137
12650.0,1057828.2,1059319.4127267161,1075922.5295684428,1.0,1.0,0.0898152281244261,18094.32956844289,16603.116841726704
12657.0,1060263.75,1063314.2629309855,1076756.6521388458,2.0,3.0,0.22693234690763167,16492.902138845762,13442.389207860222
12718.0,1073124.65,1073132.7084255496,1077181.441714136,1.0,1.0,0.001990357224163854,4056.791714136023,4048.7332885863725
12711.0,1072121.05,1072121.05,1077302.672371794,1.0,2.0,0.0,5181.622371793957,5181.622371793957
12723.0,1076917.4,1076917.4,1077388.7014254574,1.0,0.0,0.0,471.3014254574664,471.3014254574664
12722.0,1076832.25,1076832.25,1077432.25,0.0,0.0,0.0,600.0,600.0
12641.0,1051752.65,1054218.9367983066,1077432.873071642,2.0,0.0,0.10624164593488818,25680.223071641987,23213.936273335246
12728.0,1077391.9,1077391.9,1077462.6350696078,1.0,0.0,0.0,70.73506960785016,70.73506960785016
12729.0,1077399.05,1077399.05,1077469.3036754136,1.0,0.0,0.0,70.25367541355081,70.25367541355081
12730.0,1077404.9,1077404.9,1077603.7762555373,1.0,2.0,0.0,198.87625553738326,198.87625553738326
12716.0,1072516.9,1073068.904672189,1077616.9201558512,1.0,0.0,0.1213726457554874,5100.020155851264,4548.015483662253
12727.0,1077116.95,1077116.95,1078051.6127949895,1.0,0.0,0.0,934.6627949895337,934.6627949895337
12694.0,1067194.7,1067194.7,1078119.8307779545,1.0,0.0,0.0,10925.13077795459,10925.13077795459
12709.0,1071807.75,1071807.75,1078131.8756174333,1.0,0.0,0.0,6324.125617433339,6324.125617433339
12731.0,1078121.85,1078121.85,1078187.6124440797,1.0,0.0,0.0,65.76244407962076,65.76244407962076
12732.0,1078161.5,1078161.5,1078274.9410879428,2.0,1.0,0.0,113.44108794280328,113.44108794280328
12733.0,1078181.0,1078181.0,1078281.0,0.0,0.0,0.0,100.0,100.0
12700.0,1069942.9,1069942.9,1078456.2233953902,1.0,2.0,0.0,8513.323395390296,8513.323395390296
12676.0,1065078.3,1065449.5143865277,1079497.2931448773,1.0,0.0,0.02642513047174951,14418.993144877255,14047.778758349596
12710.0,1072100.25,1072100.25,1079509.57324384,2.0,1.0,0.0,7409.323243839899,7409.323243839899
12725.0,1077035.05,1077035.05,1079546.7895665483,1.0,1.0,0.0,2511.739566548262,2511.739566548262
12677.0,1065095.2,1065450.1164634952,1080224.9370724077,1.0,0.0,0.024021710509374215,15129.737072407734,14774.820608912501
12726.0,1077096.15,1077096.15,1080355.8573590573,1.0,0.0,0.0,3259.7073590573855,3259.7073590573855
12628.0,1038071.45,1038444.8039352589,1080779.727388085,0.0,1.0,0.008819053037262646,42708.277388085146,42334.92345282622
12652.0,1059376.5,1059392.4891820424,1080847.2098063277,2.0,8.0,0.0007452524002724589,21470.709806327708,21454.720624285284
12642.0,1052400.05,1054218.9749316054,1080877.9749316054,0.0,0.0,0.06822930085919751,28477.924931605347,26659.0
12719.0,1074154.9,1074154.9,1081920.584584096,2.0,1.0,0.0,7765.684584096074,7765.684584096074
12721.0,1074886.8,1074886.8,1082991.8,0.0,0.0,0.0,8105.0,8105.0
12741.0,1083561.7,1083561.7,1083646.7,0.0,0.0,0.0,85.0,85.0
12736.0,1078333.75,1078333.75,1084170.950065117,1.0,0.0,0.0,5837.2000651170965,5837.2000651170965
12740.0,1082995.55,1082995.55,1084488.55,0.0,0.0,0.0,1493.0,1493.0
12745.0,1084446.35,1084446.35,1084550.35,0.0,0.0,0.0,104.0,104.0
12724.0,1077009.05,1077009.05,1084641.5228375797,2.0,0.0,0.0,7632.472837579669,7632.472837579669
12737.0,1079796.9,1079796.9,1084745.9462542196,1.0,0.0,0.0,4949.04625421972,4949.04625421972
12746.0,1085812.0,1085812.0,1085865.289890552,2.0,0.0,0.0,53.28989055193961,53.28989055193961
12747.0,1085975.8,1085975.8,1086039.7855942545,2.0,0.0,0.0,63.985594254452735,63.985594254452735
12717.0,1073115.55,1073132.7084255496,1086228.7933755529,1.0,0.0,0.0013101950403510885,13113.243375552818,13096.084950003307
12748.0,1086298.2,1086298.2,1086399.2,0.0,0.0,0.0,101.0,101.0
12749.0,1086670.65,1086670.65,1086800.0825048378,1.0,0.0,0.0,129.43250483786687,129.43250483786687
12750.0,1086740.85,1086740.85,1086823.855451928,1.0,0.0,0.0,83.00545192789286,83.00545192789286
12751.0,1086774.0,1086774.0,1086873.599706972,1.0,0.0,0.0,99.59970697201788,99.59970697201788
12752.0,1086867.6,1086867.6,1086950.6860713693,2.0,0.0,0.0,83.0860713692382,83.0860713692382
12753.0,1087214.05,1087214.05,1087304.588583193,1.0,0.0,0.0,90.53858319297433,90.53858319297433
12649.0,1057805.45,1057805.45,1087456.8132205335,1.0,0.0,0.0,29651.36322053359,29651.36322053359
12754.0,1087458.45,1087458.45,1087584.8923534765,1.0,0.0,0.0,126.44235347653739,126.44235347653739
12756.0,1087628.1,1087628.1,1087701.1,0.0,0.0,0.0,73.0,73.0
12600.0,1016003.95,1016477.3631145501,1088385.2097109654,2.0,7.0,0.0065836085623203,72381.25971096545,71907.84659641527
12758.0,1088334.65,1088334.65,1088401.9240903559,1.0,0.0,0.0,67.27409035596065,67.27409035596065
12759.0,1088395.1,1088395.1,1088511.620909044,1.0,1.0,0.0,116.52090904396027,116.52090904396027
12760.0,1088466.6,1088466.6,1088620.780862852,1.0,0.0,0.0,154.18086285190657,154.18086285190657
12761.0,1088540.7,1088540.7,1088668.0834562134,2.0,0.0,0.0,127.38345621339977,127.38345621339977
12762.0,1088682.4,1088682.4,1088741.5413176324,2.0,0.0,0.0,59.14131763251498,59.14131763251498
12702.0,1070751.5,1070751.5,1088828.7772699262,3.0,4.0,0.0,18077.277269926155,18077.277269926155
12763.0,1088766.25,1088766.25,1088875.2182030582,0.0,1.0,0.0,108.96820305823348,108.96820305823348
12764.0,1089083.45,1089083.45,1089157.45,0.0,0.0,0.0,74.0,74.0
12765.0,1089327.85,1089327.85,1089401.85,0.0,0.0,0.0,74.0,74.0
12766.0,1089651.55,1089651.55,1089724.55,0.0,0.0,0.0,73.0,73.0
12767.0,1089917.4,1089917.4,1089991.4,0.0,0.0,0.0,74.0,74.0
12768.0,1090021.4,1090021.4,1090082.8024536085,1.0,0.0,0.0,61.40245360857807,61.40245360857807
12769.0,1090079.9,1090079.9,1090152.9,0.0,0.0,0.0,73.0,73.0
12770.0,1090219.65,1090219.65,1090330.0952885933,1.0,0.0,0.0,110.44528859341517,110.44528859341517
12771.0,1090270.35,1090270.35,1090362.7558967108,1.0,1.0,0.0,92.40589671069756,92.40589671069756
12743.0,1083664.4,1083664.4,1090448.8286097453,1.0,0.0,0.0,6784.428609745344,6784.428609745344
12773.0,1090422.45,1090422.45,1090496.607477501,2.0,0.0,0.0,74.1574775010813,74.1574775010813
12774.0,1090656.45,1090656.45,1090729.540080272,3.0,0.0,0.0,73.09008027194068,73.09008027194068
12776.0,1091144.6,1091144.6,1091273.218853381,3.0,0.0,0.0,128.6188533809036,128.6188533809036
12545.0,1006695.95,1006962.5667189625,1092223.828075622,1.0,0.0,0.0031270557662437305,85527.87807562202,85261.26135665947
12755.0,1087537.1,1087537.1,1092387.021805076,1.0,0.0,0.0,4849.921805075835,4849.921805075835
12734.0,1078326.6,1078326.6,1092471.4000344733,1.0,2.0,0.0,14144.800034473184,14144.800034473184
12735.0,1078331.15,1078331.15,1092862.8094524327,1.0,1.0,0.0,14531.659452432767,14531.659452432767
12536.0,1003846.35,1003846.35,1094289.0758800576,2.0,1.0,0.0,90442.72588005767,90442.72588005767
12739.0,1082956.55,1082956.55,1094478.1743239542,2.0,1.0,0.0,11521.624323954107,11521.624323954107
12706.0,1071144.75,1071144.75,1095864.9601568677,1.0,0.0,0.0,24720.210156867746,24720.210156867746
12533.0,1003846.35,1003846.35,1096037.4776206461,2.0,1.0,0.0,92191.12762064615,92191.12762064615
12534.0,1003846.35,1003846.35,1096337.318707032,2.0,1.0,0.0,92490.96870703192,92490.96870703192
12538.0,1003847.0,1003847.0,1097612.724688472,2.0,1.0,0.0,93765.724688472,93765.724688472
12423.0,909221.95,909221.95,1101067.3115156074,2.0,0.0,0.0,191845.36151560745,191845.36151560745
12772.0,1090303.5,1090303.5,1102123.8252022194,1.0,0.0,0.0,11820.325202219421,11820.325202219421
12535.0,1003846.35,1003846.35,1102291.644943428,1.0,2.0,0.0,98445.29494342802,98445.29494342802
12738.0,1080124.5,1080124.5,1102723.0247932693,2.0,0.0,0.0,22598.524793269346,22598.524793269346
12742.0,1083613.05,1083613.05,1102790.05,0.0,0.0,0.0,19177.0,19177.0
12777.0,1091215.45,1091215.45,1103571.8025673844,1.0,0.0,0.0,12356.352567384485,12356.352567384485
12653.0,1059501.3,1059547.929827109,1104037.1168943178,1.0,1.0,0.0010481159621660435,44535.816894317744,44489.18706720881
12560.0,1007675.5,1008003.8010724554,1104888.4883994362,5.0,2.0,0.003388575444820926,97212.98839943623,96884.68732698087
12671.0,1064973.0,1065446.9438523138,1105531.611841532,2.0,0.0,0.01182356936176381,40558.611841531936,40084.66798921814
12744.0,1084207.15,1084207.15,1105650.1180085388,2.0,0.0,0.0,21442.96800853894,21442.96800853894
12703.0,1070769.7,1070769.7,1108045.0142913158,1.0,0.0,0.0,37275.31429131585,37275.31429131585
12678.0,1065103.0,1065450.726728947,1109911.533613425,0.0,2.0,0.007820972072108263,44808.53361342498,44460.80688447808
12669.0,1064972.35,1065446.2795756499,1110622.9077583575,1.0,1.0,0.010490592032080788,45650.557758357376,45176.62818270759
12783.0,1110775.25,1110775.25,1110928.25,0.0,0.0,0.0,153.0,153.0
12787.0,1111786.0,1111786.0,1111923.0,0.0,0.0,0.0,137.0,137.0
12800.0,1113005.4,1113005.4,1113198.4,0.0,0.0,0.0,193.0,193.0
12801.0,1113231.6,1113231.6,1113337.6,0.0,0.0,0.0,106.0,106.0
12805.0,1113699.6,1113699.6,1113813.7738527851,2.0,0.0,0.0,114.17385278502479,114.17385278502479
12806.0,1113803.6,1113803.6,1113895.864557519,1.0,0.0,0.0,92.2645575189963,92.2645575189963
12807.0,1113840.0,1113840.0,1114025.959832617,3.0,0.0,0.0,185.9598326170817,185.9598326170817
12808.0,1113942.05,1113942.05,1114081.293159878,1.0,0.0,0.0,139.24315987806767,139.24315987806767
12809.0,1114048.0,1114048.0,1114155.425706082,1.0,0.0,0.0,107.42570608202368,107.42570608202368
12810.0,1114159.15,1114159.15,1114227.7636205093,1.0,0.0,0.0,68.61362050939351,68.61362050939351
12786.0,1110906.55,1110906.55,1114361.2192918456,1.0,0.0,0.0,3454.669291845523,3454.669291845523
12813.0,1114250.8,1114250.8,1114424.6715837975,1.0,1.0,0.0,173.87158379750326,173.87158379750326
12814.0,1114334.0,1114334.0,1114512.1638674056,1.0,1.0,0.0,178.16386740561575,178.16386740561575
12815.0,1114493.25,1114493.25,1114620.8196285237,2.0,0.0,0.0,127.56962852366269,127.56962852366269
12802.0,1113372.0,1113372.0,1115494.0132074319,1.0,0.0,0.0,2122.0132074318826,2122.0132074318826
12630.0,1038381.5,1038444.936742447,1116238.4420335577,1.0,1.0,0.0008154503670914565,77856.94203355769,77793.50529111072
12784.0,1110816.85,1110816.85,1116659.85,0.0,0.0,0.0,5843.0,5843.0
12825.0,1116399.05,1117078.7462689164,1117162.024107944,2.0,1.0,8.161790421714436,762.9741079439409,83.27783902757801
12826.0,1116423.1,1117078.7795725684,1117180.7795725684,0.0,0.0,6.42823110361054,757.679572568275,102.0
12823.0,1116334.05,1116334.05,1117209.05,0.0,0.0,0.0,875.0,875.0
12602.0,1016008.5,1016477.6520485544,1117804.6520485543,0.0,0.0,0.004630079332797659,101796.15204855427,101326.99999999988
12542.0,1005649.45,1005687.5425232067,1117837.2770468672,11.0,50.0,0.0003396577207116561,112187.82704686723,112149.7345236605
12788.0,1112086.95,1112086.95,1118627.314840276,1.0,0.0,0.0,6540.364840276074,6540.364840276074
12631.0,1038388.0,1038445.0855699467,1118928.2954182702,1.0,2.0,0.0007092854528821523,80540.29541827017,80483.20984832349
12687.0,1066116.35,1066116.35,1119704.0865027544,2.0,0.0,0.0,53587.73650275427,53587.73650275427
12799.0,1112880.6,1112880.6,1120046.91255694,2.0,1.0,0.0,7166.312556939898,7166.312556939898
12821.0,1115988.9,1115988.9,1120070.5783513812,2.0,1.0,0.0,4081.678351381328,4081.678351381328
12837.0,1117852.45,1117852.45,1120096.7994848187,1.0,0.0,0.0,2244.3494848187547,2244.3494848187547
12797.0,1112822.75,1112822.75,1120354.295624968,2.0,0.0,0.0,7531.545624967897,7531.545624967897
12840.0,1119665.3,1119665.3,1120682.9482013169,1.0,0.0,0.0,1017.6482013168279,1017.6482013168279
12839.0,1119657.5,1119657.5,1120696.293773746,1.0,0.0,0.0,1038.7937737458851,1038.7937737458851
12841.0,1119680.25,1119680.25,1120828.25,0.0,0.0,0.0,1148.0,1148.0
12822.0,1116241.1,1116241.1,1121115.8827839452,2.0,0.0,0.0,4874.782783945091,4874.782783945091
12757.0,1087786.05,1087786.05,1121127.7368643908,2.0,0.0,0.0,33341.68686439074,33341.68686439074
12670.0,1064972.35,1065446.5826877858,1121172.8777871213,1.0,2.0,0.008510034391132721,56200.527787121246,55726.29509933549
12803.0,1113654.1,1113654.1,1121281.733060599,1.0,0.0,0.0,7627.633060598979,7627.633060598979
12830.0,1116886.55,1117078.9940258425,1121774.5865412517,1.0,0.0,0.04098397065140164,4888.0365412516985,4695.592515409226
12793.0,1112603.7,1112603.7,1121931.3855878878,1.0,0.0,0.0,9327.685587887885,9327.685587887885
12546.0,1006698.55,1006962.5814361545,1121953.6521686402,2.0,0.0,0.0022961038146061203,115255.10216864012,114991.07073248562
12833.0,1117305.15,1117804.6520485543,1122092.6593472264,1.0,0.0,0.11648815259923846,4787.509347226471,4288.007298672106
12796.0,1112760.35,1112760.35,1122262.8236598184,1.0,0.0,0.0,9502.473659818294,9502.473659818294
12782.0,1109315.35,1109315.35,1122266.5217145435,1.0,0.0,0.0,12951.171714543365,12951.171714543365
12843.0,1120318.55,1120318.55,1122331.2203137826,1.0,0.0,0.0,2012.6703137825243,2012.6703137825243
12780.0,1097456.75,1097456.75,1122827.9941926817,2.0,1.0,0.0,25371.24419268174,25371.24419268174
12688.0,1066118.3,1066118.3,1123334.5457649068,2.0,0.0,0.0,57216.24576490675,57216.24576490675
12573.0,1011783.5,1011976.4172476861,1124282.2108058725,1.0,0.0,0.0017177853570494361,112498.71080587246,112305.79355818639
12855.0,1124487.0,1124487.0,1124580.7671020587,1.0,0.0,0.0,93.76710205874406,93.76710205874406
12832.0,1117297.35,1117804.680466421,1124847.3248244186,2.0,0.0,0.0720369282661173,7549.974824418547,7042.644357997691
12554.0,1007624.8,1008003.0254881773,1124849.7575658506,2.0,4.0,0.003236936809887368,117224.95756585058,116846.73207767331
12798.0,1112859.8,1112859.8,1125039.1428698304,0.0,3.0,0.0,12179.342869830318,12179.342869830318
12856.0,1124559.15,1124559.15,1125243.4191954487,1.0,0.0,0.0,684.26919544884,684.26919544884
12824.0,1116358.1,1117078.7204870472,1125413.4588679662,1.0,0.0,0.0864598808160397,9055.358867966104,8334.738380918978
12860.0,1125340.45,1125340.45,1125445.5494245992,1.0,0.0,0.0,105.09942459920421,105.09942459920421
12794.0,1112671.3,1112671.3,1125553.5274496942,1.0,0.0,0.0,12882.227449694183,12882.227449694183
12804.0,1113678.8,1113678.8,1125621.040978348,1.0,0.0,0.0,11942.240978348069,11942.240978348069
12866.0,1125606.95,1125606.95,1125665.4697896051,1.0,0.0,0.0,58.519789605168626,58.519789605168626
12867.0,1125631.65,1125631.65,1125702.65,0.0,0.0,0.0,71.0,71.0
12834.0,1117748.45,1117804.7472581342,1125913.7705173476,1.0,0.0,0.006942544907645715,8165.32051734766,8109.023259213427
12842.0,1120269.15,1120269.15,1126059.15,0.0,0.0,0.0,5790.0,5790.0
12849.0,1120692.3,1120692.3,1126219.041473312,1.0,0.0,0.0,5526.741473312024,5526.741473312024
12792.0,1112597.85,1112597.85,1126267.137373932,2.0,1.0,0.0,13669.287373931846,13669.287373931846
12795.0,1112727.2,1112727.2,1126572.0882723348,1.0,0.0,0.0,13844.888272334822,13844.888272334822
12781.0,1101508.2,1101508.2,1127133.5117918516,1.0,1.0,0.0,25625.31179185165,25625.31179185165
12874.0,1127315.15,1127315.15,1127367.038878943,0.0,1.0,0.0,51.888878943165764,51.888878943165764
12827.0,1116525.15,1117078.7054983207,1127826.445156125,2.0,0.0,0.051504364261270044,11301.29515612498,10747.739657804137
12876.0,1127815.0,1127815.0,1127950.78084066,1.0,0.0,0.0,135.78084065997973,135.78084065997973
12879.0,1128732.15,1128732.15,1128964.0291494052,1.0,0.0,0.0,231.87914940528572,231.87914940528572
12880.0,1128764.65,1128764.65,1129141.858977347,2.0,0.0,0.0,377.208977347007,377.208977347007
12883.0,1128851.1,1128851.1,1129646.2508121296,1.0,0.0,0.0,795.1508121294901,795.1508121294901
12888.0,1129083.8,1129083.8,1129657.8,0.0,0.0,0.0,574.0,574.0
12887.0,1129070.15,1129070.15,1129693.1616817308,1.0,0.0,0.0,623.011681730859,623.011681730859
12831.0,1117286.95,1117286.95,1129751.94692912,0.0,3.0,0.0,12464.99692912004,12464.99692912004
12838.0,1118703.3,1118703.3,1129811.1001668111,1.0,0.0,0.0,11107.800166811096,11107.800166811096
12882.0,1128827.7,1128827.7,1129834.591551166,1.0,0.0,0.0,1006.8915511660744,1006.8915511660744
12885.0,1128873.85,1128873.85,1129936.4470828518,1.0,0.0,0.0,1062.5970828516874,1062.5970828516874
12850.0,1120715.05,1120715.05,1130142.5702483999,1.0,0.0,0.0,9427.520248399815,9427.520248399815
12891.0,1130287.6,1130287.6,1130408.7811434055,1.0,0.0,0.0,121.18114340538159,121.18114340538159
12892.0,1130364.3,1130364.3,1130471.106593709,1.0,0.0,0.0,106.80659370892681,106.80659370892681
12889.0,1130081.55,1130081.55,1130575.9616057714,2.0,0.0,0.0,494.4116057713982,494.4116057713982
12828.0,1116664.9,1117078.824957549,1131042.7195198964,1.0,0.0,0.029642515252537027,14377.819519896526,13963.894562347326
12859.0,1124916.0,1124916.0,1131647.6514623435,1.0,0.0,0.0,6731.651462343521,6731.651462343521
12878.0,1128175.75,1128175.75,1132266.037073724,1.0,0.0,0.0,4090.287073723972,4090.287073723972
12819.0,1114826.05,1114826.05,1132478.55175584,1.0,0.0,0.0,17652.501755839912,17652.501755839912
12848.0,1120668.25,1120668.25,1132626.8154259494,1.0,0.0,0.0,11958.565425949404,11958.565425949404
12895.0,1130507.95,1130507.95,1132724.3937154473,1.0,1.0,0.0,2216.443715447327,2216.443715447327
12890.0,1130088.05,1130088.05,1132770.8306867261,1.0,1.0,0.0,2682.780686726095,2682.780686726095
12873.0,1125970.3,1125970.3,1132818.2981612955,1.0,0.0,0.0,6847.998161295429,6847.998161295429
12894.0,1130499.5,1130499.5,1132858.9552014566,1.0,1.0,0.0,2359.455201456556,2359.455201456556
12896.0,1130610.0,1130610.0,1133180.727501413,0.0,1.0,0.0,2570.7275014130864,2570.7275014130864
12555.0,1007632.6,1008003.0857336116,1133510.4761791655,0.0,1.0,0.0029519037269151505,125877.87617916556,125507.39044555393
12685.0,1066111.15,1066111.15,1134120.2535264157,1.0,1.0,0.0,68009.10352641577,68009.10352641577
12835.0,1117790.05,1117804.8275223807,1135217.7523390143,2.0,0.0,0.0008486525116435629,17427.70233901427,17412.924816633575
12903.0,1135442.1,1135442.1,1135515.1,0.0,0.0,0.0,73.0,73.0
12905.0,1136343.65,1136343.65,1136459.00501236,0.0,1.0,0.0,115.35501236002892,115.35501236002892
12791.0,1112530.9,1112530.9,1136538.04312059,2.0,1.0,0.0,24007.14312059013,24007.14312059013
12906.0,1136601.05,1136601.05,1136711.7212263355,1.0,0.0,0.0,110.6712263354566,110.6712263354566
12907.0,1136703.1,1136703.1,1136807.1,0.0,0.0,0.0,104.0,104.0
12789.0,1112149.35,1112149.35,1136861.0115716036,1.0,0.0,0.0,24711.6615716035,24711.6615716035
12817.0,1114803.95,1114803.95,1136995.7704984045,1.0,0.0,0.0,22191.82049840456,22191.82049840456
12790.0,1112151.3,1112151.3,1137738.4470126384,0.0,1.0,0.0,25587.147012638394,25587.147012638394
12857.0,1124669.65,1124669.65,1137928.2447465716,2.0,1.0,0.0,13258.594746571733,13258.594746571733
12785.0,1110847.4,1110847.4,1140835.4,0.0,0.0,0.0,29988.0,29988.0
12881.0,1128819.25,1128819.25,1141065.9112261648,1.0,0.0,0.0,12246.661226164782,12246.661226164782
12868.0,1125777.25,1125777.25,1141454.9661796412,1.0,0.0,0.0,15677.716179641197,15677.716179641197
12901.0,1134607.5,1134607.5,1141774.6741887666,1.0,0.0,0.0,7167.1741887666285,7167.1741887666285
12893.0,1130439.05,1130439.05,1142173.13028755,1.0,0.0,0.0,11734.080287549878,11734.080287549878
12632.0,1038464.05,1039601.773672086,1142872.9734180265,1.0,2.0,0.011016853439147056,104408.92341802642,103271.19974594051
12909.0,1142813.1,1142813.1,1142883.6656310991,2.0,0.0,0.0,70.56563109904528,70.56563109904528
12886.0,1128884.9,1128884.9,1142889.518853571,1.0,2.0,0.0,14004.618853571126,14004.618853571126
12908.0,1142803.35,1142803.35,1142890.822750061,2.0,1.0,0.0,87.47275006095879,87.47275006095879
12858.0,1124696.3,1124696.3,1142908.3,0.0,0.0,0.0,18212.0,18212.0
12910.0,1142930.1,1142930.1,1142987.272525096,1.0,0.0,0.0,57.1725250959862,57.1725250959862
12911.0,1142954.8,1142954.8,1143060.5255086108,0.0,1.0,0.0,105.72550861071795,105.72550861071795
12871.0,1125938.45,1125938.45,1143159.835710648,1.0,0.0,0.0,17221.385710648028,17221.385710648028
12870.0,1125876.05,1125876.05,1143599.6009419078,1.0,0.0,0.0,17723.5509419078,17723.5509419078
12829.0,1116692.85,1117078.8881274115,1144007.9009063956,1.0,0.0,0.014335398426215621,27315.05090639554,26929.01277898415
12872.0,1125946.9,1125946.9,1144035.4508926906,1.0,1.0,0.0,18088.550892690662,18088.550892690662
12836.0,1117825.8,1117837.2770468672,1144150.2815082192,1.0,0.0,0.0004361739414437182,26324.48150821915,26313.004461352015
12844.0,1120469.35,1120469.35,1145374.451450723,1.0,0.0,0.0,24905.101450722897,24905.101450722897
12864.0,1125517.9,1125517.9,1146055.7601673987,1.0,0.0,0.0,20537.860167398816,20537.860167398816
12904.0,1135723.55,1135723.55,1146631.6965972276,1.0,0.0,0.0,10908.146597227547,10908.146597227547
12884.0,1128863.45,1128863.45,1147147.4654602776,2.0,0.0,0.0,18284.015460277675,18284.015460277675
12452.0,944743.15,944743.15,1148867.3535204064,2.0,0.0,0.0,204124.2035204064,204124.2035204064
12847.0,1120638.35,1120638.35,1148936.9532191586,2.0,0.0,0.0,28298.60321915848,28298.60321915848
12918.0,1149577.0,1149577.0,1149626.9891098435,1.0,0.0,0.0,49.989109843503684,49.989109843503684
12919.0,1149599.75,1149599.75,1149728.75,0.0,0.0,0.0,129.0,129.0
12861.0,1125416.5,1125416.5,1150085.1388348755,1.0,0.0,0.0,24668.638834875543,24668.638834875543
12920.0,1149996.25,1149996.25,1150116.0626385282,1.0,2.0,0.0,119.81263852817938,119.81263852817938
12877.0,1127839.05,1127839.05,1150124.3779371774,1.0,0.0,0.0,22285.327937177382,22285.327937177382
12898.0,1132197.3,1132197.3,1150143.1891904953,2.0,1.0,0.0,17945.889190495247,17945.889190495247
12921.0,1150192.55,1150192.55,1150327.55,0.0,0.0,0.0,135.0,135.0
12922.0,1150345.95,1150345.95,1150521.95,0.0,0.0,0.0,176.0,176.0
12899.0,1132200.55,1132200.55,1151053.082970605,1.0,0.0,0.0,18852.532970604952,18852.532970604952
12816.0,1114777.95,1114777.95,1151481.0165968423,1.0,0.0,0.0,36703.06659684237,36703.06659684237
12897.0,1132194.7,1132194.7,1151616.9377059678,1.0,0.0,0.0,19422.237705967855,19422.237705967855
12818.0,1114805.25,1114805.25,1151767.3539006505,2.0,0.0,0.0,36962.103900650516,36962.103900650516
12570.0,1011206.95,1011975.9758779872,1153036.8648189346,3.0,0.0,0.00545172998526336,141829.91481893463,141060.88894094736
12556.0,1007643.65,1008003.1820021812,1153091.9622718561,2.0,0.0,0.0024780138168706478,145448.31227185612,145088.78026967496
12564.0,1008894.25,1009162.85958192,1153995.7303467025,2.0,1.0,0.0018546175360716801,145101.4803467025,144832.87076478254
12863.0,1125491.9,1125491.9,1155217.4424667757,1.0,0.0,0.0,29725.542466775747,29725.542466775747
12846.0,1120474.55,1120474.55,1156032.7053757836,1.0,0.0,0.0,35558.155375783565,35558.155375783565
12912.0,1143015.25,1143015.25,1156473.5006459358,1.0,0.0,0.0,13458.250645935768,13458.250645935768
12862.0,1125439.9,1125439.9,1157286.6683974143,2.0,0.0,0.0,31846.76839741436,31846.76839741436
12913.0,1143026.95,1143026.95,1157363.7283468659,1.0,0.0,0.0,14336.778346865904,14336.778346865904
12845.0,1120471.95,1120471.95,1157423.4310772538,2.0,0.0,0.0,36951.48107725382,36951.48107725382
12672.0,1064973.0,1065447.3734946018,1160389.3838162527,1.0,0.0,0.004996455130818215,95416.3838162527,94942.01032165089
12900.0,1134274.7,1134274.7,1160428.54610321,1.0,0.0,0.0,26153.846103210002,26153.846103210002
12851.0,1121323.45,1121323.45,1161064.4002500933,1.0,0.0,0.0,39740.95025009336,39740.95025009336
12916.0,1148600.05,1148600.05,1161162.5376654977,1.0,0.0,0.0,12562.487665497698,12562.487665497698
12778.0,1091645.1,1091645.1,1161413.0891927278,1.0,0.0,0.0,69767.98919272772,69767.98919272772
12775.0,1091027.6,1091027.6,1161757.6723524109,2.0,1.0,0.0,70730.07235241076,70730.07235241076
12854.0,1121366.35,1121366.35,1163129.0868864814,1.0,0.0,0.0,41762.73688648129,41762.73688648129
12779.0,1092228.15,1092228.15,1164654.302910628,1.0,0.0,0.0,72426.15291062812,72426.15291062812
12933.0,1168551.8,1168551.8,1168625.1740962388,1.0,0.0,0.0,73.37409623875283,73.37409623875283
12934.0,1168613.55,1168613.55,1168674.7967441385,2.0,0.0,0.0,61.24674413842149,61.24674413842149
12936.0,1168714.95,1168714.95,1168750.5454059702,1.0,0.0,0.0,35.595405970234424,35.595405970234424
12940.0,1169026.95,1169026.95,1169205.7505007405,2.0,0.0,0.0,178.80050074052997,178.80050074052997
12941.0,1169177.75,1169177.75,1169772.6873518338,1.0,1.0,0.0,594.9373518337961,594.9373518337961
12943.0,1169545.0,1169545.0,1170469.9664575078,1.0,0.0,0.0,924.9664575078059,924.9664575078059
12945.0,1169577.5,1169577.5,1170481.4876134149,1.0,0.0,0.0,903.9876134148799,903.9876134148799
12938.0,1168799.45,1168799.45,1171036.3615183698,1.0,0.0,0.0,2236.9115183698013,2236.9115183698013
12869.0,1125833.8,1125833.8,1171211.8237032718,1.0,0.0,0.0,45378.023703271756,45378.023703271756
12944.0,1169560.6,1169560.6,1171239.0538407564,2.0,0.0,0.0,1678.4538407563232,1678.4538407563232
12946.0,1169595.7,1169595.7,1171395.9996724513,2.0,0.0,0.0,1800.299672451336,1800.299672451336
12947.0,1169916.15,1169916.15,1171549.8092685975,1.0,1.0,0.0,1633.6592685976066,1633.6592685976066
12914.0,1143653.55,1143653.55,1172706.646150104,1.0,0.0,0.0,29053.096150103956,29053.096150103956
12953.0,1172246.4,1172246.4,1172854.0121272176,0.0,0.0,0.0,607.612127217697,607.612127217697
12949.0,1171523.6,1171523.6,1173248.2848947549,1.0,0.0,0.0,1724.6848947547842,1724.6848947547842
12950.0,1171537.9,1171537.9,1173257.4141489665,1.0,0.0,0.0,1719.514148966642,1719.514148966642
12923.0,1152752.9,1152752.9,1173567.8058733274,2.0,1.0,0.0,20814.905873327516,20814.905873327516
12955.0,1173705.65,1173705.65,1173984.65,0.0,0.0,0.0,279.0,279.0
12942.0,1169215.45,1169215.45,1174563.7870733473,1.0,0.0,0.0,5348.337073347298,5348.337073347298
12959.0,1174324.45,1174563.828647115,1174854.828647115,0.0,0.0,0.8226070347597304,530.3786471150815,291.0
12960.0,1174467.45,1174563.7870733473,1174945.7870733473,0.0,0.0,0.2521912914850744,478.3370733472984,382.0
12952.0,1171584.05,1171584.05,1175204.904535289,1.0,0.0,0.0,3620.854535288876,3620.854535288876
12956.0,1173930.55,1173984.65,1175424.5251990946,2.0,0.0,0.03757270076870332,1493.9751990945078,1439.8751990946475
12939.0,1168861.85,1168861.85,1175570.5443416107,1.0,0.0,0.0,6708.6943416106515,6708.6943416106515
12951.0,1171559.35,1171559.35,1175702.5776380687,1.0,1.0,0.0,4143.227638068609,4143.227638068609
12962.0,1175763.55,1175763.55,1175871.55,0.0,0.0,0.0,108.0,108.0
12957.0,1174176.25,1174563.7870733473,1175976.2952217285,2.0,0.0,0.274360947079401,1800.0452217285056,1412.5081483812537
12865.0,1125521.15,1125521.15,1176426.757920742,2.0,0.0,0.0,50905.60792074213,50905.60792074213
12963.0,1176232.2,1176232.2,1176460.329435393,1.0,0.0,0.0,228.12943539302796,228.12943539302796
12965.0,1176360.9,1176426.757920742,1176499.757920742,0.0,0.0,0.9021632978373705,138.85792074212804,73.0
12966.0,1176431.1,1176499.757920742,1176573.757920742,0.0,0.0,0.92780973975597,142.65792074194178,74.0
12967.0,1176661.2,1176661.2,1176833.2,0.0,0.0,0.0,172.0,172.0
12915.0,1143658.1,1143658.1,1176951.1723661574,1.0,0.0,0.0,33293.072366157314,33293.072366157314
12968.0,1176821.1,1176833.2,1177103.2,0.0,0.0,0.044814814814297416,282.0999999998603,270.0
12961.0,1174868.5,1175204.904535289,1177109.032020374,0.0,1.0,0.17667122496994855,2240.5320203739684,1904.127485085046
12902.0,1135304.3,1135304.3,1177133.2477136787,1.0,2.0,0.0,41828.9477136787,41828.9477136787
12958.0,1174186.0,1174563.7870733473,1177213.7870733473,0.0,0.0,0.14256115975367994,3027.787073347252,2650.0
12695.0,1067879.8,1067879.8,1177323.2035542366,1.0,1.0,0.0,109443.40355423652,109443.40355423652
12969.0,1177659.6,1177659.6,1177920.989460241,2.0,1.0,0.0,261.3894602409564,261.3894602409564
12964.0,1176316.05,1176426.757920742,1178136.757920742,0.0,0.0,0.06474147411812184,1820.7079207419883,1710.0
12971.0,1178007.35,1178136.7718618151,1178299.5376529908,1.0,0.0,0.7951416626320671,292.18765299068764,162.76579117565416
12948.0,1171090.7,1171090.7,1181953.4095678735,1.0,0.0,0.0,10862.709567873506,10862.709567873506
12979.0,1181094.85,1181953.4095678735,1182000.4095678735,0.0,0.0,18.267224848369494,905.5595678733662,47.0
12972.0,1178623.55,1181953.4095678735,1182016.9036037445,2.0,0.0,52.44365903340267,3393.3536037444137,63.49403587100096
12982.0,1182020.45,1182020.45,1182084.4010249788,0.0,1.0,0.0,63.95102497888729,63.95102497888729
12975.0,1179413.95,1181953.4095678735,1182111.390213176,2.0,0.0,16.07449800582704,2697.440213175956,157.98064530245028
12973.0,1179163.7,1181953.4095678735,1182127.541675408,1.0,0.0,16.020650110845647,2963.8416754079517,174.13210753444582
12927.0,1164705.1,1164705.1,1182149.7996762798,1.0,0.0,0.0,17444.699676279677,17444.699676279677
12926.0,1164672.6,1164672.6,1182151.6380102322,1.0,0.0,0.0,17479.03801023215,17479.03801023215
12977.0,1180151.7,1181953.5418777994,1182152.5418777994,0.0,0.0,9.054481797987343,2000.8418777994812,199.0
12983.0,1182026.3,1182084.4010249788,1182200.3297915214,0.0,0.0,0.5011786695535485,174.02979152137414,115.92876654257998
12917.0,1149335.2,1149335.2,1182241.578597966,0.0,1.0,0.0,32906.37859796616,32906.37859796616
12928.0,1164725.25,1164725.25,1182295.2300982578,1.0,0.0,0.0,17569.980098257773,17569.980098257773
12988.0,1182293.45,1182293.45,1182346.1486320826,3.0,0.0,0.0,52.698632082669064,52.698632082669064
12974.0,1179239.75,1181953.4171966002,1182346.3133852785,1.0,2.0,6.906830035001212,3106.563385278452,392.8961886782199
12989.0,1182298.0,1182298.0,1182347.3240248063,1.0,0.0,0.0,49.32402480626479,49.32402480626479
12978.0,1180576.8,1181953.4095678735,1182352.4095678735,0.0,0.0,3.4501492929158215,1775.6095678734127,399.0
12981.0,1181878.75,1181953.6382721104,1182355.2053693586,1.0,2.0,0.18649006012579672,476.4553693586495,401.5670972482767
12976.0,1179985.3,1181953.4678600214,1182358.4226816632,1.0,3.0,4.860215892829467,2373.122681663139,404.95482164178975
12980.0,1181150.75,1181953.4095678735,1182389.0778272857,1.0,0.0,1.8423641165786278,1238.3278272857424,435.6682594122831
12985.0,1182071.8,1182084.540111152,1182539.4353175317,1.0,0.0,0.028006694670043904,467.63531753164716,454.8952063797042
12987.0,1182084.15,1182084.940944211,1182676.2827999638,1.0,0.0,0.0013375413958786116,592.1327999639325,591.3418557527475
12984.0,1182064.0,1182084.4319042247,1182728.4568087484,1.0,0.0,0.03172533248506636,664.4568087484222,644.0249045237433
12986.0,1182078.3,1182084.7244007264,1182770.9239991638,2.0,1.0,0.00936229158536773,692.6239991637412,686.199598437408
12557.0,1007650.15,1008003.284426194,1183191.7370174313,1.0,0.0,0.002015740312621916,175541.58701743127,175188.45259123726
12992.0,1183067.6,1183067.6,1183859.6,0.0,0.0,0.0,792.0,792.0
12993.0,1184108.9,1184108.9,1184742.9,0.0,0.0,0.0,634.0,634.0
12994.0,1184766.7,1184766.7,1185383.8353671916,1.0,0.0,0.0,617.1353671916295,617.1353671916295
12997.0,1187894.5,1187894.5,1188067.3202104226,1.0,0.0,0.0,172.82021042262204,172.82021042262204
12696.0,1067911.65,1067911.65,1188232.661510388,0.0,1.0,0.0,120321.011510388,120321.011510388
12930.0,1167417.55,1167417.55,1189729.2998434925,1.0,0.0,0.0,22311.749843492405,22311.749843492405
13001.0,1190317.05,1190317.05,1190407.9866607315,1.0,0.0,0.0,90.93666073144414,90.93666073144414
13002.0,1190387.9,1190387.9,1190916.1419945944,1.0,0.0,0.0,528.2419945944566,528.2419945944566
13003.0,1190804.55,1190804.55,1191042.2586439527,1.0,0.0,0.0,237.70864395261742,237.70864395261742
13004.0,1190962.5,1190962.5,1191343.0965017576,1.0,0.0,0.0,380.5965017576236,380.5965017576236
13006.0,1191339.5,1191339.5,1191387.19660472,1.0,0.0,0.0,47.696604720084,47.696604720084
13005.0,1191293.35,1191293.35,1191495.0565092622,1.0,0.0,0.0,201.70650926209055,201.70650926209055
13007.0,1191373.95,1191373.95,1191496.0457754007,2.0,0.0,0.0,122.09577540075406,122.09577540075406
13009.0,1191658.0,1191658.0,1191790.456421819,1.0,0.0,0.0,132.45642181904987,132.45642181904987
13008.0,1191633.3,1191633.3,1191864.4914857787,1.0,0.0,0.0,231.19148577866144,231.19148577866144
13010.0,1191832.85,1191832.85,1191944.6983856899,1.0,0.0,0.0,111.84838568978012,111.84838568978012
13011.0,1191980.4,1191980.4,1192207.695910582,1.0,0.0,0.0,227.2959105821792,227.2959105821792
13012.0,1192068.8,1192068.8,1192294.6578817668,0.0,2.0,0.0,225.85788176674396,225.85788176674396
12559.0,1007665.1,1008003.5928888174,1192316.6170607302,1.0,0.0,0.0018365109592132103,184651.51706073026,184313.0241719128
12820.0,1115134.8,1115134.8,1192391.8,0.0,0.0,0.0,77257.0,77257.0
13013.0,1192242.35,1192242.35,1192437.216471721,3.0,0.0,0.0,194.8664717208594,194.8664717208594
13014.0,1192283.95,1192283.95,1192444.6689352486,2.0,0.0,0.0,160.71893524867482,160.71893524867482
13016.0,1192471.15,1192471.15,1192627.3702148404,1.0,0.0,0.0,156.22021484049037,156.22021484049037
13015.0,1192405.5,1192405.5,1192700.9842912655,2.0,0.0,0.0,295.4842912654858,295.4842912654858
13017.0,1192518.6,1192518.6,1192822.4637613266,2.0,0.0,0.0,303.86376132653095,303.86376132653095
13019.0,1192705.8,1192705.8,1192858.941197335,2.0,0.0,0.0,153.141197334975,153.141197334975
12996.0,1187845.75,1187845.75,1192859.6835170123,1.0,1.0,0.0,5013.9335170122795,5013.9335170122795
13020.0,1192765.6,1192765.6,1192872.1070940238,1.0,0.0,0.0,106.50709402374923,106.50709402374923
13018.0,1192666.8,1192666.8,1192943.5064983228,2.0,1.0,0.0,276.7064983227756,276.7064983227756
13021.0,1192833.2,1192833.2,1192966.3861715079,1.0,0.0,0.0,133.18617150792852,133.18617150792852
13022.0,1192948.25,1192948.25,1193102.7466655492,1.0,0.0,0.0,154.4966655492317,154.4966655492317
13024.0,1193080.2,1193080.2,1193166.397653465,1.0,0.0,0.0,86.19765346497297,86.19765346497297
13026.0,1193411.7,1193411.7,1193543.9138544528,1.0,0.0,0.0,132.21385445282795,132.21385445282795
13027.0,1193537.8,1193537.8,1193679.586263716,1.0,0.0,0.0,141.78626371594146,141.78626371594146
13028.0,1193669.1,1193669.1,1193799.932737826,3.0,0.0,0.0,130.8327378258109,130.8327378258109
13030.0,1193920.0,1193920.0,1194083.9774569562,2.0,0.0,0.0,163.9774569561705,163.9774569561705
13023.0,1193039.25,1193039.25,1194356.696712564,1.0,0.0,0.0,1317.4467125639785,1317.4467125639785
13025.0,1193123.75,1193123.75,1194754.2485963807,1.0,0.0,0.0,1630.4985963806976,1630.4985963806976
13031.0,1194752.0,1194752.0,1194974.7747140413,2.0,0.0,0.0,222.77471404126845,222.77471404126845
13032.0,1194955.45,1194955.45,1195114.209425902,1.0,1.0,0.0,158.75942590204068,158.75942590204068
13033.0,1195526.8,1195526.8,1195799.1901841618,1.0,2.0,0.0,272.39018416171893,272.39018416171893
12875.0,1127765.6,1127765.6,1196067.523996539,2.0,0.0,0.0,68301.92399653886,68301.92399653886
13034.0,1196039.0,1196039.0,1196129.7207030682,1.0,0.0,0.0,90.72070306818932,90.72070306818932
13029.0,1193865.4,1193865.4,1196299.6243728036,0.0,1.0,0.0,2434.224372803699,2434.224372803699
13036.0,1196269.1,1196269.1,1196447.4570060172,1.0,0.0,0.0,178.3570060171187,178.3570060171187
13037.0,1196798.2,1196798.2,1196928.0153868801,1.0,0.0,0.0,129.81538688018918,129.81538688018918
13038.0,1196920.4,1196920.4,1197027.5255133086,1.0,1.0,0.0,107.12551330868155,107.12551330868155
12925.0,1164653.1,1164653.1,1198036.9873793386,2.0,0.0,0.0,33383.8873793385,33383.8873793385
13040.0,1197593.15,1197593.15,1198094.4864047712,1.0,0.0,0.0,501.3364047713112,501.3364047713112
12954.0,1172535.0,1172854.0121272176,1198230.1798060962,8.0,0.0,0.012571327997770419,25695.179806096246,25376.167678878643
13041.0,1198008.5,1198008.5,1198275.6609996299,1.0,0.0,0.0,267.16099962987937,267.16099962987937
13042.0,1198188.55,1198188.55,1198864.0650155246,1.0,0.0,0.0,675.5150155245792,675.5150155245792
13039.0,1196978.9,1196978.9,1198961.2076420675,1.0,1.0,0.0,1982.3076420675498,1982.3076420675498
12932.0,1168416.6,1168416.6,1199319.6528997447,1.0,2.0,0.0,30903.052899744594,30903.052899744594
13035.0,1196094.9,1196094.9,1199370.1398592736,2.0,0.0,0.0,3275.239859273657,3275.239859273657
13044.0,1199691.35,1199691.35,1199899.35,0.0,0.0,0.0,208.0,208.0
13000.0,1188208.45,1188208.45,1200005.1943664402,1.0,0.0,0.0,11796.744366440224,11796.744366440224
13045.0,1200129.45,1200129.45,1200320.3902127575,3.0,0.0,0.0,190.9402127575595,190.9402127575595
12995.0,1185357.55,1185357.55,1200421.6412481447,0.0,1.0,0.0,15064.091248144628,15064.091248144628
13046.0,1200243.85,1200243.85,1200466.6858551656,0.0,1.0,0.0,222.83585516549647,222.83585516549647
13047.0,1200921.8,1200921.8,1201070.1626589508,1.0,0.0,0.0,148.36265895073302,148.36265895073302
13048.0,1201025.8,1201025.8,1201307.8,0.0,0.0,0.0,282.0,282.0
13049.0,1201490.55,1201490.55,1201642.55,0.0,0.0,0.0,152.0,152.0
13050.0,1201653.7,1201653.7,1201777.7,0.0,0.0,0.0,124.0,124.0
12931.0,1168184.55,1168184.55,1201967.0676745176,0.0,1.0,0.0,33782.517674517585,33782.517674517585
12575.0,1011830.95,1011976.8520678179,1202089.2122130669,3.0,0.0,0.0007674517727648474,190258.26221306692,190112.36014524894
13043.0,1198248.35,1198248.35,1202800.8046946067,1.0,0.0,0.0,4552.454694606597,4552.454694606597
13051.0,1202417.45,1202417.45,1203065.2685696122,1.0,1.0,0.0,647.8185696122237,647.8185696122237
13054.0,1202899.75,1202899.75,1203542.55219222,1.0,0.0,0.0,642.8021922199987,642.8021922199987
13057.0,1202969.3,1202969.3,1204742.3514412649,1.0,0.0,0.0,1773.0514412648045,1773.0514412648045
13056.0,1202947.2,1202947.2,1204788.3339457635,0.0,1.0,0.0,1841.1339457635768,1841.1339457635768
13058.0,1204719.1,1204719.1,1204892.5804208461,1.0,0.0,0.0,173.4804208460264,173.4804208460264
13055.0,1202921.85,1202921.85,1207769.5751229818,1.0,0.0,0.0,4847.725122981705,4847.725122981705
12853.0,1121352.7,1121352.7,1208403.0142747953,2.0,1.0,0.0,87050.31427479535,87050.31427479535
12852.0,1121337.75,1121337.75,1208676.6577630935,2.0,0.0,0.0,87338.90776309348,87338.90776309348
12990.0,1182343.5,1182343.5,1208819.6186818138,1.0,1.0,0.0,26476.118681813823,26476.118681813823
12547.0,1006700.5,1006962.612755422,1211037.612755422,0.0,0.0,0.0012843942443808145,204337.11275542201,204075.0
12999.0,1187973.15,1187973.15,1213535.0567646497,2.0,1.0,0.0,25561.906764649786,25561.906764649786
12811.0,1114202.05,1114202.05,1216356.1759674454,3.0,9.0,0.0,102154.12596744532,102154.12596744532
12998.0,1187959.5,1187959.5,1218435.6888421893,1.0,1.0,0.0,30476.188842189265,30476.188842189265
12812.0,1114213.1,1114213.1,1218680.4015731395,2.0,8.0,0.0,104467.30157313938,104467.30157313938
12562.0,1007685.25,1008004.3157673657,1224004.3157673657,0.0,0.0,0.0014771563303969473,216319.06576736574,216000.0
13065.0,1226591.6,1226591.6,1226912.2109315253,1.0,0.0,0.0,320.6109315252397,320.6109315252397
13063.0,1226574.7,1226574.7,1227208.1130428144,1.0,0.0,0.0,633.4130428144708,633.4130428144708
13064.0,1226584.45,1226584.45,1227226.794875206,1.0,0.0,0.0,642.3448752060067,642.3448752060067
13066.0,1226600.05,1226600.05,1227389.05,0.0,0.0,0.0,789.0,789.0
13061.0,1213730.05,1213730.05,1228685.3706809517,1.0,0.0,0.0,14955.3206809517,14955.3206809517
13068.0,1228315.4,1228315.4,1228717.2920857735,1.0,0.0,0.0,401.8920857736375,401.8920857736375
13067.0,1227453.5,1227453.5,1229035.9328655505,2.0,0.0,0.0,1582.4328655505087,1582.4328655505087
13070.0,1228729.45,1228729.45,1229420.874400735,1.0,2.0,0.0,691.424400734948,691.424400734948
13071.0,1229672.6,1229672.6,1230445.6,0.0,0.0,0.0,773.0,773.0
13072.0,1231046.05,1231046.05,1231942.1867548046,0.0,1.0,0.0,896.1367548045237,896.1367548045237
13053.0,1202786.65,1202786.65,1232902.130049821,3.0,0.0,0.0,30115.480049821083,30115.480049821083
12924.0,1164558.85,1164558.85,1234053.2812623112,1.0,0.0,0.0,69494.43126231106,69494.43126231106
13073.0,1235493.35,1235493.35,1235985.8712828695,1.0,0.0,0.0,492.52128286939114,492.52128286939114
13074.0,1235954.85,1235954.85,1236025.1206238617,1.0,0.0,0.0,70.27062386157922,70.27062386157922
13075.0,1236002.95,1236002.95,1236105.9861806107,1.0,1.0,0.0,103.0361806107685,103.0361806107685
13076.0,1236375.4,1236375.4,1236551.6773907323,1.0,0.0,0.0,176.27739073242992,176.27739073242992
13077.0,1236547.65,1236547.65,1236618.2965713944,2.0,0.0,0.0,70.64657139452174,70.64657139452174
13078.0,1236628.25,1236628.25,1236876.25,0.0,0.0,0.0,248.0,248.0
13079.0,1237254.2,1237254.2,1237349.0838415497,1.0,0.0,0.0,94.88384154974483,94.88384154974483
12681.0,1065383.8,1065452.8308529633,1237549.8308529633,0.0,0.0,0.00040111595764723735,172166.03085296322,172097.0
13060.0,1207765.0,1207765.0,1238102.0,0.0,0.0,0.0,30337.0,30337.0
13062.0,1226533.75,1226533.75,1238607.9214198983,1.0,0.0,0.0,12074.17141989828,12074.17141989828
13059.0,1207564.8,1207564.8,1239249.1151549863,0.0,1.0,0.0,31684.315154986223,31684.315154986223
13069.0,1228665.1,1228665.1,1240766.5775922898,1.0,0.0,0.0,12101.47759228968,12101.47759228968
13080.0,1237407.6,1237407.6,1243729.3766634073,1.0,0.0,0.0,6321.776663407218,6321.776663407218
13081.0,1237470.0,1237470.0,1250246.1129340865,2.0,0.0,0.0,12776.112934086472,12776.112934086472
12991.0,1182454.0,1182454.0,1253838.290271009,2.0,0.0,0.0,71384.29027100909,71384.29027100909
13085.0,1255196.15,1255196.15,1258859.15,0.0,0.0,0.0,3663.0,3663.0
13084.0,1254827.6,1254827.6,1259015.6,0.0,0.0,0.0,4188.0,4188.0
13052.0,1202762.6,1202762.6,1261259.0523921084,1.0,0.0,0.0,58496.45239210827,58496.45239210827
12929.0,1164885.8,1164885.8,1263865.290724023,0.0,1.0,0.0,98979.49072402297,98979.49072402297
12935.0,1168711.7,1168711.7,1270149.6157481843,2.0,1.0,0.0,101437.91574818431,101437.91574818431
13082.0,1246004.5,1246004.5,1272138.9276766912,1.0,0.0,0.0,26134.427676691208,26134.427676691208
12937.0,1168726.65,1168726.65,1272894.312896024,4.0,21.0,0.0,104167.66289602406,104167.66289602406
13087.0,1272729.25,1272729.25,1273334.25,0.0,0.0,0.0,605.0,605.0
13089.0,1275012.05,1275012.05,1275094.05,0.0,0.0,0.0,82.0,82.0
13090.0,1275079.65,1275079.65,1275168.65,0.0,0.0,0.0,89.0,89.0
13083.0,1248149.5,1248149.5,1278195.5,0.0,0.0,0.0,30046.0,30046.0
13088.0,1273129.65,1273129.65,1280477.65,0.0,0.0,0.0,7348.0,7348.0
13091.0,1277378.05,1277378.05,1283300.05,0.0,0.0,0.0,5922.0,5922.0
13093.0,1283145.5,1283145.5,1283552.5,0.0,0.0,0.0,407.0,407.0
13092.0,1281373.6,1281373.6,1288931.6,0.0,0.0,0.0,7558.0,7558.0
13086.0,1265464.85,1265464.85,1295566.85,0.0,0.0,0.0,30102.0,30102.0
13095.0,1284978.5,1284978.5,1301900.0101877397,1.0,0.0,0.0,16921.51018773974,16921.51018773974
13094.0,1283231.3,1283231.3,1302635.3,0.0,0.0,0.0,19404.0,19404.0
13097.0,1292902.0,1292902.0,1310386.4801299982,1.0,0.0,0.0,17484.480129998177,17484.480129998177
13098.0,1292933.2,1292933.2,1310429.9781405674,1.0,0.0,0.0,17496.778140567476,17496.778140567476
13100.0,1293022.25,1293022.25,1313837.5187224688,1.0,0.0,0.0,20815.268722468754,20815.268722468754
13096.0,1292864.95,1292864.95,1322943.215580944,1.0,0.0,0.0,30078.26558094402,30078.26558094402
13102.0,1304692.35,1304692.35,1328506.2668967794,1.0,0.0,0.0,23813.916896779323,23813.916896779323
13099.0,1292979.35,1292979.35,1330348.8215940672,2.0,1.0,0.0,37369.47159406706,37369.47159406706
13103.0,1324246.95,1324246.95,1334629.5764970032,0.0,1.0,0.0,10382.62649700325,10382.62649700325
13105.0,1334931.0,1334931.0,1335667.2940200143,1.0,0.0,0.0,736.2940200143494,736.2940200143494
13109.0,1335629.75,1335629.75,1337379.4964319502,1.0,0.0,0.0,1749.746431950247,1749.746431950247
13106.0,1335595.95,1335595.95,1337828.1519938163,1.0,0.0,0.0,2232.2019938162994,2232.2019938162994
13108.0,1335625.2,1335625.2,1338019.452293978,1.0,0.0,0.0,2394.2522939781193,2394.2522939781193
13110.0,1335636.25,1335636.25,1338021.2637228013,1.0,0.0,0.0,2385.013722801348,2385.013722801348
13113.0,1338947.35,1338947.35,1339157.937998159,1.0,0.0,0.0,210.58799815899692,210.58799815899692
13114.0,1339015.6,1339015.6,1339687.0257892562,1.0,0.0,0.0,671.4257892561145,671.4257892561145
13122.0,1339559.65,1339559.65,1339690.9996574451,1.0,0.0,0.0,131.3496574452147,131.3496574452147
13115.0,1339048.75,1339048.75,1339696.5681891986,1.0,0.0,0.0,647.8181891986169,647.8181891986169
13116.0,1339060.45,1339060.45,1339714.6991583495,1.0,0.0,0.0,654.2491583495867,654.2491583495867
13127.0,1339733.85,1339733.85,1340080.1111751082,1.0,0.0,0.0,346.2611751081422,346.2611751081422
13132.0,1340072.5,1340072.5,1340132.6979690604,2.0,1.0,0.0,60.19796906039119,60.19796906039119
13107.0,1335621.95,1335621.95,1340194.611202591,2.0,0.0,0.0,4572.661202591145,4572.661202591145
13128.0,1339748.8,1339748.8,1340247.6879530882,1.0,0.0,0.0,498.88795308815315,498.88795308815315
13134.0,1340270.1,1340270.1,1340430.1029224924,1.0,0.0,0.0,160.00292249233462,160.00292249233462
13135.0,1340272.05,1340272.05,1340435.2727548433,1.0,0.0,0.0,163.2227548433002,163.2227548433002
13133.0,1340267.5,1340267.5,1340437.4343033833,1.0,0.0,0.0,169.93430338334292,169.93430338334292
13124.0,1339681.85,1339681.85,1340448.2919602422,1.0,0.0,0.0,766.4419602421112,766.4419602421112
13126.0,1339718.9,1339718.9,1340466.2948888137,2.0,1.0,0.0,747.3948888138402,747.3948888138402
13123.0,1339661.05,1339661.05,1340495.8998929614,1.0,0.0,0.0,834.849892961327,834.849892961327
13125.0,1339697.45,1339697.45,1340542.8860241165,1.0,1.0,0.0,845.436024116585,845.436024116585
13137.0,1340277.25,1340277.25,1340604.916288417,1.0,0.0,0.0,327.6662884170655,327.6662884170655
13136.0,1340274.65,1340274.65,1340638.5686972495,1.0,1.0,0.0,363.91869724961,363.91869724961
13111.0,1335639.5,1335639.5,1340640.765074535,1.0,0.0,0.0,5001.26507453504,5001.26507453504
13138.0,1340279.85,1340279.85,1340662.85,0.0,0.0,0.0,383.0,383.0
13112.0,1335642.75,1335642.75,1340813.4933547485,1.0,0.0,0.0,5170.743354748469,5170.743354748469
13139.0,1341083.9,1341083.9,1341130.9,0.0,0.0,0.0,47.0,47.0
13140.0,1341164.5,1341164.5,1341227.6212039068,2.0,0.0,0.0,63.121203906834126,63.121203906834126
13141.0,1341211.95,1341211.95,1341321.8471038295,1.0,1.0,0.0,109.89710382954217,109.89710382954217
13143.0,1341351.05,1341351.05,1341394.1968875574,1.0,0.0,0.0,43.146887557348236,43.146887557348236
13142.0,1341337.4,1341337.4,1341421.0627814287,2.0,0.0,0.0,83.66278142877854,83.66278142877854
13144.0,1341363.4,1341363.4,1341429.997072797,2.0,1.0,0.0,66.59707279712893,66.59707279712893
13147.0,1341429.05,1341429.05,1341652.775639125,1.0,1.0,0.0,223.72563912486658,223.72563912486658
13149.0,1341558.4,1341558.4,1341668.5921466532,2.0,1.0,0.0,110.19214665330946,110.19214665330946
13150.0,1341791.75,1341791.75,1341883.8484141543,2.0,0.0,0.0,92.09841415425763,92.09841415425763
13151.0,1341977.65,1341977.65,1342098.65,0.0,0.0,0.0,121.0,121.0
13146.0,1341423.2,1341423.2,1342365.2691778112,2.0,0.0,0.0,942.0691778112669,942.0691778112669
13152.0,1342322.8,1342322.8,1342550.8,0.0,0.0,0.0,228.0,228.0
13145.0,1341413.45,1341413.45,1342931.254403702,2.0,0.0,0.0,1517.80440370203,1517.80440370203
13153.0,1343421.95,1343421.95,1343628.5894195768,2.0,1.0,0.0,206.63941957685165,206.63941957685165
13130.0,1340051.7,1340051.7,1345676.3673206617,1.0,0.0,0.0,5624.667320661712,5624.667320661712
13129.0,1340040.65,1340040.65,1345686.3027416156,1.0,0.0,0.0,5645.6527416156605,5645.6527416156605
13155.0,1347851.7,1347851.7,1347971.7,0.0,0.0,0.0,120.0,120.0
13156.0,1348144.85,1348144.85,1348223.85,0.0,0.0,0.0,79.0,79.0
13157.0,1348525.1,1348525.1,1348582.1281530329,1.0,0.0,0.0,57.02815303276293,57.02815303276293
13158.0,1349247.9,1349247.9,1349326.5766227015,1.0,0.0,0.0,78.67662270157598,78.67662270157598
13159.0,1349249.85,1349249.85,1349421.4601252635,1.0,1.0,0.0,171.6101252634544,171.6101252634544
13160.0,1349255.05,1349255.05,1349423.6573899197,3.0,0.0,0.0,168.60738991969265,168.60738991969265
13161.0,1349258.3,1349258.3,1349450.8597852034,2.0,1.0,0.0,192.55978520330973,192.55978520330973
13163.0,1349357.75,1349357.75,1349608.12232334,1.0,0.0,0.0,250.37232334003784,250.37232334003784
13162.0,1349340.2,1349340.2,1349611.008677573,1.0,0.0,0.0,270.80867757298984,270.80867757298984
13165.0,1349381.8,1349381.8,1349822.033351777,1.0,0.0,0.0,440.233351776842,440.233351776842
13164.0,1349366.85,1349366.85,1349884.6158254554,1.0,0.0,0.0,517.7658254553098,517.7658254553098
13166.0,1349732.15,1349732.15,1350220.8978499502,1.0,0.0,0.0,488.74784995033406,488.74784995033406
13168.0,1349736.7,1349736.7,1350225.3869601272,1.0,0.0,0.0,488.68696012720466,488.68696012720466
13117.0,1339090.35,1339090.35,1350461.6626022966,2.0,0.0,0.0,11371.312602296472,11371.312602296472
13171.0,1350109.8,1350109.8,1350638.6719433863,1.0,0.0,0.0,528.8719433862716,528.8719433862716
13167.0,1349734.75,1349734.75,1350753.7628322116,2.0,0.0,0.0,1019.0128322115634,1019.0128322115634
12970.0,1177824.05,1178136.757920742,1350890.757920742,0.0,0.0,0.001810134183532586,173066.707920742,172754.0
13176.0,1350634.35,1350634.35,1350930.35,0.0,0.0,0.0,296.0,296.0
13169.0,1349738.65,1349738.65,1350937.4429984498,1.0,1.0,0.0,1198.792998449877,1198.792998449877
13172.0,1350499.15,1350499.15,1351191.4666321077,1.0,0.0,0.0,692.3166321078315,692.3166321078315
13173.0,1350505.0,1350505.0,1351192.090818419,1.0,0.0,0.0,687.0908184188884,687.0908184188884
13175.0,1350515.4,1350515.4,1351266.0116754826,1.0,0.0,0.0,750.611675482709,750.611675482709
13177.0,1351047.1,1351047.1,1351316.6511779313,1.0,0.0,0.0,269.551177931251,269.551177931251
13179.0,1351660.7,1351660.7,1351879.601889829,2.0,1.0,0.0,218.90188982896507,218.90188982896507
13180.0,1351766.65,1351766.65,1351900.7656386488,1.0,0.0,0.0,134.1156386488583,134.1156386488583
13185.0,1351807.6,1351807.6,1351901.6409063153,1.0,0.0,0.0,94.04090631520376,94.04090631520376
13184.0,1351797.2,1351797.2,1351943.1785726785,1.0,0.0,0.0,145.9785726785194,145.9785726785194
13186.0,1351864.15,1351864.15,1351981.6114176104,2.0,0.0,0.0,117.46141761052422,117.46141761052422
13181.0,1351791.35,1351791.35,1352009.4049183922,1.0,0.0,0.0,218.05491839209571,218.05491839209571
13182.0,1351793.95,1351793.95,1352015.3545034733,1.0,0.0,0.0,221.40450347331353,221.40450347331353
13174.0,1350510.2,1350510.2,1352029.2176086085,1.0,1.0,0.0,1519.0176086085849,1519.0176086085849
13187.0,1351945.4,1351945.4,1352067.9018080235,1.0,0.0,0.0,122.50180802354589,122.50180802354589
13193.0,1352254.8,1352254.8,1352344.8,0.0,0.0,0.0,90.0,90.0
13194.0,1352322.4,1352322.4,1352412.4,0.0,0.0,0.0,90.0,90.0
13188.0,1351986.35,1351986.35,1352560.0329987113,1.0,0.0,0.0,573.6829987112433,573.6829987112433
13195.0,1352508.95,1352508.95,1352612.95,0.0,0.0,0.0,104.0,104.0
13196.0,1352837.85,1352837.85,1352927.366294573,1.0,0.0,0.0,89.51629457296804,89.51629457296804
13189.0,1352009.75,1352009.75,1353082.001701518,1.0,0.0,0.0,1072.251701517962,1072.251701517962
13198.0,1353027.65,1353027.65,1353105.65,0.0,0.0,0.0,78.0,78.0
13199.0,1353589.9,1353589.9,1353705.9,0.0,0.0,0.0,116.0,116.0
13204.0,1353671.8,1353671.8,1353770.8,0.0,0.0,0.0,99.0,99.0
13209.0,1353750.45,1353750.45,1353870.45,0.0,0.0,0.0,120.0,120.0
13131.0,1340064.05,1340064.05,1354031.05,0.0,0.0,0.0,13967.0,13967.0
13191.0,1352130.65,1352130.65,1354115.447207905,2.0,0.0,0.0,1984.7972079049796,1984.7972079049796
13183.0,1351795.9,1351795.9,1354122.4124235096,1.0,1.0,0.0,2326.512423509732,2326.512423509732
13104.0,1330354.35,1330354.35,1354157.560421568,1.0,0.0,0.0,23803.210421568016,23803.210421568016
13210.0,1354145.0,1354145.0,1354246.0,0.0,0.0,0.0,101.0,101.0
13211.0,1354306.2,1354306.2,1354384.2,0.0,0.0,0.0,78.0,78.0
13192.0,1352141.7,1352141.7,1354437.7,0.0,0.0,0.0,2296.0,2296.0
13213.0,1354590.9,1354590.9,1354668.426339049,1.0,0.0,0.0,77.52633904898539,77.52633904898539
13212.0,1354533.05,1354533.05,1354669.05,0.0,0.0,0.0,136.0,136.0
13190.0,1352119.6,1352119.6,1354793.2447210215,0.0,1.0,0.0,2673.64472102141,2673.64472102141
13201.0,1353623.05,1353623.05,1356289.6291824852,1.0,0.0,0.0,2666.5791824851185,2666.5791824851185
13223.0,1356474.6,1356474.6,1356529.8253860602,1.0,0.0,0.0,55.225386060075834,55.225386060075834
13225.0,1356486.95,1356486.95,1356536.7604215497,1.0,0.0,0.0,49.8104215497151,49.8104215497151
13226.0,1356496.05,1356496.05,1356544.537220336,1.0,0.0,0.0,48.4872203359846,48.4872203359846
13227.0,1356500.6,1356500.6,1356580.5906752732,3.0,0.0,0.0,79.99067527311854,79.99067527311854
13215.0,1355901.3,1355901.3,1356591.7381448308,1.0,0.0,0.0,690.438144830754,690.438144830754
13216.0,1355918.2,1355918.2,1356595.8739539746,1.0,0.0,0.0,677.6739539746195,677.6739539746195
13219.0,1355991.65,1355991.65,1356616.7149846451,1.0,0.0,0.0,625.0649846452288,625.0649846452288
13218.0,1355982.55,1355982.55,1356616.9494597798,1.0,0.0,0.0,634.3994597797282,634.3994597797282
13224.0,1356477.85,1356477.85,1356619.050780531,0.0,1.0,0.0,141.20078053092584,141.20078053092584
13220.0,1356000.1,1356000.1,1356621.905953845,1.0,0.0,0.0,621.8059538449161,621.8059538449161
13228.0,1356511.0,1356511.0,1356818.5890322397,1.0,0.0,0.0,307.5890322397463,307.5890322397463
13230.0,1356545.45,1356545.45,1356830.2777621092,1.0,0.0,0.0,284.8277621092275,284.8277621092275
13229.0,1356519.45,1356519.45,1356831.6875734283,1.0,0.0,0.0,312.2375734283123,312.2375734283123
13234.0,1356587.7,1356587.7,1357044.3052313614,2.0,0.0,0.0,456.60523136146367,456.60523136146367
13232.0,1356561.05,1356561.05,1357068.3890048224,2.0,0.0,0.0,507.3390048223082,507.3390048223082
13235.0,1356598.1,1356598.1,1357119.007323693,1.0,0.0,0.0,520.9073236929253,520.9073236929253
13231.0,1356553.25,1356553.25,1357190.2598700935,1.0,2.0,0.0,637.0098700935487,637.0098700935487
13221.0,1356009.2,1356009.2,1357195.9005342305,1.0,0.0,0.0,1186.7005342305638,1186.7005342305638
13214.0,1355881.8,1355881.8,1357243.208527802,2.0,0.0,0.0,1361.4085278019775,1361.4085278019775
13217.0,1355935.1,1355935.1,1357255.4498548966,2.0,1.0,0.0,1320.3498548965435,1320.3498548965435
13233.0,1356578.6,1356578.6,1357328.6286812588,0.0,1.0,0.0,750.028681258671,750.028681258671
13238.0,1357088.85,1357088.85,1357605.0126298203,1.0,0.0,0.0,516.1626298201736,516.1626298201736
13239.0,1357091.45,1357091.45,1357607.021677077,1.0,0.0,0.0,515.571677077096,515.571677077096
13243.0,1357101.2,1357101.2,1357608.047034861,1.0,0.0,0.0,506.84703486110084,506.84703486110084
13244.0,1357103.15,1357103.15,1357610.317535424,1.0,0.0,0.0,507.16753542399965,507.16753542399965
13240.0,1357093.4,1357093.4,1357610.591365263,1.0,0.0,0.0,517.191365263192,517.191365263192
13247.0,1357111.6,1357111.6,1357614.8579540101,1.0,0.0,0.0,503.25795401004143,503.25795401004143
13250.0,1357118.75,1357118.75,1357617.0448124963,1.0,0.0,0.0,498.2948124962859,498.2948124962859
13248.0,1357114.85,1357114.85,1357618.099994527,1.0,0.0,0.0,503.24999452685006,503.24999452685006
13252.0,1357122.0,1357122.0,1357621.0299727484,1.0,0.0,0.0,499.02997274836525,499.02997274836525
13253.0,1357124.6,1357124.6,1358056.5459933267,2.0,0.0,0.0,931.9459933266044,931.9459933266044
13246.0,1357109.65,1357109.65,1358077.1581165507,2.0,1.0,0.0,967.5081165507436,967.5081165507436
13251.0,1357120.05,1357120.05,1358094.1959373555,2.0,0.0,0.0,974.145937355468,974.145937355468
13242.0,1357098.6,1357098.6,1358106.1394765344,1.0,0.0,0.0,1007.5394765343517,1007.5394765343517
13245.0,1357106.4,1357106.4,1358164.095969085,1.0,0.0,0.0,1057.695969085209,1057.695969085209
13249.0,1357116.8,1357116.8,1358164.3844257847,1.0,0.0,0.0,1047.5844257846475,1047.5844257846475
13241.0,1357096.65,1357096.65,1358188.9285347848,2.0,1.0,0.0,1092.278534784913,1092.278534784913
13258.0,1357906.55,1357906.55,1358446.6565781548,1.0,0.0,0.0,540.1065781547222,540.1065781547222
13259.0,1357908.5,1357908.5,1358457.5082302224,1.0,0.0,0.0,549.0082302223891,549.0082302223891
13261.0,1357912.4,1357912.4,1358466.4171150047,1.0,0.0,0.0,554.0171150048263,554.0171150048263
13271.0,1357939.05,1357939.05,1358468.8194412426,1.0,0.0,0.0,529.7694412425626,529.7694412425626
13274.0,1358377.15,1358377.15,1358476.0472701844,1.0,0.0,0.0,98.89727018447593,98.89727018447593
13200.0,1353615.9,1353615.9,1358477.8626162652,2.0,0.0,0.0,4861.962616265286,4861.962616265286
13275.0,1358446.7,1358446.7,1358891.873028336,2.0,0.0,0.0,445.1730283361394,445.1730283361394
13272.0,1357942.95,1357942.95,1358972.2027346396,2.0,0.0,0.0,1029.2527346396819,1029.2527346396819
13260.0,1357910.45,1357910.45,1359033.9532725634,2.0,0.0,0.0,1123.503272563452,1123.503272563452
13254.0,1357895.5,1357895.5,1359037.7667911132,1.0,0.0,0.0,1142.2667911131866,1142.2667911131866
13256.0,1357899.4,1357899.4,1359050.91323413,1.0,0.0,0.0,1151.5132341301069,1151.5132341301069
13202.0,1353633.45,1353633.45,1359074.2506240092,2.0,0.0,0.0,5440.800624009222,5440.800624009222
13265.0,1357920.2,1357920.2,1359079.312030822,1.0,0.0,0.0,1159.1120308220852,1159.1120308220852
13270.0,1357936.45,1357936.45,1359105.149253047,1.0,0.0,0.0,1168.699253047118,1168.699253047118
13284.0,1359073.95,1359073.95,1359135.9595813397,1.0,0.0,0.0,62.00958133977838,62.00958133977838
13277.0,1358769.1,1358769.1,1359244.0071776793,1.0,0.0,0.0,474.9071776792407,474.9071776792407
13266.0,1357927.35,1357927.35,1359292.3736757468,1.0,0.0,0.0,1365.02367574675,1365.02367574675
13280.0,1358858.15,1358858.15,1359295.0453528713,1.0,0.0,0.0,436.89535287139006,436.89535287139006
13279.0,1358783.4,1358783.4,1359296.1381307163,1.0,0.0,0.0,512.7381307163741,512.7381307163741
13281.0,1358868.55,1358868.55,1359300.1815777624,1.0,0.0,0.0,431.63157776230946,431.63157776230946
13286.0,1359135.7,1359135.7,1359303.850595546,0.0,1.0,0.0,168.15059554600157,168.15059554600157
13267.0,1357929.95,1357929.95,1359321.2468339743,1.0,0.0,0.0,1391.2968339743093,1391.2968339743093
13287.0,1359253.35,1359253.35,1359352.4860618187,2.0,0.0,0.0,99.13606181857176,99.13606181857176
13285.0,1359114.9,1359114.9,1359479.6052997243,1.0,0.0,0.0,364.70529972435907,364.70529972435907
13288.0,1359430.8,1359430.8,1359521.6574237365,1.0,0.0,0.0,90.857423736481,90.857423736481
13282.0,1358878.3,1358878.3,1359648.109225561,2.0,0.0,0.0,769.8092255608644,769.8092255608644
13276.0,1358748.95,1358748.95,1359667.025649979,2.0,1.0,0.0,918.0756499790587,918.0756499790587
13278.0,1358774.95,1358774.95,1359738.6853752127,3.0,0.0,0.0,963.7353752127383,963.7353752127383
13283.0,1358880.25,1358880.25,1359751.7422224786,1.0,0.0,0.0,871.4922224786133,871.4922224786133
13289.0,1359685.6,1359685.6,1359836.401437961,1.0,0.0,0.0,150.80143796093762,150.80143796093762
13273.0,1357946.2,1357946.2,1359935.9432217942,1.0,2.0,0.0,1989.743221794255,1989.743221794255
13299.0,1359818.2,1359818.2,1359975.9442599327,1.0,0.0,0.0,157.7442599327769,157.7442599327769
13303.0,1359890.35,1359890.35,1359999.1959657613,1.0,0.0,0.0,108.84596576122567,108.84596576122567
13302.0,1359825.35,1359825.35,1360029.8730592346,1.0,0.0,0.0,204.52305923448876,204.52305923448876
13298.0,1359798.7,1359798.7,1360056.0575121727,1.0,0.0,0.0,257.3575121727772,257.3575121727772
13294.0,1359746.05,1359746.05,1360066.257161768,2.0,0.0,0.0,320.2071617678739,320.2071617678739
13295.0,1359753.2,1359753.2,1360066.702148483,2.0,0.0,0.0,313.50214848294854,313.50214848294854
13297.0,1359764.25,1359764.25,1360074.8809162937,2.0,0.0,0.0,310.63091629371047,310.63091629371047
13300.0,1359820.15,1359820.15,1360145.870778588,1.0,0.0,0.0,325.7207785882056,325.7207785882056
13263.0,1357916.95,1357916.95,1360156.8310925732,2.0,1.0,0.0,2239.8810925732832,2239.8810925732832
13301.0,1359823.4,1359823.4,1360161.0250045897,1.0,0.0,0.0,337.6250045897905,337.6250045897905
13308.0,1360041.8,1360041.8,1360172.573519418,1.0,0.0,0.0,130.7735194179695,130.7735194179695
13309.0,1360055.45,1360055.45,1360182.140392276,1.0,0.0,0.0,126.69039227603935,126.69039227603935
13264.0,1357918.9,1357918.9,1360198.7991666913,2.0,0.0,0.0,2279.89916669135,2279.89916669135
13296.0,1359759.05,1359759.05,1360222.5727536194,0.0,1.0,0.0,463.5227536193561,463.5227536193561
13203.0,1353640.6,1353640.6,1360225.6,0.0,0.0,0.0,6585.0,6585.0
13310.0,1360060.0,1360060.0,1360232.8675738124,1.0,0.0,0.0,172.86757381237112,172.86757381237112
13257.0,1357902.0,1357902.0,1360264.3764007986,2.0,1.0,0.0,2362.376400798559,2362.376400798559
13255.0,1357897.45,1357897.45,1360284.5564022583,2.0,0.0,0.0,2387.1064022583887,2387.1064022583887
13311.0,1360064.55,1360064.55,1360335.476677939,1.0,0.0,0.0,270.9266779390164,270.9266779390164
13262.0,1357914.35,1357914.35,1360380.8340615686,1.0,0.0,0.0,2466.48406156851,2466.48406156851
13316.0,1360230.3,1360230.3,1360513.1235088212,1.0,0.0,0.0,282.823508821195,282.823508821195
13317.0,1360241.35,1360241.35,1360521.596986644,1.0,0.0,0.0,280.2469866438769,280.2469866438769
13318.0,1360254.35,1360254.35,1360534.325543488,1.0,0.0,0.0,279.97554348781705,279.97554348781705
13268.0,1357931.9,1357931.9,1360784.3273233213,2.0,0.0,0.0,2852.427323321346,2852.427323321346
13315.0,1360217.3,1360217.3,1360809.7728202182,1.0,0.0,0.0,592.4728202181868,592.4728202181868
13269.0,1357933.85,1357933.85,1360873.6563953126,1.0,0.0,0.0,2939.8063953125384,2939.8063953125384
13320.0,1360697.65,1360697.65,1361015.558969239,2.0,0.0,0.0,317.90896923909895,317.90896923909895
13323.0,1360723.0,1360723.0,1361016.4656656403,1.0,0.0,0.0,293.46566564030945,293.46566564030945
13322.0,1360721.05,1360721.05,1361035.1095113887,1.0,1.0,0.0,314.059511388652,314.059511388652
13321.0,1360719.1,1360719.1,1361048.8831588076,1.0,0.0,0.0,329.7831588075496,329.7831588075496
13304.0,1359991.1,1359991.1,1361827.630644075,1.0,0.0,0.0,1836.5306440750137,1836.5306440750137
13305.0,1359998.25,1359998.25,1361833.4020702026,1.0,0.0,0.0,1835.1520702026319,1835.1520702026319
13307.0,1360011.25,1360011.25,1361862.4753505427,1.0,0.0,0.0,1851.2253505426925,1851.2253505426925
13328.0,1361975.55,1361975.55,1362079.55,0.0,0.0,0.0,104.0,104.0
13324.0,1360966.75,1360966.75,1362217.6090009413,1.0,0.0,0.0,1250.8590009412728,1250.8590009412728
13325.0,1360968.7,1360968.7,1362220.842403383,1.0,0.0,0.0,1252.1424033830408,1252.1424033830408
13329.0,1362115.3,1362115.3,1362236.3,0.0,0.0,0.0,121.0,121.0
13330.0,1362387.0,1362387.0,1362514.0,0.0,0.0,0.0,127.0,127.0
13331.0,1362635.3,1362635.3,1362742.0956005838,1.0,0.0,0.0,106.79560058377683,106.79560058377683
13327.0,1360973.25,1360973.25,1362828.5661143637,1.0,0.0,0.0,1855.3161143637262,1855.3161143637262
13332.0,1362744.5,1362744.5,1362865.4263780338,1.0,0.0,0.0,120.9263780338224,120.9263780338224
13333.0,1362842.0,1362842.0,1362975.4465723906,2.0,0.0,0.0,133.4465723906178,133.4465723906178
13334.0,1362927.8,1362927.8,1363140.6763328698,1.0,0.0,0.0,212.87633286975324,212.87633286975324
13335.0,1362933.65,1362933.65,1363153.6554562072,1.0,0.0,0.0,220.0054562073201,220.0054562073201
13338.0,1362960.3,1362960.3,1363170.5235364903,1.0,0.0,0.0,210.2235364902299,210.2235364902299
13342.0,1362996.7,1362996.7,1363171.0143021764,1.0,1.0,0.0,174.31430217646994,174.31430217646994
13339.0,1362966.8,1362966.8,1363175.611878386,1.0,0.0,0.0,208.8118783859536,208.8118783859536
13340.0,1362973.3,1362973.3,1363182.7252782087,1.0,0.0,0.0,209.42527820868418,209.42527820868418
13341.0,1362979.15,1362979.15,1363194.5404758744,1.0,0.0,0.0,215.39047587453388,215.39047587453388
13343.0,1363093.55,1363093.55,1363219.55,0.0,0.0,0.0,126.0,126.0
13336.0,1362942.75,1362942.75,1363366.157791811,2.0,1.0,0.0,423.40779181104153,423.40779181104153
13344.0,1363243.05,1363243.05,1363389.330398093,1.0,0.0,0.0,146.28039809293114,146.28039809293114
13326.0,1360970.65,1360970.65,1363565.8592970995,1.0,0.0,0.0,2595.2092970996164,2595.2092970996164
13353.0,1363506.95,1363506.95,1363726.95,0.0,0.0,0.0,220.0,220.0
13291.0,1359722.65,1359722.65,1363746.1325578052,1.0,0.0,0.0,4023.482557805255,4023.482557805255
13306.0,1360003.45,1360003.45,1363829.0224524054,2.0,0.0,0.0,3825.5724524054676,3825.5724524054676
13354.0,1363816.35,1363816.35,1363984.784604516,0.0,1.0,0.0,168.43460451602004,168.43460451602004
13290.0,1359712.9,1359712.9,1364009.544320719,1.0,0.0,0.0,4296.644320719177,4296.644320719177
13293.0,1359736.95,1359736.95,1364024.883079676,1.0,0.0,0.0,4287.933079676004,4287.933079676004
13355.0,1363970.4,1363970.4,1364098.8599700695,2.0,0.0,0.0,128.4599700695835,128.4599700695835
13312.0,1360152.3,1360152.3,1364199.6030532634,1.0,0.0,0.0,4047.303053263342,4047.303053263342
13313.0,1360157.5,1360157.5,1364205.4764790593,1.0,0.0,0.0,4047.976479059318,4047.976479059318
13356.0,1364123.8,1364123.8,1364211.2667064003,1.0,0.0,0.0,87.4667064002715,87.4667064002715
13314.0,1360164.0,1360164.0,1364246.7103660365,1.0,0.0,0.0,4082.71036603651,4082.71036603651
13319.0,1360275.15,1360275.15,1364488.2000927464,1.0,0.0,0.0,4213.050092746504,4213.050092746504
13357.0,1364166.7,1364166.7,1364532.898158155,1.0,0.0,0.0,366.1981581549626,366.1981581549626
13358.0,1364480.65,1364480.65,1364638.9315497372,1.0,0.0,0.0,158.28154973732308,158.28154973732308
13359.0,1364636.0,1364636.0,1364988.9468126565,1.0,0.0,0.0,352.94681265647523,352.94681265647523
13360.0,1364712.05,1364712.05,1365158.6968856389,1.0,0.0,0.0,446.64688563882373,446.64688563882373
13345.0,1363248.25,1363248.25,1365711.2636718887,1.0,0.0,0.0,2463.013671888737,2463.013671888737
13362.0,1365807.95,1365807.95,1366050.1198004126,1.0,0.0,0.0,242.1698004126083,242.1698004126083
13346.0,1363439.35,1363439.35,1366069.3637909412,1.0,0.0,0.0,2630.0137909410987,2630.0137909410987
13348.0,1363445.2,1363445.2,1366080.2416618504,1.0,0.0,0.0,2635.0416618504096,2635.0416618504096
13351.0,1363461.45,1363461.45,1366089.956743112,1.0,0.0,0.0,2628.5067431121133,2628.5067431121133
13363.0,1365937.3,1365937.3,1366111.5696706744,1.0,1.0,0.0,174.26967067434452,174.26967067434452
13364.0,1366035.45,1366035.45,1366547.683002868,1.0,0.0,0.0,512.2330028680153,512.2330028680153
13197.0,1353004.25,1353004.25,1366767.25,0.0,0.0,0.0,13763.0,13763.0
13361.0,1364847.25,1364847.25,1366842.6417262556,2.0,1.0,0.0,1995.3917262556497,1995.3917262556497
13365.0,1366059.5,1366059.5,1366885.648415486,1.0,0.0,0.0,826.1484154860955,826.1484154860955
13376.0,1367022.8,1367022.8,1367812.640226517,1.0,0.0,0.0,789.8402265170589,789.8402265170589
13352.0,1363464.7,1363464.7,1368615.4458516536,1.0,0.0,0.0,5150.745851653628,5150.745851653628
13292.0,1359731.1,1359731.1,1368916.679532618,1.0,1.0,0.0,9185.579532617936,9185.579532617936
13350.0,1363458.2,1363458.2,1368936.723381894,2.0,0.0,0.0,5478.523381893989,5478.523381893989
13349.0,1363452.35,1363452.35,1368988.4261257122,1.0,0.0,0.0,5536.076125712134,5536.076125712134
13347.0,1363442.6,1363442.6,1369188.6494732418,2.0,1.0,0.0,5746.04947324167,5746.04947324167
13385.0,1372190.95,1372190.95,1372299.627481698,1.0,0.0,0.0,108.67748169810511,108.67748169810511
13386.0,1372598.5,1372598.5,1372715.457340254,1.0,0.0,0.0,116.9573402539827,116.9573402539827
13387.0,1372678.45,1372678.45,1372807.45,0.0,0.0,0.0,129.0,129.0
13388.0,1372956.0,1372956.0,1373205.6854692763,1.0,0.0,0.0,249.68546927627176,249.68546927627176
13389.0,1373144.5,1373144.5,1373300.5,0.0,0.0,0.0,156.0,156.0
13390.0,1373445.45,1373445.45,1374045.45,0.0,0.0,0.0,600.0,600.0
13375.0,1366819.35,1366819.35,1377308.4159163549,1.0,0.0,0.0,10489.065916354768,10489.065916354768
13170.0,1349984.35,1349984.35,1377946.2336609692,1.0,1.0,0.0,27961.88366096909,27961.88366096909
13101.0,1298647.35,1298647.35,1378003.3801497673,1.0,0.0,0.0,79356.03014976718,79356.03014976718
13178.0,1351288.25,1351288.25,1378807.62469987,1.0,0.0,0.0,27519.37469986989,27519.37469986989
13337.0,1362949.25,1362949.25,1379261.7288607869,1.0,0.0,0.0,16312.478860786883,16312.478860786883
13237.0,1356759.95,1356759.95,1379947.38783014,1.0,0.0,0.0,23187.437830140116,23187.437830140116
13370.0,1366658.8,1366658.8,1382305.376783996,1.0,0.0,0.0,15646.576783995843,15646.576783995843
13367.0,1366639.3,1366639.3,1382389.150470492,1.0,0.0,0.0,15749.850470491918,15749.850470491918
13368.0,1366645.8,1366645.8,1382408.9456909816,1.0,0.0,0.0,15763.145690981532,15763.145690981532
13381.0,1367679.95,1367679.95,1383343.0955223828,1.0,0.0,0.0,15663.145522382809,15663.145522382809
13383.0,1367695.55,1367695.55,1383345.4866559543,1.0,0.0,0.0,15649.936655954225,15649.936655954225
13379.0,1367668.9,1367668.9,1383350.9202915598,1.0,0.0,0.0,15682.020291559864,15682.020291559864
13380.0,1367674.1,1367674.1,1383363.1115732132,1.0,0.0,0.0,15689.011573213153,15689.011573213153
13382.0,1367685.15,1367685.15,1383367.132208487,1.0,0.0,0.0,15681.982208487112,15681.982208487112
13384.0,1367703.35,1367703.35,1386034.0047873456,1.0,0.0,0.0,18330.654787345557,18330.654787345557
13154.0,1345886.75,1345886.75,1389314.75,0.0,0.0,0.0,43428.0,43428.0
13393.0,1392312.35,1392312.35,1392354.7894074707,1.0,2.0,0.0,42.43940747063607,42.43940747063607
13394.0,1392341.6,1392341.6,1392417.2306673522,1.0,0.0,0.0,75.6306673521176,75.6306673521176
13395.0,1392398.15,1392398.15,1392557.15,0.0,0.0,0.0,159.0,159.0
13396.0,1392813.5,1392813.5,1392912.3542387616,2.0,0.0,0.0,98.85423876158893,98.85423876158893
13399.0,1392976.65,1392976.65,1393026.9056646829,1.0,0.0,0.0,50.2556646829471,50.2556646829471
13402.0,1393041.65,1393041.65,1393166.523081565,0.0,1.0,0.0,124.87308156513609,124.87308156513609
13404.0,1393232.1,1393232.1,1393328.4020267834,1.0,0.0,0.0,96.30202678334899,96.30202678334899
13405.0,1393303.6,1393303.6,1393443.6,0.0,0.0,0.0,140.0,140.0
13406.0,1393715.05,1393715.05,1393834.7572219458,1.0,0.0,0.0,119.70722194574773,119.70722194574773
13374.0,1366812.85,1366812.85,1394970.8112575884,1.0,1.0,0.0,28157.96125758835,28157.96125758835
13397.0,1392945.45,1392945.45,1395101.6346827436,1.0,0.0,0.0,2156.184682743624,2156.184682743624
13403.0,1393221.05,1393221.05,1395206.4741595506,1.0,0.0,0.0,1985.4241595505737,1985.4241595505737
13407.0,1393820.35,1393820.35,1395439.549999531,1.0,0.0,0.0,1619.1999995307997,1619.1999995307997
13408.0,1393839.85,1393839.85,1395489.7505382013,1.0,0.0,0.0,1649.900538201211,1649.900538201211
13421.0,1396532.8,1396532.8,1396588.4465594476,1.0,0.0,0.0,55.646559447515756,55.646559447515756
13423.0,1396543.2,1396543.2,1396591.5898488455,1.0,0.0,0.0,48.3898488455452,48.3898488455452
13422.0,1396539.3,1396539.3,1396593.9448916588,1.0,0.0,0.0,54.64489165879786,54.64489165879786
13420.0,1396529.55,1396529.55,1396645.0194478054,2.0,0.0,0.0,115.4694478053134,115.4694478053134
13424.0,1396545.15,1396545.15,1396649.121311873,1.0,0.0,0.0,103.97131187305786,103.97131187305786
13419.0,1396518.5,1396518.5,1396660.8296559965,1.0,0.0,0.0,142.3296559965238,142.3296559965238
13413.0,1394166.8,1394166.8,1397058.8332652077,1.0,0.0,0.0,2892.0332652076613,2892.0332652076613
13409.0,1393928.25,1393928.25,1397073.1301460266,1.0,0.0,0.0,3144.8801460266113,3144.8801460266113
13398.0,1392955.85,1392955.85,1397134.7089686105,2.0,0.0,0.0,4178.85896861041,4178.85896861041
13410.0,1393946.45,1393946.45,1397140.4378636035,2.0,0.0,0.0,3193.9878636035137,3193.9878636035137
13400.0,1392992.25,1392992.25,1397159.699051517,1.0,0.0,0.0,4167.449051517062,4167.449051517062
13412.0,1393978.95,1393978.95,1397163.1889870844,2.0,1.0,0.0,3184.238987084478,3184.238987084478
13401.0,1393031.25,1393031.25,1397346.2270275338,2.0,1.0,0.0,4314.977027533809,4314.977027533809
13411.0,1393962.05,1393962.05,1397496.8220370475,1.0,1.0,0.0,3534.772037047427,3534.772037047427
13377.0,1367656.55,1367656.55,1397588.5358797337,2.0,1.0,0.0,29931.985879733693,29931.985879733693
13371.0,1366667.25,1366667.25,1397634.489731822,2.0,0.0,0.0,30967.23973182193,30967.23973182193
13366.0,1366634.1,1366634.1,1397806.0161941026,2.0,0.0,0.0,31171.916194102494,31171.916194102494
13431.0,1397767.15,1397767.15,1397882.15,0.0,0.0,0.0,115.0,115.0
13432.0,1397971.25,1397971.25,1398123.25,0.0,0.0,0.0,152.0,152.0
13434.0,1398180.55,1398180.55,1398238.55,0.0,0.0,0.0,58.0,58.0
13433.0,1398163.0,1398163.0,1398301.0,0.0,0.0,0.0,138.0,138.0
13435.0,1398326.15,1398326.15,1398446.15,0.0,0.0,0.0,120.0,120.0
13436.0,1398515.3,1398515.3,1398635.3,0.0,0.0,0.0,120.0,120.0
13437.0,1398712.25,1398712.25,1398810.8750716357,1.0,0.0,0.0,98.62507163570262,98.62507163570262
13430.0,1396629.65,1396629.65,1398852.710479266,1.0,0.0,0.0,2223.0604792661034,2223.0604792661034
13438.0,1398804.55,1398804.55,1398885.55,0.0,0.0,0.0,81.0,81.0
13439.0,1398832.5,1398832.5,1398889.440268937,1.0,0.0,0.0,56.94026893703267,56.94026893703267
13443.0,1398958.6,1398958.6,1399017.3999373154,1.0,0.0,0.0,58.799937315285206,58.799937315285206
13444.0,1398980.05,1398980.05,1399042.1711053092,1.0,0.0,0.0,62.121105309110135,62.121105309110135
13442.0,1398954.7,1398954.7,1399046.0220199616,1.0,0.0,0.0,91.32201996166259,91.32201996166259
13441.0,1398918.3,1398918.3,1399091.3,0.0,0.0,0.0,173.0,173.0
13448.0,1399080.8,1399080.8,1399190.6495834324,2.0,1.0,0.0,109.84958343231119,109.84958343231119
13440.0,1398856.55,1398856.55,1399230.3162166092,1.0,0.0,0.0,373.76621660916135,373.76621660916135
13426.0,1396619.25,1396619.25,1399628.1958934788,2.0,0.0,0.0,3008.9458934788126,3008.9458934788126
13429.0,1396627.05,1396627.05,1399914.84090115,2.0,1.0,0.0,3287.790901149856,3287.790901149856
13428.0,1396625.75,1396625.75,1399937.7640785675,1.0,0.0,0.0,3312.014078567503,3312.014078567503
13425.0,1396617.3,1396617.3,1399949.4446873025,2.0,0.0,0.0,3332.1446873024106,3332.1446873024106
13446.0,1399035.95,1399035.95,1400221.269430519,3.0,0.0,0.0,1185.3194305191282,1185.3194305191282
13427.0,1396623.15,1396623.15,1400393.2005648783,2.0,1.0,0.0,3770.0505648783874,3770.0505648783874
13445.0,1399022.95,1399022.95,1400444.1571455311,1.0,0.0,0.0,1421.2071455311961,1421.2071455311961
13378.0,1367663.05,1367663.05,1400635.6458660054,2.0,0.0,0.0,32972.5958660054,32972.5958660054
13457.0,1400955.4,1400955.4,1401070.4,0.0,0.0,0.0,115.0,115.0
13456.0,1400741.55,1400741.55,1401162.2432055525,1.0,0.0,0.0,420.6932055524085,420.6932055524085
13458.0,1401130.9,1401130.9,1401210.5809913469,1.0,0.0,0.0,79.68099134694785,79.68099134694785
13459.0,1401205.0,1401205.0,1401320.0,0.0,0.0,0.0,115.0,115.0
13460.0,1401379.2,1401379.2,1401480.8269011043,1.0,0.0,0.0,101.62690110434778,101.62690110434778
13461.0,1401549.5,1401549.5,1401644.711509592,2.0,0.0,0.0,95.21150959189981,95.21150959189981
13449.0,1399084.05,1399084.05,1402017.1232222302,2.0,0.0,0.0,2933.0732222301885,2933.0732222301885
13465.0,1401583.3,1401583.3,1402083.7107574965,2.0,0.0,0.0,500.41075749648735,500.41075749648735
13470.0,1401977.2,1401977.2,1402266.8091757575,1.0,0.0,0.0,289.609175757505,289.609175757505
13447.0,1399056.75,1399056.75,1402534.75,0.0,0.0,0.0,3478.0,3478.0
13474.0,1402929.45,1402929.45,1403045.45,0.0,0.0,0.0,116.0,116.0
13475.0,1403064.65,1403064.65,1403111.65,0.0,0.0,0.0,47.0,47.0
13473.0,1402571.95,1402571.95,1403202.032064408,1.0,0.0,0.0,630.0820644081105,630.0820644081105
13472.0,1402555.05,1402555.05,1403391.1679353265,1.0,0.0,0.0,836.117935326416,836.117935326416
13479.0,1403339.6,1403339.6,1403467.4002813282,2.0,0.0,0.0,127.80028132814914,127.80028132814914
13483.0,1403445.55,1403445.55,1403519.55,0.0,0.0,0.0,74.0,74.0
13373.0,1366689.35,1366689.35,1404533.2313631838,1.0,1.0,0.0,37843.881363183726,37843.881363183726
13490.0,1403890.8,1404533.3611269007,1404593.3611269007,0.0,0.0,10.709352115010066,702.561126900604,60.0
13511.0,1404389.35,1404544.0356255018,1404599.0512330593,1.0,1.0,2.8116680405651464,209.70123305916786,55.01560755749233
13505.0,1404159.25,1404538.8457380305,1404607.3122621595,2.0,0.0,5.544253090971903,448.0622621595394,68.46652412903495
13503.0,1404114.4,1404537.5316538382,1404666.0001539877,2.0,0.0,3.2936607288645297,551.6001539877616,128.4685001494363
13236.0,1356745.0,1356745.0,1404725.8910309544,1.0,0.0,0.0,47980.89103095443,47980.89103095443
13507.0,1404182.0,1404540.3922997853,1405295.1907202287,2.0,0.0,0.47481856092747093,1113.1907202287111,754.7984204434324
13510.0,1404213.2,1404543.0658687446,1405446.334574188,2.0,1.0,0.36519129552121316,1233.1345741881523,903.2687054434791
13508.0,1404189.8,1404541.2349072772,1405511.2349072772,0.0,0.0,0.3623040281207368,1321.4349072771147,970.0
13509.0,1404198.9,1404542.1263174142,1405682.3072294844,0.0,1.0,0.3010279454609748,1483.4072294845246,1140.1809120702092
13520.0,1405168.05,1405295.8630153153,1405711.8630153153,0.0,0.0,0.3072428252769616,543.813015315216,416.0
13504.0,1404143.0,1404538.167135093,1405759.250514737,2.0,0.0,0.3236201079143661,1616.2505147370975,1221.083379644202
13512.0,1404801.45,1404801.45,1405970.45,0.0,0.0,0.0,1169.0,1169.0
13522.0,1406014.35,1406014.35,1406113.35,0.0,0.0,0.0,99.0,99.0
13523.0,1406085.2,1406113.35,1406220.35,0.0,0.0,0.2630841121508383,135.1500000001397,107.0
13527.0,1406107.3,1406113.8319973808,1406221.8319973808,0.0,0.0,0.060481457229427715,114.5319973807782,108.0
13521.0,1405677.65,1405711.8630153153,1406233.8630153153,0.0,0.0,0.06554217493363167,556.2130153153557,522.0
13530.0,1406115.75,1406220.35,1406288.7996427221,1.0,0.0,1.5281306934627663,173.04964272212237,68.44964272202924
13533.0,1406176.85,1406221.8319973808,1406312.8319973808,0.0,0.0,0.4943076635245234,135.98199738073163,91.0
13513.0,1404820.3,1405295.1907202287,1406345.0345389503,2.0,0.0,0.45234415992175286,1524.7345389502589,1049.8438187215943
13506.0,1404166.4,1404539.601798172,1406488.6016327457,0.0,1.0,0.19148375056370984,2322.201632745797,1948.9998345735949
13517.0,1404856.05,1405295.3767129944,1406665.3529617332,2.0,1.0,0.3206819924059324,1809.3029617331922,1369.9762487388216
13372.0,1366676.35,1366676.35,1406699.4283203946,1.0,2.0,0.0,40023.0783203945,40023.0783203945
13519.0,1404889.85,1405295.673430513,1406960.4782440118,1.0,1.0,0.2437663726235231,2070.628244011663,1664.804813498864
13532.0,1406176.2,1406221.9569735301,1407182.9569735301,0.0,0.0,0.047613916264480596,1006.7569735301659,961.0
13489.0,1403751.7,1404533.2606524865,1407208.464332686,2.0,1.0,0.2921499616164589,3456.7643326860853,2675.203680199571
13516.0,1404841.1,1405295.2726951088,1407293.7749230522,0.0,1.0,0.22725653679959482,2452.67492305208,1998.5022279433906
13515.0,1404833.95,1405295.1980356604,1407703.6198953013,0.0,1.0,0.1915146359488946,2869.66989530134,2408.421859640861
13518.0,1404886.6,1405295.502761035,1407912.1146136967,0.0,1.0,0.15627184468302036,3025.514613696607,2616.6118526617065
13497.0,1404041.6,1404533.2313631838,1408055.891365533,1.0,2.0,0.13956253594041676,4014.291365532903,3522.6600023491774
13391.0,1391001.3,1391001.3,1408520.068857519,1.0,0.0,0.0,17518.76885751891,17518.76885751891
13514.0,1404824.85,1405295.1907202287,1408543.6595070567,0.0,0.0,0.1447884375973607,3718.809507056605,3248.468786827987
13541.0,1408317.95,1408520.068857519,1408623.9453325667,2.0,1.0,1.945761611818488,305.9953325667884,103.87647504778579
13542.0,1408323.8,1408520.068857519,1408652.4448260595,0.0,1.0,1.4826622965087737,328.6448260594625,132.375968540553
13536.0,1407385.2,1408314.17831158,1408763.0859451483,2.0,0.0,2.06941972493566,1377.8859451483004,448.90763356816024
13528.0,1406108.6,1406114.1402166346,1408862.509606686,1.0,0.0,0.0020158195090406563,2753.909606685862,2748.3693900513463
13464.0,1401580.7,1401580.7,1409047.7135551071,2.0,0.0,0.0,7467.013555107173,7467.013555107173
13469.0,1401918.7,1401918.7,1409097.0799658117,1.0,0.0,0.0,7178.379965811735,7178.379965811735
13531.0,1406119.65,1406221.8319973808,1409183.7775033913,1.0,1.0,0.03449827053656733,3064.1275033913553,2961.9455060104374
13535.0,1407338.4,1407338.4,1409451.4196355375,0.0,2.0,0.0,2113.0196355376393,2113.0196355376393
13539.0,1408059.25,1408314.7155233382,1409505.634743332,3.0,0.0,0.21451121037371296,1446.3847433319315,1190.9192199937534
13529.0,1406113.8,1406221.8319973808,1409509.8319973808,0.0,0.0,0.032856446891964174,3396.031997380778,3288.0
13540.0,1408314.05,1408314.05,1409543.4487125722,1.0,0.0,0.0,1229.398712572176,1229.398712572176
13544.0,1408362.8,1408520.068857519,1409752.3938884118,2.0,1.0,0.12761962434940052,1389.593888411764,1232.3250308928546
13525.0,1406103.4,1406113.4506184878,1409770.0057913647,2.0,0.0,0.0027486576880961537,3666.6057913647965,3656.5551728769206
13526.0,1406106.65,1406113.56670385,1410586.6449394864,1.0,2.0,0.001546296193732175,4479.994939486496,4473.078235636465
13560.0,1410797.05,1410797.05,1410886.7631857223,2.0,0.0,0.0,89.71318572224118,89.71318572224118
13555.0,1410476.6,1410797.299696762,1410946.2797557723,3.0,0.0,2.152635049903184,469.67975577223115,148.98005901020952
13148.0,1341486.9,1341486.9,1410959.1244890713,1.0,0.0,0.0,69472.2244890714,69472.2244890714
13561.0,1410945.9,1410946.2797557723,1411006.6467515854,1.0,0.0,0.0062907846796485915,60.74675158550963,60.36699581309222
13545.0,1408381.0,1408520.068857519,1411159.0217397234,0.0,2.0,0.05269849964232234,2778.0217397233937,2638.9528822044376
13562.0,1411070.7,1411070.7,1411174.7,0.0,0.0,0.0,104.0,104.0
13392.0,1391076.05,1391076.05,1411283.1067491919,3.0,4.0,0.0,20207.056749191834,20207.056749191834
13369.0,1366651.65,1366651.65,1411704.868319063,0.0,2.0,0.0,45053.218319063075,45053.218319063075
13543.0,1408342.0,1408520.068857519,1413025.4676688067,3.0,10.0,0.03952343953943142,4683.467668806668,4505.398811287712
13417.0,1395655.95,1395655.95,1414183.5511070811,1.0,1.0,0.0,18527.601107081166,18527.601107081166
13524.0,1406100.8,1406113.3836498177,1415521.467527202,0.0,2.0,0.0013375358873947193,9420.667527202051,9408.08387738443
13567.0,1415592.75,1415592.75,1415697.75,0.0,0.0,0.0,105.0,105.0
13568.0,1415655.15,1415697.75,1415857.75,0.0,0.0,0.2662500000005821,202.60000000009313,160.0
13569.0,1415870.95,1415870.95,1416047.95,0.0,0.0,0.0,177.0,177.0
13534.0,1406478.45,1406478.45,1417492.9748429004,1.0,3.0,0.0,11014.524842900457,11014.524842900457
13222.0,1356065.75,1356065.75,1417550.2149000475,5.0,6.0,0.0,61484.46490004752,61484.46490004752
13570.0,1418010.75,1418010.75,1418115.924238773,1.0,0.0,0.0,105.17423877306283,105.17423877306283
13571.0,1418069.25,1418069.25,1418173.25,0.0,0.0,0.0,104.0,104.0
13572.0,1418326.65,1418326.65,1418406.9096102754,1.0,0.0,0.0,80.25961027550511,80.25961027550511
13573.0,1418421.55,1418421.55,1418643.8735344205,2.0,0.0,0.0,222.3235344204586,222.3235344204586
13574.0,1418618.5,1418618.5,1418820.9308113276,1.0,0.0,0.0,202.43081132764928,202.43081132764928
13576.0,1418827.15,1418827.15,1418883.6124540733,1.0,0.0,0.0,56.462454073363915,56.462454073363915
13577.0,1419486.9,1419486.9,1419609.1172194905,2.0,0.0,0.0,122.21721949055791,122.21721949055791
13476.0,1403201.15,1403201.15,1422885.1899487714,3.0,1.0,0.0,19684.039948771475,19684.039948771475
13498.0,1404046.15,1404535.009403019,1424016.8345412666,2.0,4.0,0.02509310085425838,19970.684541266644,19481.825138247572
13500.0,1404053.3,1404535.936921672,1424105.4817350912,2.0,5.0,0.024662654459952686,20052.181735091144,19569.544813419227
13496.0,1404040.95,1404534.6213078846,1424133.4904052902,4.0,8.0,0.0251887649961381,20092.5404052902,19598.86909740558
13587.0,1423700.85,1424017.3389591305,1424168.3389591305,0.0,0.0,2.095953371724274,467.4889591303654,151.0
13588.0,1423782.1,1424017.6793716433,1424213.431572132,3.0,0.0,1.2034570802020292,431.33157213195227,195.7522004886996
13589.0,1424200.05,1424200.05,1424502.05,0.0,0.0,0.0,302.0,302.0
13546.0,1409152.55,1409152.55,1425048.440589379,1.0,1.0,0.0,15895.890589379007,15895.890589379007
13590.0,1425483.8,1425483.8,1425618.8,0.0,0.0,0.0,135.0,135.0
13466.0,1401584.6,1401584.6,1425791.650655211,2.0,3.0,0.0,24207.050655210856,24207.050655210856
13468.0,1401891.4,1401891.4,1425831.7534905768,2.0,3.0,0.0,23940.353490576847,23940.353490576847
13467.0,1401872.55,1401872.55,1425870.6300932975,2.0,4.0,0.0,23998.08009329741,23998.08009329741
13418.0,1395722.25,1395722.25,1426186.7493691975,4.0,2.0,0.0,30464.499369197525,30464.499369197525
13452.0,1399121.75,1399121.75,1426421.0799307828,2.0,3.0,0.0,27299.329930782784,27299.329930782784
13462.0,1401576.15,1401576.15,1426631.4242258887,2.0,0.0,0.0,25055.274225888774,25055.274225888774
13579.0,1421729.4,1421729.4,1426882.8960247443,5.0,2.0,0.0,5153.496024744352,5153.496024744352
13593.0,1426907.3,1426907.3,1427081.1480103785,1.0,0.0,0.0,173.84801037842408,173.84801037842408
13455.0,1399131.5,1399131.5,1427136.9785925737,2.0,3.0,0.0,28005.478592573665,28005.478592573665
13594.0,1427076.95,1427076.95,1427205.3486820082,1.0,0.0,0.0,128.3986820082646,128.3986820082646
13477.0,1403281.75,1403281.75,1427290.1932329743,2.0,3.0,0.0,24008.44323297427,24008.44323297427
13595.0,1427171.2,1427171.2,1427508.5005125552,2.0,0.0,0.0,337.30051255528815,337.30051255528815
13596.0,1427514.4,1427514.4,1427660.4,0.0,0.0,0.0,146.0,146.0
13482.0,1403396.8,1403396.8,1427922.0332215615,2.0,0.0,0.0,24525.233221561415,24525.233221561415
13597.0,1427817.95,1427817.95,1427947.8355907449,1.0,0.0,0.0,129.8855907449033,129.8855907449033
13598.0,1428035.7,1428035.7,1428136.8938497968,2.0,0.0,0.0,101.19384979689494,101.19384979689494
13599.0,1428225.5,1428225.5,1428426.672538107,1.0,1.0,0.0,201.17253810702823,201.17253810702823
13600.0,1428758.5,1428758.5,1428898.711078971,2.0,1.0,0.0,140.21107897092588,140.21107897092588
13601.0,1428947.0,1428947.0,1429113.7812426125,1.0,2.0,0.0,166.7812426125165,166.7812426125165
13602.0,1429142.65,1429142.65,1429301.0836377144,0.0,1.0,0.0,158.43363771447912,158.43363771447912
13603.0,1429363.0,1429363.0,1429457.0909917215,2.0,0.0,0.0,94.09099172148854,94.09099172148854
13451.0,1399105.5,1399105.5,1429474.7591609634,2.0,0.0,0.0,30369.259160963353,30369.259160963353
13537.0,1407642.6,1408314.3278385527,1430112.435863684,1.0,1.0,0.0308158780467605,22469.83586368384,21798.10802513128
13471.0,1401991.5,1401991.5,1430209.4217926154,1.0,0.0,0.0,28217.921792615438,28217.921792615438
13450.0,1399103.55,1399103.55,1430284.7623140975,2.0,3.0,0.0,31181.212314097444,31181.212314097444
13484.0,1403623.0,1403623.0,1430356.441626037,1.0,2.0,0.0,26733.441626037005,26733.441626037005
13581.0,1422900.7,1424016.8345412666,1430374.567499304,1.0,0.0,0.175555429684348,7473.867499304004,6357.732958037406
13453.0,1399126.3,1399126.3,1430501.0615201942,1.0,1.0,0.0,31374.761520194123,31374.761520194123
13583.0,1422954.65,1424016.8345412666,1431008.5612122272,1.0,0.0,0.151920203871571,8053.911212227307,6991.726670960663
13485.0,1403641.85,1403641.85,1431524.814995664,2.0,3.0,0.0,27882.964995663846,27882.964995663846
13499.0,1404049.4,1404535.459260308,1431670.4040060984,2.0,1.0,0.017912668142928443,27621.00400609849,27134.944745790446
13551.0,1409233.8,1409451.4196355375,1432025.5813148571,1.0,1.0,0.009640208953445355,22791.78131485707,22574.16167931957
13454.0,1399128.9,1399128.9,1432042.6801243976,2.0,0.0,0.0,32913.780124397716,32913.780124397716
13487.0,1403688.65,1403688.65,1432171.7094948848,2.0,2.0,0.0,28483.059494884918,28483.059494884918
13547.0,1409163.6,1409183.7775033913,1432255.0845695082,1.0,1.0,0.0008745713163690737,23091.484569508117,23071.307066116948
13491.0,1403944.75,1404533.2313631838,1432366.0225306675,1.0,0.0,0.021143454842262693,28421.272530667484,27832.791167483665
13548.0,1409175.3,1409183.8249516787,1432391.4924441553,1.0,2.0,0.0003673334117469741,23216.192444155226,23207.667492476525
13550.0,1409217.55,1409451.4196355375,1432445.1206580705,1.0,2.0,0.010171030549119331,23227.5706580705,22993.701022533
13565.0,1411960.55,1413025.4676688067,1432669.4472564105,3.0,2.0,0.05421089265836081,20708.897256410448,19643.979587603826
13564.0,1411946.9,1413025.4676688067,1433146.7682625654,4.0,3.0,0.05360327796809097,21199.868262565462,20121.3005937587
13488.0,1403710.1,1403710.1,1433281.7952759536,1.0,1.0,0.0,29571.695275953505,29571.695275953505
13585.0,1423155.5,1424016.966627569,1433548.8518093529,1.0,0.0,0.09037736094589746,10393.35180935287,9531.885181783931
13493.0,1403990.9,1404533.7266632668,1434032.3856252802,1.0,3.0,0.018401740362702125,30041.4856252803,29498.658962013433
13494.0,1404009.1,1404533.966011538,1434626.6865315612,1.0,3.0,0.0174416271599175,30617.5865315611,30092.720520023257
13501.0,1404055.9,1404536.4413779334,1434649.4998394973,1.0,2.0,0.015957906718336926,30593.599839497358,30113.058461563895
13591.0,1426564.1,1426564.1,1435504.6297062042,1.0,0.0,0.0,8940.529706204077,8940.529706204077
13592.0,1426616.75,1426631.4242258887,1435581.2943036968,2.0,0.0,0.0016396021127799902,8964.544303696835,8949.870077808155
13463.0,1401578.1,1401578.1,1435601.6639969938,2.0,3.0,0.0,34023.563996993704,34023.563996993704
13480.0,1403344.8,1403344.8,1436283.9690377407,2.0,2.0,0.0,32939.16903774068,32939.16903774068
13552.0,1409246.15,1409451.4196355375,1438274.4543291589,2.0,2.0,0.007121721835316195,29028.30432915897,28823.034693621332
13563.0,1411936.5,1411936.5,1438927.7548371346,2.0,0.0,0.0,26991.25483713462,26991.25483713462
13566.0,1411965.1,1413025.4676688067,1440220.4691319785,1.0,1.0,0.03899127088639998,28255.36913197837,27195.001463171793
13416.0,1395467.45,1395467.45,1440338.2684677674,2.0,1.0,0.0,44870.81846776744,44870.81846776744
13119.0,1339117.65,1339117.65,1440728.6604988375,1.0,0.0,0.0,101611.01049883757,101611.01049883757
13121.0,1339211.9,1339211.9,1440894.5669415453,1.0,0.0,0.0,101682.66694154544,101682.66694154544
13486.0,1403662.65,1403662.65,1444605.30678984,2.0,0.0,0.0,40942.6567898402,40942.6567898402
13549.0,1409200.65,1409451.4196355375,1444927.0103620177,1.0,0.0,0.0070687937932054435,35726.36036201776,35475.59072648012
13604.0,1429485.2,1429485.2,1447124.777692366,2.0,0.0,0.0,17639.577692365972,17639.577692365972
13492.0,1403968.15,1404533.5289176407,1447456.987322589,2.0,0.0,0.013171793202376172,43488.83732258901,42923.45840494824
13575.0,1418784.25,1418784.25,1447652.5697280692,1.0,0.0,0.0,28868.31972806924,28868.31972806924
13608.0,1445425.8,1445425.8,1448336.4329878965,2.0,0.0,0.0,2910.632987896446,2910.632987896446
13610.0,1448682.3,1448682.3,1448738.5923845274,1.0,0.0,0.0,56.29238452739082,56.29238452739082
13611.0,1448704.4,1448704.4,1448815.4,0.0,0.0,0.0,111.0,111.0
13612.0,1448870.8,1448870.8,1448936.2090275548,1.0,0.0,0.0,65.40902755479328,65.40902755479328
13613.0,1448970.25,1448970.25,1449016.4118589861,1.0,0.0,0.0,46.16185898613185,46.16185898613185
13615.0,1449030.7,1449030.7,1449103.7,0.0,0.0,0.0,73.0,73.0
13616.0,1449136.0,1449136.0,1449236.2913421718,1.0,1.0,0.0,100.29134217184037,100.29134217184037
13502.0,1404075.4,1404536.9806533894,1449344.536778029,2.0,0.0,0.010301402114087333,45269.13677802915,44807.5561246397
13584.0,1422970.25,1424016.8877616825,1449405.0861019634,2.0,0.0,0.04122536572522003,26434.836101963418,25388.198340280913
13617.0,1449244.55,1449244.55,1449439.143031679,2.0,0.0,0.0,194.59303167904727,194.59303167904727
13605.0,1429530.05,1429530.05,1450328.6823052694,1.0,1.0,0.0,20798.632305269362,20798.632305269362
13495.0,1404027.95,1404534.2421421744,1454247.6136334955,2.0,0.0,0.010184224625819777,50219.66363349557,49713.37149132113
13580.0,1422876.0,1422885.1899487714,1454487.1991427902,1.0,2.0,0.00029080267380977485,31611.199142790167,31602.009194018785
13206.0,1353695.2,1353695.2,1455263.4332884054,1.0,0.0,0.0,101568.23328840546,101568.23328840546
13207.0,1353714.05,1353714.05,1455321.0454837203,2.0,1.0,0.0,101606.99548372021,101606.99548372021
13578.0,1419534.35,1419534.35,1455492.276414558,1.0,1.0,0.0,35957.926414557965,35957.926414557965
13621.0,1453970.05,1453970.05,1456631.9105854107,2.0,0.0,0.0,2661.8605854106136,2661.8605854106136
13478.0,1403306.45,1403306.45,1457250.1161623907,1.0,1.0,0.0,53943.66616239073,53943.66616239073
13606.0,1443369.2,1443369.2,1457400.2806864656,1.0,0.0,0.0,14031.080686465604,14031.080686465604
13629.0,1457615.25,1457615.25,1457771.2662281445,2.0,0.0,0.0,156.01622814452276,156.01622814452276
13632.0,1457897.35,1457897.35,1458012.610950655,1.0,0.0,0.0,115.26095065497793,115.26095065497793
13623.0,1456640.9,1456640.9,1459325.5629549604,1.0,0.0,0.0,2684.662954960484,2684.662954960484
13633.0,1457957.8,1457957.8,1459348.4068167373,1.0,0.0,0.0,1390.606816737214,1390.606816737214
13627.0,1456793.0,1456793.0,1459573.5040576416,1.0,0.0,0.0,2780.504057641607,2780.504057641607
13609.0,1447975.1,1447975.1,1459595.710309734,1.0,0.0,0.0,11620.61030973401,11620.61030973401
13619.0,1453888.8,1453888.8,1459713.4013923688,1.0,0.0,0.0,5824.601392368786,5824.601392368786
13637.0,1459782.35,1459782.35,1459861.4096233095,1.0,0.0,0.0,79.05962330941111,79.05962330941111
13638.0,1459840.2,1459840.2,1459918.5799431666,2.0,0.0,0.0,78.37994316662662,78.37994316662662
13481.0,1403377.3,1403377.3,1460093.5341341943,1.0,1.0,0.0,56716.23413419421,56716.23413419421
13645.0,1460173.65,1460173.65,1460206.0805730552,1.0,0.0,0.0,32.43057305528782,32.43057305528782
13620.0,1453950.55,1453950.55,1460314.9669457818,1.0,0.0,0.0,6364.416945781792,6364.416945781792
13640.0,1459875.95,1459875.95,1461043.6475919879,1.0,0.0,0.0,1167.6975919879042,1167.6975919879042
13649.0,1460222.4,1460222.4,1461256.6545632968,1.0,0.0,0.0,1034.2545632969122,1034.2545632969122
13636.0,1458374.45,1458374.45,1462025.0648357067,1.0,0.0,0.0,3650.6148357067723,3650.6148357067723
13635.0,1458280.2,1458280.2,1462627.3027641799,1.0,0.0,0.0,4347.10276417993,4347.10276417993
13634.0,1458173.6,1458173.6,1462763.7680650742,1.0,0.0,0.0,4590.168065074133,4590.168065074133
13660.0,1463267.65,1463267.65,1463362.9883449108,1.0,1.0,0.0,95.33834491088055,95.33834491088055
13650.0,1460256.2,1460256.2,1463715.0379409506,1.0,0.0,0.0,3458.837940950645,3458.837940950645
13664.0,1464079.5,1464079.5,1464151.5,0.0,0.0,0.0,72.0,72.0
13670.0,1464537.75,1464537.75,1464611.75,0.0,0.0,0.0,74.0,74.0
13671.0,1464910.2,1464910.2,1464972.1487721896,2.0,0.0,0.0,61.948772189673036,61.948772189673036
13673.0,1465074.65,1465074.65,1465133.2534799576,2.0,0.0,0.0,58.6034799576737,58.6034799576737
13669.0,1464327.8,1464327.8,1465249.444634412,1.0,0.0,0.0,921.6446344119031,921.6446344119031
13674.0,1465296.3,1465296.3,1465380.4937818716,1.0,0.0,0.0,84.19378187158145,84.19378187158145
13675.0,1465459.45,1465459.45,1465528.45,0.0,0.0,0.0,69.0,69.0
13672.0,1464967.4,1464967.4,1465572.2021903284,2.0,1.0,0.0,604.8021903284825,604.8021903284825
13676.0,1465616.1,1465616.1,1465728.1,0.0,0.0,0.0,112.0,112.0
13677.0,1465802.65,1465802.65,1465863.671248503,2.0,0.0,0.0,61.02124850312248,61.02124850312248
13682.0,1466192.0,1466192.0,1466317.1767223338,0.0,2.0,0.0,125.17672233376652,125.17672233376652
13586.0,1423387.55,1424017.120045297,1466684.2573531808,1.0,0.0,0.01475538517510775,43296.70735318074,42667.137307883706
13631.0,1457853.8,1457853.8,1467002.253583625,2.0,0.0,0.0,9148.453583624912,9148.453583624912
13415.0,1395457.7,1395457.7,1468080.6028571043,5.0,4.0,0.0,72622.90285710432,72622.90285710432
13656.0,1460451.2,1460451.2,1470061.2629985895,1.0,0.0,0.0,9610.062998589594,9610.062998589594
13659.0,1463256.6,1463256.6,1470500.1131736482,1.0,0.0,0.0,7243.513173648156,7243.513173648156
13715.0,1468993.5,1470500.1131736482,1470628.418801175,2.0,0.0,11.742377966504604,1634.9188011749648,128.3056275267154
13662.0,1463275.45,1463275.45,1470665.9656524786,1.0,0.0,0.0,7390.515652478673,7390.515652478673
13720.0,1471919.15,1471919.15,1472065.15,0.0,0.0,0.0,146.0,146.0
13721.0,1472224.65,1472224.65,1472361.145539379,2.0,0.0,0.0,136.4955393790733,136.4955393790733
13722.0,1472408.6,1472408.6,1472508.1613127766,2.0,0.0,0.0,99.56131277652457,99.56131277652457
13723.0,1472685.5,1472685.5,1472854.5,0.0,0.0,0.0,169.0,169.0
13724.0,1473054.05,1473054.05,1473201.05,0.0,0.0,0.0,147.0,147.0
13725.0,1473288.7,1473288.7,1473466.9725792923,0.0,2.0,0.0,178.2725792923011,178.2725792923011
13726.0,1473489.55,1473489.55,1473781.4401936464,0.0,0.0,0.0,291.89019364630803,291.89019364630803
13582.0,1422931.25,1424016.8345412666,1475419.0546806848,2.0,0.0,0.0211194095959692,52487.804680684814,51402.22013941826
13728.0,1475140.55,1475419.09845948,1475557.9094446127,1.0,0.0,2.0066744661021865,417.35944461263716,138.8109851325862
13730.0,1475367.4,1475419.1507130545,1475586.841542926,2.0,0.0,0.30860788925802524,219.4415429260116,167.6908298714552
13668.0,1464240.7,1464240.7,1475647.8116369585,1.0,2.0,0.0,11407.11163695855,11407.11163695855
13731.0,1475529.25,1475557.9094446127,1475696.7261014355,2.0,0.0,0.20645537263778596,167.4761014354881,138.81665682280436
13729.0,1475250.4,1475419.0546806848,1475728.9244548404,0.0,0.0,0.5442759983432407,478.52445484045893,309.86977415555157
13732.0,1475795.75,1475795.75,1475901.170361103,2.0,0.0,0.0,105.42036110302433,105.42036110302433
13734.0,1476149.35,1476149.35,1476299.7859019437,1.0,0.0,0.0,150.43590194359422,150.43590194359422
13663.0,1463555.6,1463555.6,1477115.815427973,2.0,0.0,0.0,13560.215427972842,13560.215427972842
13661.0,1463271.55,1463271.55,1477536.4533236297,1.0,0.0,0.0,14264.903323629638,14264.903323629638
13735.0,1476554.95,1476554.95,1477680.472868079,0.0,1.0,0.0,1125.5228680791333,1125.5228680791333
13639.0,1459853.85,1459853.85,1479065.5668871568,2.0,0.0,0.0,19211.716887156712,19211.716887156712
13681.0,1465944.35,1465944.35,1479411.628659921,2.0,0.0,0.0,13467.278659920907,13467.278659920907
13666.0,1464234.2,1464234.2,1479442.646441906,1.0,1.0,0.0,15208.446441906039,15208.446441906039
13667.0,1464237.45,1464237.45,1479689.7184617764,1.0,0.0,0.0,15452.268461776432,15452.268461776432
13622.0,1456611.0,1456611.0,1479852.7212203892,1.0,0.0,0.0,23241.72122038924,23241.72122038924
13695.0,1466843.3,1466843.3,1480281.0642020183,1.0,2.0,0.0,13437.764202018268,13437.764202018268
13678.0,1465915.1,1465915.1,1480326.276909246,2.0,1.0,0.0,14411.176909246016,14411.176909246016
13679.0,1465935.25,1465935.25,1480511.6697454536,1.0,0.0,0.0,14576.419745453633,14576.419745453633
13696.0,1466856.95,1466856.95,1481838.3508431737,1.0,1.0,0.0,14981.400843173731,14981.400843173731
13607.0,1444582.1,1444582.1,1481924.401352887,1.0,0.0,0.0,37342.30135288695,37342.30135288695
13614.0,1448997.55,1448997.55,1482158.0914074064,1.0,0.0,0.0,33160.54140740633,33160.54140740633
13641.0,1460048.85,1460048.85,1482231.7653455334,10.0,17.0,0.0,22182.915345533285,22182.915345533285
13657.0,1460475.9,1460475.9,1482800.1589828506,2.0,0.0,0.0,22324.258982850704,22324.258982850704
13736.0,1477336.9,1477336.9,1483244.5192162334,1.0,0.0,0.0,5907.619216233492,5907.619216233492
13665.0,1464226.4,1464226.4,1483784.358465298,0.0,1.0,0.0,19557.958465298172,19557.958465298172
13680.0,1465939.8,1465939.8,1483800.7242516435,1.0,1.0,0.0,17860.924251643475,17860.924251643475
13727.0,1474707.65,1474707.65,1484058.2150737187,1.0,0.0,0.0,9350.565073718783,9350.565073718783
13741.0,1484313.35,1484313.35,1484484.3867266448,2.0,0.0,0.0,171.03672664472833,171.03672664472833
13740.0,1483886.3,1483886.3,1484486.3,0.0,0.0,0.0,600.0,600.0
13709.0,1467340.55,1467923.043147836,1484499.3381621025,1.0,2.0,0.03514012916244215,17158.788162102457,16576.29501426639
13742.0,1484684.5,1484684.5,1485022.7147310136,1.0,0.0,0.0,338.2147310136352,338.2147310136352
13743.0,1484991.95,1484991.95,1485591.95,0.0,0.0,0.0,600.0,600.0
13739.0,1483581.45,1483581.45,1486398.8390067099,2.0,0.0,0.0,2817.389006709913,2817.389006709913
13744.0,1486273.1,1486273.1,1486791.899302262,2.0,1.0,0.0,518.7993022620212,518.7993022620212
13630.0,1457769.95,1457769.95,1487768.2503958554,0.0,1.0,0.0,29998.300395855447,29998.300395855447
13745.0,1487760.95,1487760.95,1488208.9072275308,1.0,0.0,0.0,447.9572275308892,447.9572275308892
13746.0,1488119.75,1488119.75,1488358.75,0.0,0.0,0.0,239.0,239.0
13747.0,1488405.1,1488405.1,1489005.1,0.0,0.0,0.0,600.0,600.0
13652.0,1460384.25,1460384.25,1492626.7001792686,2.0,1.0,0.0,32242.450179268606,32242.450179268606
13654.0,1460415.45,1460415.45,1492681.5702917979,2.0,2.0,0.0,32266.12029179791,32266.12029179791
13655.0,1460434.95,1460434.95,1492771.2445259895,2.0,1.0,0.0,32336.294525989564,32336.294525989564
13705.0,1467159.2,1467159.2,1493050.9844928763,2.0,1.0,0.0,25891.78449287638,25891.78449287638
13628.0,1456914.55,1456914.55,1493120.306982397,1.0,0.0,0.0,36205.756982397055,36205.756982397055
13710.0,1467922.95,1467922.95,1493820.1322530212,3.0,1.0,0.0,25897.18225302128,25897.18225302128
13737.0,1478365.85,1478365.85,1494703.4041492217,1.0,0.0,0.0,16337.554149221629,16337.554149221629
13708.0,1467172.2,1467172.2,1495067.1105747442,2.0,1.0,0.0,27894.910574744223,27894.910574744223
13712.0,1467930.75,1468080.6028571043,1495098.7896926075,2.0,0.0,0.005546369858815095,27168.039692607475,27018.186835503206
13748.0,1495285.35,1495285.35,1495383.9320495278,1.0,0.0,0.0,98.58204952767119,98.58204952767119
13749.0,1495503.1,1495503.1,1495686.4139577188,1.0,0.0,0.0,183.31395771866664,183.31395771866664
13707.0,1467168.3,1467168.3,1496014.1199159047,1.0,0.0,0.0,28845.819915904664,28845.819915904664
13750.0,1495876.2,1495876.2,1496034.2,0.0,0.0,0.0,158.0,158.0
13751.0,1496236.95,1496236.95,1496461.6214105072,1.0,1.0,0.0,224.6714105072897,224.6714105072897
13752.0,1496422.2,1496422.2,1496558.846176103,2.0,1.0,0.0,136.64617610303685,136.64617610303685
13753.0,1496692.6,1496692.6,1496794.9082248458,1.0,0.0,0.0,102.30822484567761,102.30822484567761
13754.0,1496821.95,1496821.95,1496937.95,0.0,0.0,0.0,116.0,116.0
13706.0,1467163.75,1467163.75,1497104.180880096,1.0,0.0,0.0,29940.430880096043,29940.430880096043
13755.0,1497085.2,1497085.2,1497200.2,0.0,0.0,0.0,115.0,115.0
13756.0,1497250.3,1497250.3,1497374.7850864108,2.0,0.0,0.0,124.48508641077206,124.48508641077206
13719.0,1469436.15,1470502.404491129,1497455.2300673954,4.0,5.0,0.03956002639174493,28019.080067395465,26952.825576266274
13718.0,1469360.75,1470501.8476283564,1497757.022708486,2.0,2.0,0.04186719127657849,28396.272708486067,27255.175080129644
13713.0,1467934.0,1468080.6028571043,1497769.1391056017,2.0,0.0,0.004938029139502946,29835.139105601702,29688.536248497432
13757.0,1498092.05,1498092.05,1498240.05,0.0,0.0,0.0,148.0,148.0
13716.0,1469324.35,1470500.8074822768,1498257.6099243774,1.0,5.0,0.042384474390764315,28933.259924377315,27756.802442100598
13717.0,1469347.75,1470501.3075075562,1498325.7486597362,1.0,4.0,0.04145842503168413,28977.998659736244,27824.44115218008
13758.0,1498253.25,1498253.25,1498373.93053818,2.0,0.0,0.0,120.68053818005137,120.68053818005137
13711.0,1467926.85,1468080.6028571043,1498649.3044895022,3.0,0.0,0.005029747712320996,30722.454489502124,30568.701632397948
13648.0,1460197.7,1460197.7,1499130.6308304837,2.0,1.0,0.0,38932.93083048379,38932.93083048379
13553.0,1410470.75,1410470.75,1499181.5085290973,4.0,9.0,0.0,88710.75852909731,88710.75852909731
13626.0,1456700.05,1456700.05,1499504.4849188658,2.0,0.0,0.0,42804.434918865794,42804.434918865794
13738.0,1481213.5,1481213.5,1499779.1394462853,3.0,4.0,0.0,18565.63944628532,18565.63944628532
13759.0,1498437.2,1498437.2,1500237.2,0.0,0.0,0.0,1800.0,1800.0
13761.0,1504074.65,1504074.65,1504251.65,0.0,0.0,0.0,177.0,177.0
13762.0,1504490.0,1504490.0,1505143.4358939214,1.0,1.0,0.0,653.4358939214144,653.4358939214144
13763.0,1505082.15,1505082.15,1505413.8712989897,1.0,2.0,0.0,331.72129898983985,331.72129898983985
13767.0,1506425.05,1506425.05,1506541.2816267079,1.0,0.0,0.0,116.23162670782767,116.23162670782767
13714.0,1468606.1,1470500.4160885566,1509102.1532494433,1.0,0.0,0.049073337830919384,40496.05324944318,38601.73716088664
13765.0,1505506.6,1505506.6,1509436.003483345,2.0,1.0,0.0,3929.4034833449405,3929.4034833449405
13538.0,1408037.8,1408314.4935484983,1509519.4756301658,1.0,0.0,0.0027339913787537778,101481.67563016573,101204.98208166752
13772.0,1506722.75,1506722.75,1509662.2668267745,1.0,0.0,0.0,2939.5168267744593,2939.5168267744593
13770.0,1506632.4,1506632.4,1509719.5778215227,1.0,0.0,0.0,3087.1778215228114,3087.1778215228114
13785.0,1509880.45,1509880.45,1509993.45,0.0,0.0,0.0,113.0,113.0
13733.0,1475900.4,1476149.3869295497,1510240.4580024066,1.0,0.0,0.007303581897374809,34340.05800240673,34091.071072856896
13794.0,1510092.35,1510240.4580024066,1510719.0600948154,2.0,0.0,0.3094595797964783,626.7100948153529,478.60209240880795
13798.0,1510093.0,1510240.4580024066,1510726.6678133027,2.0,0.0,0.3032805984208237,633.6678133027162,486.2098108960781
13799.0,1510093.65,1510240.4580024066,1510731.9649694974,2.0,0.0,0.2986895654311642,638.3149694975,491.50696709076874
13793.0,1510092.35,1510240.4580024066,1510774.7196917906,1.0,0.0,0.27721995671692623,682.3696917905472,534.2616893840022
13800.0,1510093.65,1510240.4580024066,1510777.8101102817,2.0,1.0,0.2732063394843305,684.1601102817804,537.3521078750491
13792.0,1510092.35,1510240.4580024066,1510780.6998265737,1.0,0.0,0.2741513073981092,688.3498265736271,540.2418241670821
13789.0,1510091.7,1510240.4580024066,1510783.034154763,2.0,0.0,0.27416981332601326,691.3341547630262,542.5761523563415
13801.0,1510093.65,1510240.4580024066,1510804.6264833263,2.0,0.0,0.26022014233658275,710.9764833264053,564.168480919674
13642.0,1460099.55,1460099.55,1510807.7611377905,2.0,0.0,0.0,50708.211137790466,50708.211137790466
13797.0,1510093.0,1510240.4580024066,1510817.7559512507,1.0,0.0,0.2554278994094895,724.7559512506705,577.2979488440324
13803.0,1510093.65,1510240.4580024066,1510828.1026344746,1.0,1.0,0.2498244591975511,734.4526344747283,587.644632067997
13796.0,1510093.0,1510240.4580024066,1511165.1760303085,0.0,3.0,0.1594626664100158,1072.1760303084739,924.7180279018357
13790.0,1510091.7,1510240.4580024066,1511168.9292951017,0.0,2.0,0.16021820338127174,1077.2292951017153,928.4712926950306
13788.0,1510091.7,1510240.4580024066,1511200.6014860708,0.0,2.0,0.1549330958733249,1108.9014860708266,960.143483664142
13786.0,1510091.05,1510091.05,1511224.4556877462,0.0,1.0,0.0,1133.4056877461262,1133.4056877461262
13787.0,1510091.05,1510091.05,1511224.5492558554,0.0,1.0,0.0,1133.499255855335,1133.499255855335
13805.0,1510094.3,1510240.4580024066,1511255.9947140869,0.0,2.0,0.14392192889291866,1161.6947140868288,1015.5367116802372
13804.0,1510094.3,1510240.4580024066,1511298.7218733716,0.0,2.0,0.13811111426615705,1204.4218733715825,1058.263870964991
13802.0,1510093.65,1510240.4580024066,1511331.4830718457,0.0,3.0,0.1345596966733384,1237.8330718458164,1091.0250694390852
13795.0,1510092.35,1510240.4580024066,1511348.296065829,0.0,2.0,0.13369102154606108,1255.9460658289026,1107.8380634223577
13791.0,1510091.7,1510240.4580024066,1511392.7058476463,0.0,2.0,0.12910243488087256,1301.0058476463892,1152.2478452397045
13780.0,1508658.45,1509102.1532494433,1511706.9733478725,2.0,0.0,0.17033930662270613,3048.523347872542,2604.82009842922
13768.0,1506539.45,1506539.45,1511929.728223292,1.0,2.0,0.0,5390.278223291971,5390.278223291971
13653.0,1460407.0,1460407.0,1512726.5722040625,2.0,1.0,0.0,52319.57220406248,52319.57220406248
13771.0,1506706.5,1506706.5,1512730.0816696363,2.0,0.0,0.0,6023.581669636304,6023.581669636304
13644.0,1460155.45,1460155.45,1512891.0365297329,2.0,0.0,0.0,52735.586529732915,52735.586529732915
13554.0,1410474.65,1410797.0963709839,1512998.410658621,2.0,0.0,0.003155011980339738,102523.76065862109,102201.31428763713
13858.0,1511888.3,1512730.0816696363,1513045.92582586,0.0,0.0,2.66518044753809,1157.625825859839,315.8441562235821
13769.0,1506562.2,1506562.2,1514055.2059843882,1.0,1.0,0.0,7493.005984388292,7493.005984388292
13647.0,1460179.5,1460179.5,1514345.9274430897,1.0,0.0,0.0,54166.42744308966,54166.42744308966
13784.0,1509207.7,1509436.003483345,1516646.2220217832,0.0,1.0,0.031663878442515656,7438.522021783283,7210.218538438203
13764.0,1505154.3,1505154.3,1519536.8724800085,2.0,1.0,0.0,14382.572480008472,14382.572480008472
13863.0,1518368.8,1519536.8724800085,1519610.8724800085,0.0,0.0,15.784763243357727,1242.0724800084718,74.0
13866.0,1518609.3,1519536.8724800085,1519681.4355741525,2.0,0.0,6.4163850774014675,1072.1355741524603,144.56309414398856
13865.0,1518448.1,1519536.8724800085,1519720.8724800085,0.0,0.0,5.917241739176224,1272.7724800084252,184.0
13864.0,1518418.85,1519536.8724800085,1519755.8724800085,0.0,0.0,5.105125479490526,1337.0224800084252,219.0
13867.0,1519217.7,1519536.8724800085,1519970.8724800085,0.0,0.0,0.7354204608492279,753.1724800085649,434.0
13558.0,1410485.7,1410798.139411319,1520329.8809642592,2.0,1.0,0.0028525010822372625,109844.1809642592,109531.7415529401
13646.0,1460174.95,1460174.95,1523137.006377147,1.0,1.0,0.0,62962.05637714709,62962.05637714709
13876.0,1522352.65,1523137.8696564976,1523239.8696564976,0.0,0.0,7.698231926448095,887.2196564977057,102.0
13875.0,1522309.1,1523137.6479979188,1523301.6479979188,0.0,0.0,5.052121938528527,992.5479979186784,164.0
13760.0,1500639.4,1500639.4,1523844.1072835436,1.0,0.0,0.0,23204.707283543656,23204.707283543656
13643.0,1460128.8,1460128.8,1524329.086395134,2.0,1.0,0.0,64200.28639513394,64200.28639513394
13781.0,1508747.5,1509102.1532494433,1525468.8490784538,1.0,1.0,0.0216692026997068,16721.349078453844,16366.695829010569
13877.0,1522411.15,1523138.1160180743,1528496.5058863808,1.0,0.0,0.13566874302563303,6085.355886380887,5358.389868306462
13118.0,1339109.2,1339109.2,1529012.53263319,2.0,0.0,0.0,189903.3326331901,189903.3326331901
13782.0,1508767.0,1509102.1532494433,1531480.635906871,0.0,1.0,0.01497658507834689,22713.635906870943,22378.482657427667
13888.0,1530892.35,1531481.4667691141,1531627.4667691141,0.0,0.0,4.035046363794819,735.1167691140436,146.0
13883.0,1530234.55,1531480.635906871,1531657.635906871,0.0,0.0,7.040033372151955,1423.085906870896,177.0
13884.0,1530345.05,1531480.6611530092,1531666.2125143267,1.0,0.0,6.1201984450325275,1321.1625143266283,185.5513613175135
13887.0,1530709.05,1531481.191884971,1531670.70657805,2.0,0.0,4.074311455359651,961.656578049995,189.51469307905063
13878.0,1522431.3,1523138.3685347352,1531682.0051188318,2.0,0.0,0.08275966888049588,9250.705118831713,8543.636584096588
13890.0,1531352.55,1531482.1286724377,1531763.1286724377,0.0,0.0,0.46113406561457576,410.5786724376958,281.0
13891.0,1531544.95,1531670.70657805,1531962.5215278862,0.0,0.0,0.4309463175917246,417.5715278862044,291.8149498361163
13889.0,1531025.6,1531481.7736736252,1532012.7736736252,0.0,0.0,0.8590841311207235,987.1736736251041,531.0
13892.0,1531647.65,1531670.7357358767,1532020.8529208,2.0,0.0,0.06593716867074512,373.20292080007493,350.11718492326327
13893.0,1531920.65,1531962.5215278862,1532308.561347282,1.0,2.0,0.12100205103375729,387.9113472821191,346.0398193958681
13894.0,1532157.25,1532157.25,1532365.25,0.0,0.0,0.0,208.0,208.0
13895.0,1532295.05,1532295.05,1532959.302715488,0.0,1.0,0.0,664.2527154879645,664.2527154879645
13896.0,1532786.45,1532786.45,1533157.45,0.0,0.0,0.0,371.0,371.0
13683.0,1466332.4,1466332.4,1533169.2517428007,2.0,1.0,0.0,66836.85174280079,66836.85174280079
13897.0,1533062.05,1533062.05,1534287.2974928054,0.0,0.0,0.0,1225.2474928053562,1225.2474928053562
13898.0,1533436.45,1533436.45,1537290.7017822033,0.0,1.0,0.0,3854.251782203326,3854.251782203326
13901.0,1537582.15,1537582.15,1539907.253595438,0.0,0.0,0.0,2325.1035954381805,2325.1035954381805
13911.0,1539415.8,1539908.8597975199,1540001.4051039193,2.0,0.0,5.327766655086361,585.6051039192826,92.54530639946461
13921.0,1539956.6,1540001.4051039193,1540058.3317609269,2.0,1.0,0.7870671891606127,101.7317609267775,56.92665700754151
13862.0,1518277.8,1518277.8,1540223.3587782742,1.0,0.0,0.0,21945.558778274106,21945.558778274106
13556.0,1410479.85,1410797.5362859082,1540280.6888277167,1.0,1.0,0.002453495143358701,129800.83882771665,129483.15254180855
13899.0,1535565.85,1537582.166622841,1540348.7705726316,0.0,5.0,0.728805661899514,4782.920572631527,2766.6039497905876
13922.0,1539971.55,1540001.4051039193,1540384.568174723,1.0,0.0,0.07791748786399763,413.01817472302355,383.163070803741
13915.0,1539576.35,1539910.3481407824,1540392.2931559382,2.0,0.0,0.693021258191539,815.943155938061,481.9450151557103
13903.0,1538778.15,1539907.299962631,1540447.299962631,0.0,0.0,2.091018449316767,1669.1499626310542,540.0
13902.0,1538406.35,1539907.253595438,1540796.829608147,0.0,0.0,1.6872123056324648,2390.4796081469394,889.5760127089452
13923.0,1540539.0,1540539.0,1540942.0,0.0,0.0,0.0,403.0,403.0
13908.0,1539105.1,1539908.0421223447,1541008.4192433506,2.0,0.0,0.7296972165421065,1903.319243350532,1100.3771210059058
13924.0,1540984.9,1540984.9,1541119.9,0.0,0.0,0.0,135.0,135.0
13913.0,1539515.25,1539909.5500276778,1541644.297912309,0.0,1.0,0.22729529240015509,2129.0479123089463,1734.747884631157
13917.0,1539661.5,1539911.2486075272,1541670.2232626737,2.0,0.0,0.1419853360572919,2008.7232626737095,1758.9746551464777
13932.0,1541697.3,1541697.3,1541802.7284561556,1.0,0.0,0.0,105.42845615558326,105.42845615558326
13120.0,1339187.85,1339187.85,1541934.5098142,2.0,0.0,0.0,202746.6598141999,202746.6598141999
13904.0,1538869.8,1539907.3809454925,1542080.7107339925,2.0,1.0,0.4774153241642278,3210.9107339924667,2173.3297884999774
13933.0,1542035.3,1542035.3,1542505.258950492,2.0,1.0,0.0,469.9589504918549,469.9589504918549
13925.0,1541233.85,1541233.85,1542545.0327642886,0.0,1.0,0.0,1311.1827642885037,1311.1827642885037
13936.0,1542151.65,1542488.328873639,1542577.4248846187,1.0,0.0,3.7788321826852904,425.77488461881876,89.09601097973064
13918.0,1539696.6,1539911.7226337157,1542664.1106224346,0.0,2.0,0.07815854254463332,2967.510622434551,2752.387988718925
13941.0,1542593.65,1542593.65,1542689.6018945607,2.0,0.0,0.0,95.9518945608288,95.9518945608288
13939.0,1542349.9,1542488.289838442,1542810.6968818193,3.0,0.0,0.429239501074764,460.7968818193767,322.40704337717034
13942.0,1542643.7,1542664.1106224346,1542880.503879309,0.0,1.0,0.09432189676108003,236.80387930897996,216.39325687428936
13944.0,1542960.25,1542960.25,1543073.6724849558,2.0,0.0,0.0,113.4224849557504,113.4224849557504
13920.0,1539774.6,1539912.8008151744,1543081.0612190259,1.0,0.0,0.043620409170363146,3306.461219025776,3168.260403851513
13906.0,1539039.45,1539907.6358249185,1543297.4050126395,2.0,0.0,0.25611945145512033,4257.955012639519,3389.769187720958
13943.0,1542749.65,1542749.65,1543350.4924807597,0.0,2.0,0.0,600.8424807598349,600.8424807598349
13919.0,1539736.25,1539912.2440040007,1543512.8313302032,1.0,0.0,0.04887924887140391,3776.5813302032184,3600.5873262025416
13916.0,1539621.2,1539910.7827071263,1543709.4374823726,0.0,1.0,0.07623296252490264,4088.2374823726714,3798.6547752462793
13912.0,1539460.0,1539909.20214607,1543808.6369709119,2.0,0.0,0.11519673138486233,4348.6369709118735,3899.4348248417955
13910.0,1539161.65,1539908.5565015974,1545930.0358648037,0.0,2.0,0.12404036558879451,6768.3858648038,6021.479363206308
13945.0,1543032.4,1543512.8313302032,1546590.175765059,2.0,0.0,0.15611880319982233,3557.77576505905,3077.3444348557387
13905.0,1538915.95,1539907.4937247147,1546712.8077881963,0.0,5.0,0.14570139092265727,7796.857788196299,6805.314063481521
13946.0,1543519.25,1546590.175765059,1546991.633352344,0.0,1.0,7.649440096094427,3472.3833523439243,401.4575872849673
13879.0,1525164.55,1525164.55,1547086.790786788,1.0,0.0,0.0,21922.240786788054,21922.240786788054
13841.0,1510562.3,1510736.7399016062,1547873.3939789082,2.0,0.0,0.004697243355394205,37311.093978908146,37136.654077301966
13948.0,1547817.7,1547817.7,1548855.1232407219,0.0,0.0,0.0,1037.4232407219242,1037.4232407219242
13914.0,1539574.4,1539909.9441484185,1548900.5563395475,0.0,5.0,0.0373216129541953,9326.156339547597,8990.61219112901
13951.0,1548909.7,1548909.7,1549031.4393311287,0.0,1.0,0.0,121.73933112877421,121.73933112877421
13950.0,1548521.0,1548855.1483714804,1549271.4898906192,2.0,0.0,0.8025823899850506,750.4898906191811,416.34151913877577
13949.0,1548152.45,1548855.1232407219,1549512.6585422927,0.0,0.0,1.0686471723165494,1360.2085422927048,657.5353015707806
13947.0,1543715.55,1546590.2095231514,1549516.625819939,1.0,0.0,0.9823139401960596,5801.075819938909,2926.41629678756
13952.0,1549038.4,1549271.4898906192,1549542.2215207398,1.0,1.0,0.8609629045390489,503.8215207399335,270.73163012065925
13766.0,1505941.45,1505941.45,1549571.1400668807,5.0,52.0,0.0,43629.69006688078,43629.69006688078
13848.0,1510562.95,1510741.6945404436,1550461.4833026174,1.0,0.0,0.0045001382437830795,39898.53330261749,39719.78876217385
13842.0,1510562.3,1510737.3739846915,1551291.901814923,2.0,0.0,0.0043170021711089485,40729.60181492288,40554.52783023147
13907.0,1539072.6,1539907.81466526,1551448.5538958453,2.0,0.0,0.07237098495791724,12375.953895845218,11540.739230585285
13618.0,1449376.5,1449376.5,1551561.865974619,1.0,0.0,0.0,102185.36597461905,102185.36597461905
13870.0,1520890.8,1523137.0751664436,1553162.1236547418,2.0,0.0,0.07481337348444252,32271.323654741747,30025.0484882982
13844.0,1510562.3,1510738.728458972,1554303.359140407,2.0,1.0,0.004049809586635311,43741.059140407015,43564.63068143511
13824.0,1510560.35,1510726.7116497722,1555695.3047715686,2.0,0.0,0.003699507550115381,45134.95477156853,44968.59312179638
13953.0,1549201.55,1549271.4898906192,1556432.942497972,0.0,1.0,0.009766159807763913,7231.392497971887,7161.452607352752
13837.0,1510561.65,1510734.5479035708,1556500.8388220037,2.0,0.0,0.0037778439130899464,45939.18882200378,45766.290918432875
13834.0,1510561.65,1510733.2127703393,1556991.081621134,3.0,0.0,0.0037088342935297247,46429.43162113405,46257.86885079462
13909.0,1539111.6,1539908.2837947707,1557972.525762992,0.0,2.0,0.04410280797678386,18860.925762991887,18064.241968221264
13828.0,1510561.0,1510731.9649694974,1558166.9117982627,2.0,0.0,0.0036041986115125336,47605.911798262736,47434.94682876533
13845.0,1510562.3,1510739.4329487446,1558942.2013041268,1.0,0.0,0.003674746384660673,48379.90130412672,48202.76835538214
13829.0,1510561.0,1510732.0117816913,1559020.1761905502,2.0,0.0,0.0035414844151741495,48459.176190550206,48288.164408858865
13843.0,1510562.3,1510738.0456597686,1559031.284741078,1.0,0.0,0.0036391358937984133,48468.98474107799,48293.23908130941
13854.0,1510562.95,1510746.767734781,1559199.958501771,1.0,0.0,0.0037937178516256587,48637.00850177114,48453.190766990185
13856.0,1510563.6,1510748.624312148,1560372.3633231279,1.0,0.0,0.0037285443587177433,49808.76332312776,49623.73901097989
13624.0,1456661.7,1456661.7,1560786.8397893503,1.0,0.0,0.0,104125.13978935033,104125.13978935033
13836.0,1510561.65,1510734.0685577027,1561197.8484852926,2.0,0.0,0.003416679407491839,50636.19848529273,50463.77992758993
13872.0,1520897.3,1523137.1762072167,1561771.329262074,0.0,1.0,0.05797658367290202,40874.02926207404,38634.153054857394
13900.0,1537201.9,1537582.2194178721,1562518.7432288025,1.0,1.0,0.015251501001335621,25316.84322880255,24936.523810930317
13838.0,1510561.65,1510735.0610163817,1562834.2637129226,2.0,1.0,0.0033284773548621894,52272.61371292267,52099.20269654086
13852.0,1510562.95,1510744.994684839,1563467.703657046,2.0,1.0,0.0034528704686804836,52904.75365704601,52722.70897220704
13818.0,1510559.05,1510720.6722984973,1563506.8530770815,2.0,1.0,0.0030618297462204824,52947.80307708145,52786.18077858421
13938.0,1542221.2,1542488.477159477,1564371.9167708713,2.0,0.0,0.012213672266491117,22150.71677087131,21883.43961139419
13839.0,1510561.65,1510735.6052780584,1564516.0523905016,2.0,0.0,0.0032345450325995595,53954.402390501695,53780.44711244316
13882.0,1528837.7,1529012.608098678,1565325.859363214,1.0,0.0,0.004816646612112143,36488.15936321416,36313.251264536055
13830.0,1510561.0,1510732.1709205154,1565415.2634899386,1.0,1.0,0.0031302348216338026,54854.263489938574,54683.09256942314
13874.0,1521811.2,1523137.4661421601,1566904.570917259,0.0,1.0,0.030302807301860663,45093.37091725902,43767.10477509885
13840.0,1510561.65,1510736.154597756,1566959.158013214,2.0,0.0,0.0031037935925725055,56397.508013213985,56223.003415457904
13559.0,1410565.0,1410798.502066069,1567216.4188093222,2.0,0.0,0.0014928089500918478,156651.41880932217,156417.91674325312
13873.0,1521581.1,1523137.311522092,1567466.7120897698,0.0,7.0,0.03510562972120516,45885.61208976968,44329.4005676778
13806.0,1510192.45,1510240.7173093096,1568120.3019382134,1.0,0.0,0.0008339263251308521,57927.851938213455,57879.58462890377
13833.0,1510561.0,1510732.8123826887,1568740.0752918557,2.0,0.0,0.002961911561967425,58179.07529185573,58007.26290916698
13937.0,1542188.05,1542488.3967523456,1569614.7666629425,1.0,0.0,0.011072132147996405,27426.716662942432,27126.36991059687
13814.0,1510558.4,1510719.77088907,1570119.3144021826,2.0,0.0,0.0027167025119368944,59560.91440218268,59399.5435131127
13853.0,1510562.95,1510745.874892186,1570277.171609215,0.0,1.0,0.003072751683126504,59714.22160921502,59531.296717029065
13831.0,1510561.0,1510732.4295623896,1573263.7061819523,2.0,1.0,0.002741501080052902,62702.706181952264,62531.27661956265
13954.0,1554003.1,1554003.1,1573293.1135236179,3.0,0.0,0.0,19290.01352361776,19290.01352361776
13658.0,1460501.25,1460501.25,1573561.3842407642,2.0,0.0,0.0,113060.1342407642,113060.1342407642
13205.0,1353675.7,1353675.7,1575291.5203662207,1.0,0.0,0.0,221615.82036622078,221615.82036622078
13815.0,1510558.4,1510719.9551811873,1575367.4486711733,1.0,0.0,0.002499016937329051,64809.0486711734,64647.49348998605
13959.0,1575712.45,1575712.45,1575772.45,0.0,0.0,0.0,60.0,60.0
13960.0,1575752.75,1575772.45,1575832.45,0.0,0.0,0.3283333333325572,79.69999999995343,60.0
13881.0,1528817.55,1529012.549194691,1577828.9394110197,0.0,1.0,0.003994543509399678,49011.38941101963,48816.39021632867
13823.0,1510559.7,1510726.6678133027,1577961.6660215864,2.0,0.0,0.002483346735364255,67401.96602158644,67234.99820828368
13930.0,1541525.7,1541644.992754511,1578079.384007011,2.0,0.0,0.0032741799824343326,36553.68400701112,36434.391252500005
13557.0,1410483.75,1410797.8201124084,1578285.6206742744,1.0,0.0,0.0018751820213458567,167801.8706742744,167487.80056186602
13928.0,1541473.7,1541644.5575467725,1578461.0310065185,3.0,0.0,0.00464079067647219,36987.331006518565,36816.47345974599
13779.0,1507925.9,1509102.1532494433,1579915.7460034897,0.0,1.0,0.016610557432508683,71989.8460034898,70813.59275404643
13778.0,1507922.0,1509102.1532494433,1579916.1733678232,0.0,1.0,0.01666553102719505,71994.17336782324,70814.02011837997
13776.0,1507913.55,1509102.1532494433,1579932.7852970914,0.0,1.0,0.016780921122426955,72019.2352970913,70830.63204764808
13777.0,1507918.1,1509102.1532494433,1579937.838974824,0.0,1.0,0.016715490749021327,72019.73897482385,70835.68572538067
13868.0,1519419.85,1519536.8724800085,1580972.3532779424,2.0,6.0,0.0019048028677975406,61552.503277942305,61435.48079793388
13956.0,1561438.45,1561643.2701124267,1581768.2815846791,2.0,0.0,0.010177391089151087,20329.831584679196,20125.01147225243
13691.0,1466728.9,1466728.9,1581924.896675137,3.0,1.0,0.0,115195.9966751372,115195.9966751372
13869.0,1520887.55,1520887.55,1582252.1446080403,0.0,2.0,0.0,61364.594608040294,61364.594608040294
13690.0,1466641.15,1466641.15,1582291.408040274,3.0,1.0,0.0,115650.25804027403,115650.25804027403
13929.0,1541504.25,1541644.7725169996,1582338.4605163343,2.0,1.0,0.0034531772348066385,40834.21051633428,40693.68799933465
13688.0,1466611.9,1466611.9,1583057.6673240855,2.0,1.0,0.0,116445.76732408558,116445.76732408558
13693.0,1466760.1,1466760.1,1583234.4207515742,3.0,3.0,0.0,116474.32075157412,116474.32075157412
13694.0,1466780.25,1466780.25,1584599.987364654,2.0,1.0,0.0,117819.73736465396,117819.73736465396
13958.0,1570154.3,1570154.3,1585213.4337822578,1.0,0.0,0.0,15059.133782257792,15059.133782257792
13965.0,1585626.9,1585626.9,1585681.9059061233,2.0,0.0,0.0,55.005906123435125,55.005906123435125
13966.0,1585659.4,1585681.9059061233,1585785.9059061233,0.0,0.0,0.2164029434945685,126.50590612343512,104.0
13967.0,1585728.95,1585785.9059061233,1585922.9936376417,1.0,0.0,0.41547048370100415,194.04363764170557,137.087731518317
13968.0,1585835.55,1585922.9936376417,1586051.153883472,1.0,1.0,0.6822992346418613,215.60388347203843,128.160245830426
13969.0,1586313.95,1586313.95,1586490.95,0.0,0.0,0.0,177.0,177.0
13970.0,1588007.85,1588007.85,1588141.2316877416,2.0,0.0,0.0,133.3816877414938,133.3816877414938
13971.0,1588195.05,1588195.05,1588338.8946459298,2.0,1.0,0.0,143.84464592975564,143.84464592975564
13972.0,1588341.3,1588341.3,1588480.9024864426,2.0,0.0,0.0,139.6024864425417,139.6024864425417
13871.0,1520894.05,1523137.006377147,1588696.3929192743,0.0,1.0,0.034212589462009634,67802.34291927423,65559.38654212723
13973.0,1588590.9,1588590.9,1588750.199979886,1.0,0.0,0.0,159.2999798860401,159.2999798860401
13964.0,1581941.4,1581941.4,1597847.706073832,1.0,0.0,0.0,15906.306073832093,15906.306073832093
13980.0,1589476.85,1597848.3420387718,1597932.3420387718,0.0,0.0,99.66061950918741,8455.492038771743,84.0
13977.0,1589039.4,1597847.8932796945,1598024.491034644,2.0,0.0,49.87885198322543,8985.09103464405,176.59775494947098
13975.0,1588780.05,1597847.7314213489,1598024.7314213489,0.0,0.0,51.229838538693926,9244.681421348825,177.0
13978.0,1589198.0,1597848.0176487763,1598050.0176487763,0.0,0.0,42.8218695483975,8852.017648776295,202.0
13974.0,1588677.35,1597847.706073832,1598057.706073832,0.0,0.0,43.66836225634241,9380.356073831907,210.0
13979.0,1589384.55,1597848.1714149946,1598062.2523297833,2.0,1.0,39.53468445961368,8677.702329783235,214.08091478864662
13976.0,1588923.05,1597847.7997987133,1598066.7997987133,0.0,0.0,40.75228218590526,9143.749798713252,219.0
13981.0,1589530.8,1597848.5568872925,1599895.5933884815,0.0,2.0,4.063316351448167,10364.793388481485,2047.0365011889953
13861.0,1512376.45,1512730.5034796733,1600292.5840705645,25.0,73.0,0.004043456679924666,87916.13407056453,87562.08059089119
13414.0,1395449.25,1395449.25,1602451.7325287417,0.0,2.0,0.0,207002.4825287417,207002.4825287417
13208.0,1353733.55,1353733.55,1606333.55,0.0,0.0,0.0,252600.0,252600.0
13816.0,1510559.05,1510720.1749975746,1609637.541819402,0.0,2.0,0.0016288848232770478,99078.49181940197,98917.36682182737
13811.0,1510558.4,1510719.2961703911,1610126.1170024406,0.0,1.0,0.0016185626805536207,99567.71700244071,99406.82083204947
13962.0,1577210.05,1578079.4355643645,1610440.7723582725,1.0,2.0,0.026864945966266644,33230.72235827241,32361.336793907918
13855.0,1510563.6,1510747.6923434525,1612689.9136699364,0.0,1.0,0.0018058498339250987,102126.31366993627,101942.22132648388
13817.0,1510559.05,1510720.4188655834,1612902.818660346,0.0,2.0,0.0015792236814504295,102343.76866034605,102182.39979476272
13849.0,1510562.95,1510742.5029238053,1612993.454938157,0.0,1.0,0.0017560024651908524,102430.50493815704,102250.95201435173
13957.0,1561643.2,1561643.2,1613012.8802379123,1.0,2.0,0.0,51369.68023791234,51369.68023791234
13850.0,1510562.95,1510743.320430312,1613569.6899953235,1.0,2.0,0.0017541262136856939,103006.73999532359,102826.36956501147
13885.0,1530601.8,1531480.8119467308,1613942.732764239,1.0,4.0,0.01065961037550985,83340.93276423891,82461.92081750813
13886.0,1530610.25,1531480.988884309,1614285.9722399344,1.0,3.0,0.010515537217965287,83675.72223993437,82804.9833556253
13851.0,1510562.95,1510744.1485540236,1614366.8788914082,1.0,1.0,0.001748637132351863,103803.92889140826,103622.73033738462
13827.0,1510561.0,1510726.990616257,1615913.5860900038,1.0,1.0,0.001578058644349781,105352.58609000384,105186.59547374677
13812.0,1510558.4,1510719.427925331,1616328.3067656856,1.0,2.0,0.0015247574550485115,105769.90676568565,105608.8788403545
13807.0,1510553.85,1510719.0600948154,1616588.276701669,1.0,1.0,0.0015605111675555548,106034.42670166888,105869.21660685353
13931.0,1541549.1,1541645.2467480702,1616685.85227884,1.0,3.0,0.001281262956103349,75136.75227883994,75040.6055307698
13935.0,1542090.55,1542488.289838442,1616843.094963327,1.0,1.0,0.005349214993893539,74752.544963327,74354.80512488494
13846.0,1510562.3,1510740.1508620162,1616874.5810319427,1.0,1.0,0.001675713166137085,106312.2810319427,106134.43016992649
13934.0,1542063.25,1542080.7107339925,1616979.7605301242,1.0,1.0,0.00023312357152780686,74916.51053012419,74899.04979613167
13808.0,1510557.75,1510719.0600948154,1617323.6765175334,1.0,0.0,0.0015131623772820981,106765.92651753337,106604.61642271793
13927.0,1541467.85,1541644.3914821872,1617819.801947383,1.0,3.0,0.002317565223593644,76351.95194738288,76175.41046519578
13835.0,1510561.65,1510733.6369470668,1617857.2412855611,1.0,1.0,0.0016055000028135386,107295.59128556121,107123.60433849436
13820.0,1510559.7,1510721.228506146,1617869.1834369837,1.0,2.0,0.0015075276635033252,107309.48343698378,107147.95493083773
13926.0,1541437.95,1541644.297912309,1618099.6296840527,1.0,3.0,0.0026989342342407397,76661.67968405271,76455.33177174372
13825.0,1510560.35,1510726.6678133027,1618198.5504023037,1.0,0.0,0.001547547221617616,107638.2004023036,107471.88258900098
13813.0,1510558.4,1510719.5940044972,1618326.0022949947,1.0,2.0,0.0014979963280820025,107767.60229499475,107606.4082904975
13809.0,1510557.75,1510719.0934257202,1618467.2958241447,1.0,1.0,0.0014974117630624229,107909.54582414473,107748.2023984245
13985.0,1619129.85,1619129.85,1619233.85,0.0,0.0,0.0,104.0,104.0
13986.0,1619345.0,1619345.0,1619437.41732966,2.0,0.0,0.0,92.41732965991832,92.41732965991832
13987.0,1619387.25,1619387.25,1619493.2614883399,1.0,0.0,0.0,106.01148833986372,106.01148833986372
13810.0,1510557.75,1510719.1715588965,1619932.1774274837,1.0,2.0,0.0014780433668383707,109374.42742748372,109213.00586858718
13847.0,1510562.3,1510740.8994942023,1621566.739255086,1.0,2.0,0.0016115329654856584,111004.439255086,110825.83976088371
13984.0,1613213.55,1613213.55,1622297.7689940801,2.0,1.0,0.0,9084.218994080089,9084.218994080089
13821.0,1510559.7,1510721.5583667948,1622671.473249668,1.0,1.0,0.0014458105391525074,112111.77324966807,111949.91488287318
13832.0,1510561.0,1510731.9649694974,1622906.0165849116,1.0,0.0,0.0015241044344511667,112345.01658491162,112174.05161541421
13698.0,1466978.5,1466978.5,1624254.379174827,3.0,3.0,0.0,157275.8791748269,157275.8791748269
13822.0,1510559.7,1510721.9222833153,1624394.6177727338,1.0,2.0,0.001427099820382812,113834.91777273384,113672.69548941846
13826.0,1510560.35,1510726.82855684,1624478.9967577492,1.0,1.0,0.0014635198561309837,113918.64675774914,113752.16820090916
13983.0,1593779.85,1597849.0609212772,1625410.0978755704,2.0,1.0,0.14764360746024785,31630.24787557032,27561.03695429326
13819.0,1510559.05,1510720.9339173476,1625460.2776198124,1.0,1.0,0.001410884114583361,114901.22761981236,114739.34370246483
13940.0,1542421.4,1542488.56530199,1626053.2529466024,1.0,3.0,0.0008037522054248594,83631.8529466025,83564.68764461251
13961.0,1576722.55,1578079.384007011,1627518.1396663398,10.0,24.0,0.02744474428848215,50795.5896663398,49438.75565932877
13988.0,1619456.8,1619456.8,1630258.2341245913,1.0,1.0,0.0,10801.434124591295,10801.434124591295
13774.0,1507086.1,1507086.1,1630636.8080760331,1.0,0.0,0.0,123550.70807603304,123550.70807603304
13992.0,1630845.45,1630845.45,1631018.103079205,2.0,0.0,0.0,172.6530792049598,172.6530792049598
13994.0,1632469.8,1632469.8,1632550.4420132155,2.0,0.0,0.0,80.64201321545988,80.64201321545988
13995.0,1632485.4,1632485.4,1632569.7730770684,2.0,0.0,0.0,84.37307706847787,84.37307706847787
13996.0,1632485.4,1632485.4,1632572.0634262722,1.0,0.0,0.0,86.66342627233826,86.66342627233826
13999.0,1632528.3,1632528.3,1632581.6346103244,1.0,0.0,0.0,53.33461032435298,53.33461032435298
13997.0,1632500.35,1632500.35,1632606.5734656425,1.0,1.0,0.0,106.22346564242616,106.22346564242616
14003.0,1632567.95,1632567.95,1632614.1959104415,1.0,0.0,0.0,46.24591044150293,46.24591044150293
13998.0,1632515.3,1632515.3,1632619.1321274962,2.0,0.0,0.0,103.83212749613449,103.83212749613449
14004.0,1632576.4,1632576.4,1632622.141833495,1.0,0.0,0.0,45.741833495208994,45.741833495208994
14000.0,1632547.8,1632547.8,1632627.533752874,1.0,0.0,0.0,79.73375287395902,79.73375287395902
14001.0,1632558.2,1632558.2,1632649.413906565,1.0,0.0,0.0,91.21390656498261,91.21390656498261
14002.0,1632567.95,1632567.95,1632652.1827848766,2.0,0.0,0.0,84.23278487659991,84.23278487659991
14008.0,1632612.8,1632612.8,1632661.7448557094,1.0,0.0,0.0,48.944855709327385,48.944855709327385
14005.0,1632584.2,1632584.2,1632671.7948288776,2.0,1.0,0.0,87.59482887759805,87.59482887759805
14006.0,1632593.3,1632593.3,1632673.4562589903,2.0,0.0,0.0,80.15625899028964,80.15625899028964
14011.0,1632625.15,1632625.15,1632682.811138109,1.0,0.0,0.0,57.66113810916431,57.66113810916431
14013.0,1632658.3,1632658.3,1632704.641969599,1.0,0.0,0.0,46.34196959901601,46.34196959901601
14014.0,1632662.85,1632662.85,1632722.0925178186,1.0,0.0,0.0,59.242517818463966,59.242517818463966
14007.0,1632603.7,1632603.7,1632724.2174690033,0.0,1.0,0.0,120.51746900333092,120.51746900333092
14015.0,1632671.3,1632671.3,1632733.114156118,1.0,0.0,0.0,61.81415611784905,61.81415611784905
14010.0,1632623.85,1632623.85,1632736.4910263484,1.0,1.0,0.0,112.64102634834126,112.64102634834126
14012.0,1632650.5,1632650.5,1632737.5154066307,2.0,0.0,0.0,87.01540663070045,87.01540663070045
14016.0,1632707.05,1632707.05,1632749.2684365804,1.0,0.0,0.0,42.21843658038415,42.21843658038415
14009.0,1632623.85,1632623.85,1632763.2924561922,0.0,3.0,0.0,139.44245619210415,139.44245619210415
14017.0,1632714.85,1632714.85,1632767.570076542,1.0,0.0,0.0,52.72007654188201,52.72007654188201
14019.0,1632735.65,1632735.65,1632769.218460755,1.0,0.0,0.0,33.56846075505018,33.56846075505018
14018.0,1632731.1,1632731.1,1632778.7417321294,1.0,0.0,0.0,47.64173212926835,47.64173212926835
14020.0,1632744.75,1632744.75,1632789.5894399593,1.0,0.0,0.0,44.83943995926529,44.83943995926529
14021.0,1632747.35,1632747.35,1632805.98765703,1.0,0.0,0.0,58.63765703001991,58.63765703001991
14022.0,1632747.35,1632747.35,1632832.6014363032,2.0,0.0,0.0,85.25143630313687,85.25143630313687
14023.0,1632772.7,1632772.7,1632833.8152282685,1.0,0.0,0.0,61.11522826855071,61.11522826855071
14024.0,1632798.05,1632798.05,1632855.7220433368,1.0,0.0,0.0,57.67204333678819,57.67204333678819
14025.0,1632820.15,1632820.15,1632894.9606116747,2.0,0.0,0.0,74.81061167479493,74.81061167479493
14026.0,1632844.2,1632844.2,1632898.3707036595,1.0,0.0,0.0,54.17070365953259,54.17070365953259
14027.0,1632864.35,1632864.35,1632919.0188524695,1.0,0.0,0.0,54.6688524694182,54.6688524694182
14028.0,1632886.45,1632886.45,1632932.907953046,1.0,0.0,0.0,46.457953046076,46.457953046076
14029.0,1632894.25,1632894.25,1632942.72846924,1.0,0.0,0.0,48.47846924001351,48.47846924001351
14030.0,1632905.3,1632905.3,1632948.1870734864,1.0,0.0,0.0,42.88707348634489,42.88707348634489
14031.0,1632908.55,1632908.55,1632955.4839628616,1.0,0.0,0.0,46.93396286154166,46.93396286154166
14033.0,1632928.05,1632928.05,1632975.7289775128,1.0,0.0,0.0,47.6789775127545,47.6789775127545
14032.0,1632917.65,1632917.65,1633009.9864520407,2.0,1.0,0.0,92.33645204082131,92.33645204082131
14036.0,1632972.25,1632972.25,1633023.8057299366,1.0,0.0,0.0,51.55572993657552,51.55572993657552
14034.0,1632939.75,1632939.75,1633041.7331244133,1.0,2.0,0.0,101.98312441329472,101.98312441329472
14037.0,1632987.85,1632987.85,1633045.6333293011,1.0,0.0,0.0,57.78332930104807,57.78332930104807
14035.0,1632951.45,1632951.45,1633047.440300527,2.0,1.0,0.0,95.9903005270753,95.9903005270753
14038.0,1633015.15,1633015.15,1633070.7406887545,1.0,0.0,0.0,55.5906887545716,55.5906887545716
14039.0,1633034.65,1633034.65,1633099.7239621019,1.0,0.0,0.0,65.07396210194565,65.07396210194565
14041.0,1633087.3,1633087.3,1633138.6020043143,1.0,0.0,0.0,51.30200431426056,51.30200431426056
14040.0,1633053.5,1633053.5,1633149.7048778625,2.0,0.0,0.0,96.20487786247395,96.20487786247395
14042.0,1633105.5,1633105.5,1633152.046207027,1.0,0.0,0.0,46.54620702704415,46.54620702704415
14076.0,1633754.85,1635462.6849611993,1635561.6849611993,0.0,0.0,17.25085819393133,1806.8349611992016,99.0
14095.0,1633874.45,1635486.3197298471,1635619.2038938378,1.0,1.0,12.12988576999287,1744.7538938377984,132.8841639906168
14078.0,1633767.85,1635464.491082853,1635638.3024610763,0.0,1.0,9.761392494526921,1870.4524610762019,173.81137822335586
14099.0,1633941.4,1635562.206831141,1635717.3451534125,1.0,0.0,10.447494902665316,1775.945153412642,155.13832227163948
14100.0,1634022.65,1635562.9125297477,1635752.1044852627,0.0,1.0,8.141268615546796,1729.4544852627441,189.19195551495068
14050.0,1633581.3,1635450.2648126779,1635873.315561057,1.0,0.0,4.4178265133396435,2292.015561057022,423.05074837920256
14057.0,1633628.1,1635451.6066639926,1636020.5085373071,2.0,0.0,3.205309649216782,2392.4085373070557,568.9018733145203
13963.0,1577384.9,1578079.510079096,1636063.2794958565,2.0,1.0,0.011979388130213297,58678.379495856585,57983.76941676042
13989.0,1622050.3,1622050.3,1638981.6443542985,2.0,0.0,0.0,16931.34435429843,16931.34435429843
14065.0,1633681.4,1635454.9529520057,1640327.750136909,0.0,1.0,0.36397019713861073,6646.350136909168,4872.7971849034075
13783.0,1508851.5,1509102.1952994445,1640466.4877138855,1.0,1.0,0.0019083975929590448,131614.9877138855,131364.292414441
14075.0,1633748.35,1635461.8379623797,1640588.0173623601,0.0,1.0,0.3342621919135557,6839.667362360051,5126.179399980465
14101.0,1634098.7,1635619.2038938378,1641266.6995498613,0.0,2.0,0.2692350709851473,7167.999549861299,5647.4956560235005
13955.0,1554999.55,1561643.2114963236,1646268.2385389574,2.0,0.0,0.0785070531555219,91268.68853895739,84625.02704263385
13993.0,1630916.95,1631018.103079205,1647989.0422190675,0.0,1.0,0.005960370158146656,17072.092219067505,16970.939139862545
14061.0,1633654.75,1635453.091015143,1648567.0428180895,2.0,0.0,0.13713189145159452,14912.292818089481,13113.951802946394
14064.0,1633674.9,1635454.4550119317,1648888.0089256624,2.0,0.0,0.13247090258914238,15213.10892566247,13433.553913730662
14054.0,1633607.95,1635450.8563673326,1650648.2116715831,1.0,1.0,0.12126493922381605,17040.26167158317,15197.355304250494
14071.0,1633721.7,1635458.7314813244,1654206.442943818,2.0,0.0,0.09265298779531303,20484.742943817982,18747.71146249352
14105.0,1637982.45,1638981.6443542985,1654661.4110798563,1.0,0.0,0.06372507778893471,16678.96107985638,15679.766725557856
14123.0,1651382.2,1654207.1706250536,1657476.850277783,2.0,1.0,0.8639900311626347,6094.650277783163,3269.6796527295373
13689.0,1466621.0,1466621.0,1657502.6387858547,3.0,0.0,0.0,190881.63878585468,190881.63878585468
14117.0,1651282.75,1654206.442943818,1658411.379778206,1.0,0.0,0.6953000862956683,7128.629778206116,4204.93683438818
13685.0,1466396.1,1466396.1,1658730.3778721269,2.0,0.0,0.0,192334.27787212678,192334.27787212678
14058.0,1633634.6,1635451.9371255105,1660068.091775561,1.0,1.0,0.07382701121869652,26433.49177556089,24616.15465005045
13701.0,1467107.85,1467107.85,1660116.7046310338,2.0,0.0,0.0,193008.85463103373,193008.85463103373
14119.0,1651310.7,1654206.4803983865,1661021.557586916,1.0,2.0,0.4249079384251759,9710.85758691607,6815.07718852954
14056.0,1633621.6,1635451.3197421078,1661176.8770609167,2.0,0.0,0.07112459098290905,27555.277060916647,25725.557318808977
14124.0,1651391.95,1654207.5747617197,1661756.9151101161,0.0,3.0,0.37296301819506483,10364.965110116173,7549.34034839645
13625.0,1456682.5,1456682.5,1661934.6336646613,2.0,0.0,0.0,205252.13366466132,205252.13366466132
13700.0,1467004.5,1467004.5,1662882.2175841434,2.0,0.0,0.0,195877.7175841434,195877.7175841434
13684.0,1466349.95,1466349.95,1663414.0440039767,2.0,0.0,0.0,197064.0940039768,197064.0940039768
13651.0,1460358.25,1460358.25,1665150.1868399698,1.0,0.0,0.0,204791.93683996983,204791.93683996983
13702.0,1467129.95,1467129.95,1667947.9789885774,1.0,0.0,0.0,200818.02898857743,200818.02898857743
14063.0,1633668.4,1635453.969701685,1668000.1088074173,0.0,1.0,0.05486271953439214,34331.708807417424,32546.13910573232
14086.0,1633814.65,1635473.5865989467,1668766.055238905,0.0,1.0,0.049829185600124656,34951.40523890499,33292.468639958184
14060.0,1633648.25,1635452.6816667109,1669419.3767768876,0.0,1.0,0.053123557086078056,35771.12677688757,33966.69511017669
14059.0,1633641.1,1635452.290990472,1669783.525246226,0.0,1.0,0.05275636107281589,36142.4252462259,34331.23425575392
13692.0,1466756.2,1466756.2,1669995.1561848829,2.0,0.0,0.0,203238.9561848829,203238.9561848829
14051.0,1633588.45,1635450.3528976387,1670818.3603376443,2.0,0.0,0.052643703516435256,37229.910337644396,35368.00744000566
14074.0,1633741.2,1635461.035214674,1671254.7413222399,0.0,1.0,0.048048537066981076,37513.54132223991,35793.7061075659
14102.0,1634226.1,1635717.3451534125,1673722.7658094594,2.0,5.0,0.039237696298861834,39496.665809459286,38005.42065604683
14053.0,1633601.45,1635450.657672557,1673840.4865864837,0.0,1.0,0.04816920848236084,40239.03658648371,38389.82891392661
14092.0,1633854.3,1635481.805427008,1673864.570854718,1.0,1.0,0.04240198455927485,40010.27085471805,38382.76542771002
13880.0,1527543.55,1529012.53263319,1674003.3997581464,2.0,0.0,0.01013155285100816,146459.84975814633,144990.86712495633
13697.0,1466958.35,1466958.35,1674476.5841972926,2.0,0.0,0.0,207518.23419729248,207518.23419729248
14097.0,1633880.95,1635561.7696782397,1677126.0680536905,1.0,1.0,0.04043902444970667,43245.11805369053,41564.29837545077
14116.0,1649523.2,1649523.2,1677283.4326323196,1.0,1.0,0.0,27760.232632319676,27760.232632319676
14103.0,1634290.45,1636063.2794958565,1679578.6125853714,2.0,0.0,0.04074034070265927,45288.16258537141,43515.33308951487
14077.0,1633761.35,1635463.580542603,1679713.1580355095,1.0,0.0,0.03846885414614023,45951.80803550943,44249.57749290648
13703.0,1467134.5,1467134.5,1679716.9347441085,2.0,0.0,0.0,212582.43474410847,212582.43474410847
14069.0,1633708.05,1635457.3077887837,1680332.9659183049,2.0,0.0,0.038980103283051334,46624.91591830482,44875.65812952118
14055.0,1633614.45,1635451.0648392849,1681880.6266917437,1.0,1.0,0.03955701423849745,48266.17669174378,46429.561852458864
14088.0,1633827.65,1635476.162820765,1682345.3905724345,1.0,1.0,0.03517260470984448,48517.74057243462,46869.227751669474
14070.0,1633714.55,1635457.9978592307,1684848.0190458556,1.0,1.0,0.035299597314261126,51133.46904585557,49390.02118662489
14052.0,1633594.95,1635450.481793359,1685180.4437488143,0.0,1.0,0.037312149866935845,51585.49374881433,49729.961955455365
13991.0,1622275.85,1622297.7689940801,1686335.9594935705,5.0,24.0,0.0003422800349147421,64060.1094935704,64038.19049949036
14072.0,1633728.2,1635459.4853384432,1686621.2900741803,1.0,0.0,0.03383941100955561,52893.09007418039,51161.804735737154
14087.0,1633821.15,1635474.8713585245,1687963.87138319,1.0,2.0,0.031506055702099994,54142.721383190015,52489.00002466538
14084.0,1633801.0,1635471.0766780311,1688042.8154707924,2.0,1.0,0.031767575438480314,54241.81547079235,52571.73879276123
13704.0,1467154.0,1467154.0,1688848.4717872082,2.0,0.0,0.0,221694.47178720823,221694.47178720823
14115.0,1645284.55,1646268.2385389574,1689540.2983154207,1.0,0.0,0.022732648827880352,44255.7483154207,43272.05977646331
14049.0,1633574.8,1635450.173079205,1691009.496602382,0.0,1.0,0.03375442608516648,57434.696602382,55559.32352317707
13687.0,1466572.25,1466572.25,1691094.9876956113,1.0,0.0,0.0,224522.73769561131,224522.73769561131
14121.0,1651342.55,1654206.6433068148,1691748.5587202634,1.0,2.0,0.07629054818521024,40406.00872026337,37541.91541344859
14122.0,1651350.35,1654206.8449703245,1691777.0952082186,1.0,2.0,0.07603076775473107,40426.74520821846,37570.25023789401
14120.0,1651330.2,1654206.556648153,1694252.1142608575,1.0,2.0,0.07182710941302121,42921.914260857506,40045.557612704346
13990.0,1622185.5,1622297.790906429,1695465.3705756336,1.0,1.0,0.0015347084998127934,73279.8705756336,73167.57966920454
14062.0,1633661.25,1635453.5054625468,1695681.759121922,0.0,1.0,0.029757719237271076,62020.50912192208,60228.253659375245
14083.0,1633794.5,1635469.885505966,1696541.6579265227,0.0,2.0,0.027433058507435364,62747.15792652266,61071.77242055675
14111.0,1644909.5,1646268.2385389574,1697115.536536054,1.0,0.0,0.02672194182343808,52206.03653605399,50847.29799709655
14098.0,1633887.45,1635561.6849611993,1698097.438638921,0.0,0.0,0.026772443965855465,64209.98863892094,62535.7536777216
14127.0,1676720.5,1677126.3077089656,1699352.6781057885,1.0,0.0,0.018257938733155517,22632.17810578854,22226.370396822924
14130.0,1678140.75,1679578.6125853714,1700645.012212372,3.0,0.0,0.06825383600567743,22504.26221237192,21066.39962700056
14093.0,1633860.8,1635483.282685887,1702620.8984942334,0.0,1.0,0.024166522244677635,68760.09849423333,67137.61580834631
13773.0,1507077.0,1507077.0,1704592.086355067,4.0,7.0,0.0,197515.0863550671,197515.0863550671
14108.0,1644817.2,1646268.2385389574,1706099.7905453632,1.0,1.0,0.024252062503779395,61282.59054536326,59831.55200640578
13982.0,1590460.3,1597848.7992133035,1706721.9587716793,0.0,2.0,0.06786336727319701,116261.65877167927,108873.15955837583
14125.0,1652467.7,1654208.024131277,1709632.2778292696,2.0,0.0,0.03140004628226851,57164.57782926969,55424.253697992535
14090.0,1633841.3,1635478.91512702,1710420.6009123654,0.0,1.0,0.02185185867996958,76579.30091236532,74941.68578534527
14089.0,1633834.15,1635477.4976107532,1710654.104498886,0.0,1.0,0.021859826863410564,76819.95449888613,75176.60688813287
14138.0,1695990.4,1699352.6781057885,1712767.2498321861,1.0,0.0,0.25064371598030494,16776.849832186243,13414.571726397611
14136.0,1693834.35,1695465.3705756336,1716694.0650491314,2.0,0.0,0.07683094114288065,22859.715049131308,21228.694473497802
14134.0,1693805.1,1693805.1,1716809.4079285767,1.0,0.0,0.0,23004.3079285766,23004.3079285766
14085.0,1633808.15,1635472.3112012756,1717221.658754324,0.0,1.0,0.020356874410474655,83413.50875432417,81749.34755304852
14144.0,1711817.9,1712767.2498321861,1718241.2498321861,0.0,0.0,0.1734289061355942,6423.349832186243,5474.0
14096.0,1633874.45,1635560.0088459821,1718968.6614432859,0.0,1.0,0.020208441132840885,85094.21144328592,83408.65259730374
14128.0,1676764.05,1677126.6764931062,1720597.0515046867,4.0,0.0,0.008341922355386321,43833.00150468666,43470.37501158053
14143.0,1711674.9,1712767.2498321861,1721571.2176262052,0.0,1.0,0.12407471923379021,9896.317626205273,8803.96779401903
14066.0,1633687.9,1635455.4844506248,1722391.6911404042,0.0,1.0,0.02033197119966689,88703.7911404043,86936.20668977941
14159.0,1715494.95,1716535.4092162473,1725844.4092162473,0.0,0.0,0.11176917136613092,10349.459216247313,9309.0
14162.0,1715725.7,1716536.713370103,1726648.5157946798,1.0,1.0,0.08020462980287216,10922.815794679802,10111.802424576832
13859.0,1511946.15,1512730.1910300967,1727213.0114719425,2.0,18.0,0.00365549571048001,215266.86147194263,214482.8204418458
13775.0,1507093.25,1509102.1532494433,1727831.4138621772,3.0,0.0,0.009184428474798778,220738.16386217717,218729.2606127339
14135.0,1693818.75,1695465.3705756336,1728007.5395909103,2.0,0.0,0.050599595093388,34188.78959091031,32542.16901527671
13857.0,1511782.35,1511782.35,1728440.7184550504,2.0,13.0,0.0,216658.36845505028,216658.36845505028
14137.0,1693849.95,1695465.4105202323,1730764.0693592553,1.0,0.0,0.04576549289307342,36914.1193592553,35298.65883902297
14048.0,1633568.3,1635450.173079205,1732088.0792513462,0.0,1.0,0.019473446329153172,98519.77925134613,96637.9061721412
14139.0,1703089.7,1703089.7,1734886.7,0.0,0.0,0.0,31797.0,31797.0
14094.0,1633867.95,1635484.7866492413,1734948.6460225428,0.0,1.0,0.01625551893349706,101080.69602254289,99463.8593733015
14091.0,1633847.8,1635480.3520293008,1735263.8133898722,0.0,2.0,0.016360948067349793,101416.01338987215,99783.46136057144
14126.0,1675365.25,1675365.25,1737261.4917764757,0.0,1.0,0.0,61896.24177647568,61896.24177647568
14112.0,1644943.3,1646268.2385389574,1737529.937575382,2.0,0.0,0.014518013065136729,92586.6375753819,91261.69903642451
13860.0,1511965.65,1512730.3174014867,1737728.3289511208,1.0,0.0,0.0033985518192817033,225762.67895112094,224998.01154963416
13686.0,1466445.5,1466445.5,1738338.6884087,0.0,1.0,0.0,271893.18840870005,271893.18840870005
14079.0,1633767.85,1635465.4844556565,1739142.7678480549,1.0,1.0,0.016374218151831613,105374.91784805479,103677.28339239839
14081.0,1633781.5,1635467.6022167369,1739338.2644530197,1.0,2.0,0.01623270883650832,105556.76445301971,103870.66223628283
14080.0,1633774.35,1635466.5248940713,1739617.8706031854,1.0,1.0,0.01624726865073146,105843.52060318529,104151.3457091141
14082.0,1633788.0,1635468.7268866156,1739865.9014022455,1.0,1.0,0.016099352251760336,106077.90140224551,104397.17451562989
14067.0,1633695.05,1635456.0613346365,1740175.8606975067,1.0,1.0,0.016816412420103167,106480.81069750665,104719.79936287017
14151.0,1714841.05,1716533.3155310708,1741446.2269382963,2.0,0.0,0.0679272487831331,26605.176938296296,24912.911407225532
14158.0,1715408.5,1716535.0409863733,1742427.898273543,1.0,0.0,0.043507789576067435,27019.39827354299,25892.857287169667
14118.0,1651301.6,1654206.442943818,1743166.1446278077,2.0,1.0,0.032653469928852444,91864.54462780757,88959.70168398973
14166.0,1716419.25,1716538.242046048,1743477.8883361274,2.0,0.0,0.00441698620563375,27058.63833612739,26939.646290079458
14073.0,1633734.7,1635460.2480310586,1743605.4532378055,1.0,1.0,0.015955844068720443,109870.75323780556,108145.20520674693
14068.0,1633701.55,1635456.6687762055,1744226.28406796,1.0,1.0,0.016136112750768476,110524.73406795994,108769.61529175448
14157.0,1715334.4,1716534.7036704891,1746730.753456896,1.0,0.0,0.03975035406881478,31396.35345689603,30196.049786406802
14167.0,1738477.65,1738477.65,1749183.4629479612,1.0,0.0,0.0,10705.812947961269,10705.812947961269
14140.0,1705574.65,1705574.65,1749286.5579328185,2.0,9.0,0.0,43711.907932818634,43711.907932818634
14163.0,1716150.8,1716532.8498321862,1749485.9903286004,1.0,0.0,0.01159373056500546,33335.19032860035,32953.140496414155
14164.0,1716213.2,1716537.1775733482,1751606.8714731273,1.0,0.0,0.009238106676210533,35393.671473127324,35069.693899779115
14146.0,1714403.6,1716532.8682038197,1752641.5619527493,1.0,0.0,0.05896829773529982,38237.961952749174,36108.69374892954
14152.0,1714943.1,1716533.4869372202,1752849.0036707052,1.0,0.0,0.0437935923889439,37905.90367070516,36315.51673348504
13699.0,1466982.4,1466982.4,1752907.1275274265,0.0,1.0,0.0,285924.72752742656,285924.72752742656
14110.0,1644847.75,1646268.2385389574,1754880.8658156116,2.0,3.0,0.013078484284697553,110033.11581561156,108612.62727665412
14174.0,1755034.45,1755034.45,1755518.627098613,2.0,0.0,0.0,484.17709861299954,484.17709861299954
14161.0,1715571.65,1716536.2582488977,1755647.622603347,1.0,0.0,0.024663119398137128,40075.97260334715,39111.364354449324
14169.0,1738511.45,1738511.45,1756126.6747508838,1.0,0.0,0.0,17615.224750883877,17615.224750883877
14175.0,1755437.45,1755437.45,1758109.5385672431,1.0,0.0,0.0,2672.0885672431905,2672.0885672431905
14176.0,1757622.1,1757622.1,1758234.961395686,1.0,0.0,0.0,612.8613956859335,612.8613956859335
14165.0,1716339.3,1716537.6867283138,1758799.8283718266,1.0,0.0,0.004694194865635823,42460.52837182651,42262.14164351276
14178.0,1758829.15,1758829.15,1759054.910994261,0.0,1.0,0.0,225.7609942611307,225.7609942611307
14179.0,1759004.0,1759004.0,1760067.0471772808,0.0,1.0,0.0,1063.047177280765,1063.047177280765
14181.0,1760084.3,1760084.3,1761031.9064290703,1.0,0.0,0.0,947.6064290702343,947.6064290702343
14106.0,1644811.35,1644811.35,1761121.1772281413,2.0,4.0,0.0,116309.82722814125,116309.82722814125
14170.0,1741163.45,1741163.45,1761154.567202173,2.0,0.0,0.0,19991.117202172987,19991.117202172987
14107.0,1644813.3,1646268.2385389574,1761345.9559100177,2.0,3.0,0.012643095224647502,116532.65591001767,115077.71737106028
14109.0,1644819.15,1646268.2385389574,1761440.9114675948,2.0,2.0,0.012581878167014521,116621.76146759489,115172.67292863736
14113.0,1644994.0,1646268.2385389574,1763037.6642330186,2.0,2.0,0.010912433039586666,118043.66423301864,116769.42569406121
14183.0,1761492.85,1761492.85,1763568.7791321303,2.0,1.0,0.0,2075.92913213023,2075.92913213023
14182.0,1760185.7,1760185.7,1763846.7827229546,1.0,0.0,0.0,3661.082722954685,3661.082722954685
14185.0,1764413.3,1764413.3,1764860.6425044532,1.0,0.0,0.0,447.34250445314683,447.34250445314683
14186.0,1764425.65,1764425.65,1764862.11912446,1.0,0.0,0.0,436.4691244601272,436.4691244601272
14160.0,1715529.4,1716535.810070008,1764885.0480607382,1.0,1.0,0.020815427746784496,49355.64806073834,48349.23799073021
14184.0,1763004.75,1763004.75,1765294.4751429057,1.0,0.0,0.0,2289.7251429057214,2289.7251429057214
14187.0,1764439.3,1764439.3,1765489.3,0.0,0.0,0.0,1050.0,1050.0
14188.0,1766597.3,1766597.3,1766650.3,0.0,0.0,0.0,53.0,53.0
14189.0,1766667.5,1766667.5,1766999.0305955186,1.0,0.0,0.0,331.5305955186486,331.5305955186486
14191.0,1766981.45,1766981.45,1767185.45,0.0,0.0,0.0,204.0,204.0
14192.0,1767198.55,1767198.55,1767501.6331818346,1.0,0.0,0.0,303.08318183454685,303.08318183454685
14180.0,1759854.85,1759854.85,1767812.952067186,1.0,1.0,0.0,7958.102067185799,7958.102067185799
14194.0,1767515.1,1767515.1,1768050.2226464627,1.0,0.0,0.0,535.1226464626379,535.1226464626379
14195.0,1768009.75,1768009.75,1768467.0636250952,1.0,0.0,0.0,457.3136250951793,457.3136250951793
14199.0,1768992.55,1768992.55,1769323.55,0.0,0.0,0.0,331.0,331.0
14202.0,1769415.7,1769415.7,1770245.7,0.0,0.0,0.0,830.0,830.0
14147.0,1714499.8,1716532.897132868,1772136.3221011201,1.0,0.0,0.036564242832680456,57636.52210112009,55603.42496825219
14168.0,1738501.7,1738501.7,1772437.7426473168,1.0,0.0,0.0,33936.04264731682,33936.04264731682
14201.0,1769123.2,1769416.0674923772,1772526.8259603968,2.0,0.0,0.0941466511746718,3403.6259603968356,3110.758468019543
14045.0,1633273.2,1633273.2,1778334.79953666,4.0,9.0,0.0,145061.59953666013,145061.59953666013
14156.0,1715305.8,1716534.4060182283,1785087.2031842237,1.0,0.0,0.017922040660912,69781.40318422369,68552.79716599546
14177.0,1757857.4,1757857.4,1791339.8097712977,1.0,2.0,0.0,33482.409771297826,33482.409771297826
14148.0,1714553.75,1716532.963447614,1794532.3927983218,2.0,1.0,0.025374717021518185,79978.64279832179,77999.42935070768
14210.0,1793834.25,1794532.601123664,1794591.1691629812,2.0,0.0,11.923757937028531,756.9191629812121,58.56803931714967
14213.0,1794048.75,1794532.9704728813,1794610.7898575647,1.0,2.0,6.2223631663422285,562.0398575647268,77.81938468338922
14215.0,1794629.85,1794629.85,1795669.8569649304,2.0,0.0,0.0,1040.0069649303332,1040.0069649303332
14196.0,1768117.0,1768117.0,1795961.9613691128,1.0,1.0,0.0,27844.961369112832,27844.961369112832
14197.0,1768722.8,1768722.8,1796086.1421347465,2.0,0.0,0.0,27363.34213474649,27363.34213474649
14216.0,1794665.6,1795669.8569649304,1796606.3231151858,1.0,0.0,1.0723900320971944,1940.7231151857413,936.4661502554081
14211.0,1793842.05,1794532.3927983218,1796921.4319216292,0.0,0.0,0.28896253375960296,3079.3819216291886,2389.039123307448
14222.0,1796921.1,1796921.1,1796981.1,0.0,0.0,0.0,60.0,60.0
14131.0,1680274.05,1680274.05,1797120.9260687951,1.0,0.0,0.0,116846.8760687951,116846.8760687951
14223.0,1797753.75,1797753.75,1797808.7594602827,1.0,0.0,0.0,55.00946028274484,55.00946028274484
14224.0,1797831.1,1797831.1,1797891.1,0.0,0.0,0.0,60.0,60.0
14217.0,1794669.5,1795669.8569649304,1798026.44877716,0.0,0.0,0.42449310047633,3356.948777159909,2356.5918122294825
14226.0,1797953.95,1797953.95,1798493.95,0.0,0.0,0.0,540.0,540.0
14114.0,1645028.45,1646268.2385389574,1803269.5961473226,2.0,3.0,0.007896674002336294,158241.1461473226,157001.35760836513
14229.0,1804173.15,1804615.2358621098,1804668.5007149659,2.0,0.0,8.299766889521491,495.3507149659563,53.26485285605304
14232.0,1804597.6,1804615.5815455506,1804684.3541613556,2.0,1.0,0.2614637430905934,86.75416135555133,68.77261580503546
14230.0,1804211.5,1804615.3270811185,1804688.7012112122,1.0,0.0,5.503671124995195,477.2012112122029,73.3741300937254
14228.0,1804132.2,1804615.1735918955,1804772.1161005304,1.0,0.0,3.0773918175295876,639.9161005304195,156.94250863487832
14149.0,1714601.85,1716533.0445809609,1805388.6320023155,1.0,0.0,0.021734081524924603,90786.78200231539,88855.5874213546
14231.0,1804318.75,1804615.4440313808,1806871.7092752245,2.0,0.0,0.13149785123462787,2552.959275224479,2256.2652438436635
14233.0,1804615.15,1804615.15,1808851.186854324,0.0,0.0,0.0,4236.036854324164,4236.036854324164
14237.0,1806162.8,1806871.7288548348,1809046.4861412058,3.0,0.0,0.32598067806350445,2883.6861412057187,2174.7572863709647
14198.0,1768828.75,1768828.75,1811401.7519113007,11.0,32.0,0.0,42573.0019113007,42573.0019113007
14200.0,1769060.15,1769415.832114128,1812365.8762131338,1.0,4.0,0.008281297996065529,43305.726213133894,42950.04409900587
14154.0,1715134.85,1716533.879253395,1812761.5979477875,1.0,2.0,0.014538734497467965,97626.7479477874,96227.71869439259
14208.0,1788261.15,1791339.8097712977,1816650.8429924904,1.0,0.0,0.12163311329069319,28389.692992490483,25311.033221192658
14214.0,1794141.7,1794533.2210727744,1819240.297069176,2.0,1.0,0.01584651590627103,25098.597069176147,24707.07599640172
14155.0,1715226.5,1716534.1245330998,1820886.154947983,2.0,0.0,0.012530896887209202,105659.6549479831,104352.03041488328
14240.0,1811962.1,1811962.1,1821687.1,0.0,0.0,0.0,9725.0,9725.0
14238.0,1808521.65,1810085.0237078331,1824604.3029500549,1.0,2.0,0.1076757104641241,16082.652950054966,14519.279242221732
14205.0,1782089.4,1791339.8162674084,1824884.4818870532,3.0,0.0,0.27576415196075743,42795.081887053326,33544.6656196448
14145.0,1712012.25,1712767.2498321861,1825637.242672461,2.0,0.0,0.006689110304583504,113624.99267246109,112869.99284027494
14206.0,1782104.35,1791339.8324053616,1826182.3269862114,2.0,0.0,0.2650637538001518,44077.97698621126,34842.49458084977
14207.0,1782129.7,1791339.884070401,1827630.2421903517,2.0,1.0,0.2537914902894779,45500.542190351756,36290.35811995063
14204.0,1782066.65,1782066.65,1830379.1704587487,0.0,1.0,0.0,48312.5204587488,48312.5204587488
14129.0,1676764.7,1677126.0680536905,1832797.860594517,2.0,1.0,0.002321345747950822,156033.16059451713,155671.7925408266
14150.0,1714675.3,1716533.1677876161,1833149.8830709169,2.0,0.0,0.015931402141645963,118474.58307091682,116616.71528330073
14153.0,1715054.9,1716533.669685589,1835557.2136169567,1.0,1.0,0.012424177912579283,120502.31361695682,119023.5439313678
14173.0,1743281.15,1743477.8883361274,1837876.998809985,2.0,3.0,0.002084112182200786,94595.84880998498,94399.1104738575
14243.0,1825885.75,1826182.3598108527,1839748.3598108527,0.0,0.0,0.021864205429211154,13862.609810852678,13566.0
14046.0,1633319.35,1633319.35,1841946.2591032675,2.0,0.0,0.0,208626.90910326736,208626.90910326736
14104.0,1636297.65,1638981.6843276508,1842166.3861787764,2.0,1.0,0.013209824869677016,205868.73617877648,203184.70185112557
14235.0,1806014.6,1806014.6,1842654.125807247,2.0,0.0,0.0,36639.5258072468,36639.5258072468
14132.0,1685539.7,1685539.7,1844038.0470445459,2.0,14.0,0.0,158498.34704454592,158498.34704454592
14246.0,1845285.65,1845285.65,1845425.0157539034,2.0,1.0,0.0,139.36575390351936,139.36575390351936
14247.0,1845366.25,1845425.0157539034,1845535.0609932912,1.0,0.0,0.5340145037655546,168.8109932912048,110.04523938777857
14171.0,1741272.65,1741272.65,1846404.9484722214,1.0,0.0,0.0,105132.29847222148,105132.29847222148
14239.0,1810084.9,1810084.9,1846735.8116486263,0.0,3.0,0.0,36650.91164862644,36650.91164862644
14220.0,1795423.5,1795670.1662523674,1849056.379379072,1.0,1.0,0.004620411112172428,53632.879379071994,53386.21312670456
14244.0,1825892.9,1826182.4577856134,1849615.0851560785,4.0,3.0,0.012357034532902031,23722.185156078544,23432.62737046508
14141.0,1706224.0,1711652.8065865668,1849914.2672489153,0.0,1.0,0.03926478543304749,143690.26724891528,138261.46066234843
14242.0,1825842.85,1826182.3269862114,1853204.8998419202,2.0,0.0,0.01256271888039483,27362.049841920147,27022.572855708888
14258.0,1850873.05,1853205.096678809,1853404.6519645897,0.0,1.0,11.68621853180016,2531.601964589674,199.5552857806906
14253.0,1850303.0,1853204.9463982873,1853439.420463904,1.0,2.0,12.376406706875878,3136.42046390404,234.47406561672688
14259.0,1850968.6,1853205.1950938639,1853568.1417716215,1.0,0.0,6.16232419506306,2599.5417716214433,362.9466777576599
14256.0,1850522.05,1853240.3904192226,1853834.2861810764,1.0,2.0,4.57713389086595,3312.236181076383,593.8957618537825
14044.0,1633183.5,1633183.5,1853835.3290524473,2.0,0.0,0.0,220651.82905244734,220651.82905244734
14254.0,1850344.6,1853204.8998419202,1853868.6468584416,0.0,0.0,4.309322333244585,3524.0468584415503,663.7470165214036
14255.0,1850429.1,1853205.0032920777,1853888.500310793,0.0,1.0,4.061324652585766,3459.40031079296,683.4970187153667
14043.0,1633107.45,1633107.45,1856175.8770445245,1.0,0.0,0.0,223068.42704452458,223068.42704452458
14212.0,1793963.6,1794532.768624904,1858233.023164933,0.0,2.0,0.008935107544136161,64269.42316493299,63700.25454002898
14241.0,1825828.55,1825828.55,1862261.6406990655,1.0,3.0,0.0,36433.09069906548,36433.09069906548
14265.0,1855650.55,1862261.6406990655,1862819.3217758269,0.0,0.0,11.854608260080438,7168.771775826812,557.6810767613351
14227.0,1798394.65,1798394.65,1863156.0495893746,0.0,0.0,0.0,64761.39958937466,64761.39958937466
14266.0,1855764.3,1862819.3217758269,1863421.0540120134,0.0,0.0,11.724520229360113,7656.75401201332,601.7322361865081
14270.0,1862628.3,1863156.0495893746,1863552.7161390213,1.0,0.0,1.3304615421806862,924.416139021283,396.66654964676127
14172.0,1743237.6,1743237.6,1863758.9817280625,1.0,0.0,0.0,120521.3817280624,120521.3817280624
14249.0,1849861.0,1849861.0,1869065.9718541065,1.0,0.0,0.0,19204.971854106523,19204.971854106523
14272.0,1865319.95,1869065.9718541065,1869196.762301862,1.0,0.0,28.641402475430418,3876.8123018620536,130.7904477554839
14274.0,1866010.9,1869065.9942923044,1869229.4663712224,1.0,1.0,18.68878350679508,3218.5663712224923,163.47207891801372
14273.0,1865684.6,1869065.9718541065,1869303.061685753,0.0,2.0,14.26198597646983,3618.461685752962,237.08983164653182
14276.0,1868593.35,1869229.4663712224,1869375.5962527427,1.0,1.0,4.353088941182658,782.246252742596,146.12988152028993
14277.0,1868763.65,1869229.5301958462,1869410.5301958462,0.0,0.0,2.5739237339575443,646.8801958463155,181.0
14267.0,1855854.65,1869065.9718541065,1869457.297704489,0.0,1.0,33.760411792870414,13602.647704489063,391.32585038244724
14279.0,1869553.4,1869553.4,1869657.4,0.0,0.0,0.0,104.0,104.0
14278.0,1869012.6,1869253.461962671,1870598.5694312474,0.0,0.0,0.17906521842886106,1585.9694312473293,1345.1074685764033
14275.0,1866119.45,1869196.762301862,1871597.0440078664,0.0,1.0,1.2820629737601341,5477.594007866457,2400.2817060044035
14142.0,1711652.8,1711652.8,1873499.825906642,1.0,4.0,0.0,161847.02590664197,161847.02590664197
14271.0,1864209.1,1864209.1,1876888.3522139227,2.0,0.0,0.0,12679.252213922562,12679.252213922562
14286.0,1874439.45,1876888.4059319177,1876941.4059319177,0.0,0.0,46.20671569656159,2501.9559319177642,53.0
14288.0,1875258.45,1876888.5915749483,1877093.637371479,1.0,1.0,7.95013407994232,1835.1873714791145,205.0457965307869
14289.0,1875453.45,1876941.4059319177,1877195.4059319177,0.0,0.0,5.858094220148678,1741.9559319177642,254.0
14290.0,1875590.6,1877093.637371479,1877459.5721560803,0.0,1.0,4.1073913569516565,1868.9721560801845,365.9347846012097
14287.0,1874588.3,1876888.4711845845,1878408.8031493772,0.0,1.0,1.5129400932500656,3820.503149377182,1520.3319647926837
14209.0,1792551.8,1794532.454340887,1880902.9862052803,0.0,4.0,0.02293206141183336,88351.18620528025,86370.53186439327
14245.0,1825909.8,1832797.860594517,1884800.493561484,1.0,0.0,0.1324559969663936,58890.69356148387,52002.632966966834
14190.0,1766872.9,1766872.9,1886203.460937207,1.0,1.0,0.0,119330.56093720719,119330.56093720719
14193.0,1767347.4,1767347.4,1887188.9577742938,1.0,1.0,0.0,119841.55777429393,119841.55777429393
14269.0,1858670.45,1858670.45,1888072.892146923,0.0,1.0,0.0,29402.44214692316,29402.44214692316
14236.0,1806149.8,1806871.7092752245,1891987.1682068056,0.0,2.0,0.00848152949283548,85837.36820680555,85115.45893158112
14292.0,1886017.25,1891987.1682068056,1892177.0617481796,0.0,0.0,31.438237254459068,6159.811748179607,189.89354137401097
14293.0,1886084.2,1892177.0617481796,1892470.9446073254,0.0,0.0,20.73228008564386,6386.7446073254105,293.8828591457568
14295.0,1886976.65,1892470.9446073254,1892762.7546349412,0.0,0.0,18.828326950292688,5786.104634941323,291.8100276158657
14302.0,1890338.45,1892762.7546349412,1893052.6324828318,0.0,0.0,8.363193850729116,2714.1824828318786,289.8778478906024
14047.0,1633384.35,1635450.19545942,1894003.8867333452,1.0,1.0,0.007990005670548861,260619.53673334513,258553.69127392513
14296.0,1887228.85,1894003.8867333452,1894132.1706769885,1.0,0.0,52.81281928923227,6903.320676988456,128.2839436433278
14297.0,1887332.85,1894132.1706769885,1894278.1706769885,0.0,0.0,46.57068956841408,6945.320676988456,146.0
14298.0,1888974.1,1894278.1706769885,1894431.1706769885,0.0,0.0,34.66712860776769,5457.070676988456,153.0
14294.0,1886206.4,1894003.8867333452,1894526.4279083596,1.0,0.0,14.92224365502171,8320.027908359654,522.5411750143394
14299.0,1889304.95,1894431.1706769885,1894561.152883125,1.0,0.0,39.437864838262136,5256.20288312505,129.9822061364539
14301.0,1890309.85,1894561.152883125,1894625.152883125,0.0,0.0,66.42660754882672,4315.30288312491,64.0
14300.0,1889448.6,1894526.4279083596,1894687.5835649571,1.0,1.0,31.508840679662576,5238.983564957045,161.15565659757704
14303.0,1890404.1,1894625.152883125,1894778.5049925689,2.0,0.0,27.525235214779503,4374.404992568772,153.352109443862
14305.0,1894690.85,1894690.85,1894780.2675119282,0.0,1.0,0.0,89.41751192812808,89.41751192812808
14306.0,1894832.55,1894832.55,1894936.55,0.0,0.0,0.0,104.0,104.0
14307.0,1894978.8,1894978.8,1895051.7811424963,2.0,0.0,0.0,72.98114249622449,72.98114249622449
14304.0,1890520.45,1893052.6324828318,1900592.9979056427,0.0,0.0,0.33581694531296774,10072.547905642772,7540.3654228108935
14311.0,1900298.4,1900593.0612532895,1900714.0612532895,0.0,0.0,2.4352169693351438,415.6612532895524,121.0
14251.0,1850017.65,1853204.8998419202,1903070.8998419202,0.0,0.0,0.06391629250231286,53053.24984192033,49866.0
14225.0,1797917.55,1797954.0069747996,1905213.1423421935,2.0,0.0,0.00033989622119026165,107295.59234219347,107259.13536739396
14263.0,1855415.9,1858670.497721215,1905473.941075789,1.0,0.0,0.06953757005780298,50058.04107578914,46803.44335457403
14322.0,1916088.85,1917964.4223421935,1918343.5804990334,2.0,0.0,4.94667543967787,2254.7304990333505,379.15815683989786
14257.0,1850695.6,1853439.420463904,1919098.714235971,2.0,0.0,0.04178875991918199,68403.11423597089,65659.29377206694
14323.0,1917328.4,1919098.714235971,1919204.9686468006,1.0,0.0,16.661089381123777,1876.5686468007043,106.25441082962789
14312.0,1900378.35,1903070.8998419202,1928401.638324761,5.0,6.0,0.10629574987496294,28023.28832476097,25330.738482840825
14133.0,1685555.3,1686335.9594935705,1928492.3834482944,3.0,11.0,0.0032237818878445663,242937.08344829432,242156.42395472387
14325.0,1925552.85,1928401.638324761,1928498.0694326796,1.0,0.0,29.54221294614483,2945.2194326794706,96.43110791849904
14327.0,1928174.95,1928401.638324761,1929134.638324761,0.0,0.0,0.3092610160451723,959.6883247611113,733.0
14329.0,1928695.6,1929134.638324761,1929424.6137926765,1.0,0.0,1.5140533367086055,729.0137926763855,289.9754679154139
14330.0,1928903.6,1929134.713247544,1929620.3345633135,1.0,0.0,0.4759124857967472,716.7345633134246,485.6213157696184
14332.0,1929250.7,1929424.6137926765,1930024.6137926765,0.0,0.0,0.289856321127542,773.9137926765252,600.0
14282.0,1870076.65,1876888.3522139227,1930590.1209268917,2.0,0.0,0.1268431632174103,60513.47092689178,53701.76871296903
14334.0,1930058.65,1930590.1209268917,1930821.6968696767,1.0,0.0,2.2950178697325976,763.046869676793,231.57594278501347
14335.0,1931285.2,1931285.2,1931883.0047022966,2.0,1.0,0.0,597.8047022966202,597.8047022966202
14336.0,1933233.25,1933233.25,1933793.328723803,0.0,1.0,0.0,560.0787238029297,560.0787238029297
14337.0,1934171.2,1934171.2,1934608.2,0.0,0.0,0.0,437.0,437.0
14338.0,1934743.85,1934743.85,1934901.85,0.0,0.0,0.0,158.0,158.0
14339.0,1934937.55,1934937.55,1935269.55,0.0,0.0,0.0,332.0,332.0
14340.0,1935213.8,1935269.55,1935478.5411935274,0.0,2.0,0.2667576516457505,264.7411935273558,208.9911935273558
14341.0,1935838.45,1935838.45,1936003.621982549,1.0,2.0,0.0,165.17198254913092,165.17198254913092
14342.0,1936041.9,1936041.9,1936187.9,0.0,0.0,0.0,146.0,146.0
14343.0,1936175.8,1936187.9,1936384.9,0.0,0.0,0.06142131979624518,209.0999999998603,197.0
14219.0,1795418.3,1795670.0025420582,1936517.959946477,1.0,0.0,0.0017870514183991673,141099.65994647704,140847.95740441885
14344.0,1936539.8,1936539.8,1936710.847776123,2.0,1.0,0.0,171.04777612304315,171.04777612304315
14345.0,1936790.7,1936790.7,1936949.7,0.0,0.0,0.0,159.0,159.0
14346.0,1937014.3,1937014.3,1937311.9663477764,2.0,0.0,0.0,297.6663477763068,297.6663477763068
14347.0,1937557.7,1937557.7,1937700.7,0.0,0.0,0.0,143.0,143.0
14348.0,1937646.1,1937700.7,1937832.815694948,2.0,1.0,0.4132741384083693,186.71569494786672,132.11569494800642
14349.0,1937969.15,1937969.15,1938476.15,0.0,0.0,0.0,507.0,507.0
14350.0,1939312.05,1939312.05,1939458.05,0.0,0.0,0.0,146.0,146.0
14351.0,1939483.65,1939483.65,1939662.65,0.0,0.0,0.0,179.0,179.0
14352.0,1939993.9,1939993.9,1940290.9,0.0,0.0,0.0,297.0,297.0
14261.0,1853059.0,1853439.420463904,1940312.2031330154,0.0,0.0,0.00437905235927596,87253.20313301543,86872.78266911139
14353.0,1940222.7,1940290.9,1940549.9,0.0,0.0,0.2633204633202835,327.19999999995343,259.0
14355.0,1940547.05,1940549.9,1940843.9,0.0,0.0,0.009693877550545243,296.8499999998603,294.0
14354.0,1940393.65,1940393.65,1940905.3795543746,0.0,0.0,0.0,511.7295543747023,511.7295543747023
14356.0,1940829.8,1940843.9,1940981.3648839728,2.0,0.0,0.1025716502451706,151.56488397275098,137.46488397289068
14357.0,1940948.75,1940981.3648839728,1941581.3648839728,0.0,0.0,0.05435813995466257,632.6148839727975,600.0
14358.0,1942426.2,1942426.2,1943026.2,0.0,0.0,0.0,600.0,600.0
14314.0,1900406.3,1905213.1423421935,1943705.557410145,0.0,1.0,0.12487765014764225,43299.2574101449,38492.41506795143
14308.0,1895071.1,1895071.1,1946157.3666163508,2.0,0.0,0.0,51086.26661635074,51086.26661635074
14250.0,1849940.3,1849940.3,1948486.2688394624,0.0,0.0,0.0,98545.96883946238,98545.96883946238
14262.0,1855402.25,1855402.25,1953030.2983572916,0.0,2.0,0.0,97628.04835729161,97628.04835729161
14264.0,1855438.0,1858670.6028292393,1962517.4044422612,4.0,6.0,0.031128573812849898,107079.4044422612,103846.80161302187
14321.0,1912141.4,1912141.4,1964305.835550403,2.0,0.0,0.0,52164.43555040308,52164.43555040308
14319.0,1900953.6,1905213.1423421935,1966104.2008384948,2.0,0.0,0.06995349477217845,65150.60083849472,60891.058496301295
14316.0,1900588.95,1903070.8998419202,1970362.97427089,2.0,0.0,0.03688324164445416,69774.02427089005,67292.07442896976
14362.0,1970705.1,1970705.1,1971212.1,0.0,0.0,0.0,507.0,507.0
14317.0,1900817.1,1903070.9217009293,1972073.3117854784,1.0,0.0,0.03266295121324893,71256.21178547828,69002.39008454909
14363.0,1972505.6,1972505.6,1972573.0675131357,2.0,0.0,0.0,67.46751313563436,67.46751313563436
14364.0,1973599.55,1973599.55,1973719.4747586555,0.0,0.0,0.0,119.92475865548477,119.92475865548477
14252.0,1850094.35,1853204.8998419202,1974985.3292824484,3.0,3.0,0.0255422801201337,124890.9792824483,121780.42944052815
14260.0,1852576.7,1853240.3282069429,1979817.524892834,0.0,1.0,0.005242873316192663,127240.82489283406,126577.19668589113
14368.0,1974610.95,1974985.3292824484,1983365.5954761545,2.0,0.0,0.044673912951549793,8754.645476154517,8380.266193706077
14366.0,1974399.7,1974985.3292824484,1983676.9240953755,1.0,0.0,0.06737880619761868,9277.22409537551,8691.59481292707
14367.0,1974405.55,1974985.3292824484,1984437.2688502532,1.0,0.0,0.061339715334532176,10031.71885025315,9451.939567804802
14372.0,1984970.0,1984970.0,1985162.4858526965,1.0,0.0,0.0,192.4858526964672,192.4858526964672
14373.0,1985168.25,1985168.25,1985584.0413690577,0.0,0.0,0.0,415.7913690577261,415.7913690577261
14248.0,1846323.05,1846323.05,1990894.641442486,2.0,0.0,0.0,144571.59144248604,144571.59144248604
14375.0,1988314.25,1990894.641442486,1991493.641442486,0.0,0.0,4.3078321243507265,3179.391442486085,599.0
14374.0,1985381.45,1990894.641442486,1991494.641442486,0.0,0.0,9.188652404143552,6113.191442486132,600.0
14283.0,1870562.2,1884800.493561484,1998925.9353432085,1.0,0.0,0.12476003018429506,128363.73534320854,114125.44178172457
14221.0,1796117.7,1796117.7,2000649.11801559,7.0,10.0,0.0,204531.41801558994,204531.41801558994
14280.0,1869780.25,1869780.25,2007422.4424792249,0.0,3.0,0.0,137642.19247922488,137642.19247922488
14281.0,1869984.35,1876888.3522139227,2011193.8890796998,0.0,1.0,0.05140519426851565,141209.53907969967,134305.5368657771
14284.0,1871281.1,1884800.493561484,2022882.8395140553,1.0,1.0,0.0979081972298434,151601.7395140552,138082.34595257137
14376.0,1988700.35,1990894.689180549,2026100.962878072,2.0,0.0,0.06232807253053023,37400.61287807184,35206.273697522935
14268.0,1855941.1,1863421.0540120134,2026736.1833577193,32.0,29.0,0.04580074143761466,170795.08335771924,163315.12934570597
14384.0,2028690.95,2028690.95,2028751.0994967227,1.0,0.0,0.0,60.1494967227336,60.1494967227336
14385.0,2028797.55,2028797.55,2028949.55,0.0,0.0,0.0,152.0,152.0
14380.0,1994040.75,1998925.9353432085,2030933.121183303,2.0,0.0,0.15262776826474264,36892.37118330295,32007.185840094462
14379.0,1994036.2,1998925.9353432085,2034283.0939270821,2.0,1.0,0.13829548354710658,40246.89392708219,35357.15858387365
14387.0,2029789.45,2030933.121183303,2034313.534049228,1.0,0.0,0.33832292937685615,4524.084049228113,3380.4128659251146
14378.0,1994032.3,1998925.9353432085,2034602.1599968718,2.0,0.0,0.13716797084654386,40569.85999687179,35676.22465366335
14381.0,1995477.9,1998925.977628981,2038316.7704306184,1.0,0.0,0.08753511629849085,42838.870430618525,39390.792801637435
14365.0,1973775.7,1973775.7,2045735.0777994667,0.0,0.0,0.0,71959.37779946672,71959.37779946672
14383.0,1995587.1,2000649.11801559,2052970.4117474565,6.0,4.0,0.09674871652699103,57383.311747456435,52321.29373186664
14388.0,2031359.2,2034283.0939270821,2053381.5503120758,1.0,0.0,0.1530958245075555,22022.35031207581,19098.456384993624
14382.0,1995490.25,1998926.0415587355,2055062.1510443238,1.0,0.0,0.06120466113914794,59571.90104432381,56136.10948558827
14203.0,1769928.55,1772136.3221011201,2059977.040695218,0.0,0.0,0.007670117389587988,290048.49069521786,287840.71859409777
14359.0,1951653.6,1951653.6,2060844.462116673,0.0,2.0,0.0,109190.8621166728,109190.8621166728
14315.0,1900499.9,1903070.8998419202,2062472.5056113128,0.0,1.0,0.016129071156534124,161972.6056113129,159401.60576939257
14310.0,1900225.6,1900593.018283722,2063003.3401610504,0.0,2.0,0.0022622840683698396,162777.74016105034,162410.32187732845
14320.0,1901003.0,1905213.1423421935,2066731.6417655314,0.0,1.0,0.026066007034641833,165728.64176553139,161518.49942333787
14313.0,1900382.25,1900714.0612532895,2068699.265225054,0.0,1.0,0.0019752409464897343,168317.015225054,167985.20397176454
14309.0,1900113.8,1900592.9979056427,2070996.2422598484,0.0,0.0,0.002812140739800721,170882.44225984835,170403.24435420567
14318.0,1900882.1,1903070.8998419202,2073546.2942061387,0.0,0.0,0.012839388640707904,172664.1942061386,170475.39436421846
14377.0,1994027.1,1994027.1,2075490.947795764,0.0,1.0,0.0,81463.84779576398,81463.84779576398
14389.0,2031373.5,2034283.0939270821,2077368.901415787,0.0,0.0,0.0675302169477712,45995.40141578694,43085.8074887048
14360.0,1953476.2,1953476.2,2077823.4655510087,3.0,5.0,0.0,124347.26555100875,124347.26555100875
14369.0,1980176.25,1983676.9408525485,2086853.9302653729,3.0,0.0,0.0339289881636471,106677.68026537285,103176.98941282439
14333.0,1929881.2,1930024.6137926765,2087459.5409666921,5.0,3.0,0.0009109401277774108,157578.3409666922,157434.92717401567
14370.0,1981590.0,1983676.9240953755,2095020.4507635473,3.0,0.0,0.01874311114282337,113430.45076354733,111343.52666817186
14409.0,2094687.4,2095020.4507635473,2095094.4507635473,0.0,0.0,4.500685993884061,407.0507635474205,74.0
14396.0,2090410.4,2095020.4507635473,2095155.4507635473,0.0,0.0,34.14852417442534,4745.0507635474205,135.0
14410.0,2094737.45,2095020.4507635473,2095179.2211061239,2.0,1.0,1.7824535675541957,441.77110612392426,158.77034257655032
14411.0,2094862.25,2095021.2962144483,2095360.2962144483,0.0,0.0,0.4691628744787259,498.0462144482881,339.0
14412.0,2095208.7,2095208.7,2095575.8052761885,2.0,0.0,0.0,367.1052761885803,367.1052761885803
14413.0,2096096.6,2096096.6,2096220.6,0.0,0.0,0.0,124.0,124.0
14331.0,1929122.0,1929134.8271718833,2096383.2007038596,2.0,7.0,7.669534604389175e-05,167261.20070385956,167248.37353197625
14390.0,2045364.75,2045364.75,2102083.6756393993,2.0,0.0,0.0,56718.92563939933,56718.92563939933
14371.0,1981644.6,1983676.9729239375,2102796.937633149,1.0,0.0,0.017061564187822773,121152.33763314877,119119.96470921137
14391.0,2045379.05,2052970.4117474565,2102836.1193586937,2.0,1.0,0.1522361179879412,57457.06935869367,49865.70761123719
14285.0,1871316.2,1878408.8031493772,2104517.98025668,1.0,0.0,0.03136804635758503,233201.78025667998,226109.1771073027
14393.0,2045405.05,2052970.4117474565,2107119.0015457263,2.0,1.0,0.13971484346390525,61713.951545726275,54148.58979826979
14326.0,1926910.7,1928401.638324761,2112085.022451054,4.0,5.0,0.008116892727411895,185174.3224510539,183683.38412629277
14324.0,1925467.7,1925467.7,2112200.985012721,1.0,3.0,0.0,186733.28501272085,186733.28501272085
14218.0,1795415.05,1795669.916141426,2121815.127532767,1.0,2.0,0.0007814498957033522,326400.0775327671,326145.2113913412
14328.0,1928431.7,1928498.0694326796,2123608.7915517506,2.0,7.0,0.000340162918566345,195177.09155175067,195110.72211907106
14416.0,2125538.35,2125538.35,2125597.1557180937,2.0,0.0,0.0,58.80571809364483,58.80571809364483
14418.0,2125787.3000000003,2125787.3000000003,2125847.3000000003,0.0,0.0,0.0,60.0,60.0
14392.0,2045395.3,2052970.4117474565,2127712.233849476,1.0,2.0,0.10135037565871435,82316.93384947604,74741.82210201956
14419.0,2128617.4,2128617.4,2128677.4,0.0,0.0,0.0,60.0,60.0
14420.0,2128803.95,2128803.95,2128863.95,0.0,0.0,0.0,60.0,60.0
14407.0,2090939.5,2095020.846604976,2129030.519912668,1.0,0.0,0.120005463388354,38091.01991266804,34009.67330769193
14421.0,2128923.5500000003,2128923.5500000003,2129158.7991195135,1.0,0.0,0.0,235.24911951320246,235.24911951320246
14422.0,2129106.85,2129106.85,2129170.9181565195,2.0,0.0,0.0,64.06815651943907,64.06815651943907
14417.0,2125662.5,2125662.5,2129175.5,0.0,0.0,0.0,3513.0,3513.0
14386.0,2029713.4,2029713.4,2132499.4,0.0,0.0,0.0,102786.0,102786.0
14424.0,2133587.3000000003,2133587.3000000003,2133765.1931593497,1.0,0.0,0.0,177.89315934944898,177.89315934944898
14425.0,2135116.1,2135116.1,2135176.1,0.0,0.0,0.0,60.0,60.0
14426.0,2135273.4,2135273.4,2135333.4,0.0,0.0,0.0,60.0,60.0
14427.0,2135366.35,2135366.35,2135426.35,0.0,0.0,0.0,60.0,60.0
14428.0,2135672.5,2135672.5,2135732.5,0.0,0.0,0.0,60.0,60.0
14429.0,2135914.95,2135914.95,2135974.95,0.0,0.0,0.0,60.0,60.0
14430.0,2136210.7,2136210.7,2136317.446404829,1.0,0.0,0.0,106.74640482896939,106.74640482896939
14431.0,2136559.75,2136559.75,2136679.75,0.0,0.0,0.0,120.0,120.0
14432.0,2136928.95,2136928.95,2137056.9414786757,2.0,1.0,0.0,127.99147867551073,127.99147867551073
14433.0,2137133.7,2137133.7,2137252.522649803,2.0,1.0,0.0,118.82264980301261,118.82264980301261
14434.0,2137369.0,2137369.0,2137489.0,0.0,0.0,0.0,120.0,120.0
14436.0,2138058.65,2138058.65,2138901.1877441225,1.0,0.0,0.0,842.5377441225573,842.5377441225573
14439.0,2139085.0,2139085.0,2139205.0,0.0,0.0,0.0,120.0,120.0
14438.0,2139059.0,2139059.0,2139227.7844933267,1.0,2.0,0.0,168.78449332667515,168.78449332667515
14440.0,2139276.75,2139276.75,2139343.6675245664,1.0,0.0,0.0,66.91752456640825,66.91752456640825
14442.0,2139673.9,2139673.9,2139795.3739337893,2.0,1.0,0.0,121.47393378941342,121.47393378941342
14443.0,2141603.1,2141603.1,2141726.029195187,1.0,1.0,0.0,122.92919518705457,122.92919518705457
14444.0,2142210.2,2142210.2,2142330.2,0.0,0.0,0.0,120.0,120.0
14403.0,2090663.25,2095020.4507635473,2144592.4202995817,1.0,1.0,0.08789646254381787,53929.17029958172,49571.96953603439
14394.0,2078105.9,2078105.9,2151883.906616262,2.0,0.0,0.0,73778.00661626225,73778.00661626225
14361.0,1961259.3,1962517.4044422612,2154495.003854269,1.0,5.0,0.006553391885899718,193235.70385426912,191977.59941200796
14291.0,1884252.5,1884252.5,2154831.9247304276,1.0,1.0,0.0,270579.42473042756,270579.42473042756
14234.0,1804741.9,1804741.9,2157483.913250252,1.0,3.0,0.0,352742.01325025223,352742.01325025223
14398.0,2090574.2,2095020.4507635473,2158323.6338387234,2.0,1.0,0.07023739640812693,67749.43383872346,63303.183075176086
14415.0,2123732.65,2123732.65,2159482.1030279365,1.0,0.0,0.0,35749.45302793663,35749.45302793663
14400.0,2090618.4,2095020.4507635473,2161485.1752915704,2.0,0.0,0.06623138506639586,70866.77529157046,66464.72452802304
14405.0,2090771.8,2095020.5942619832,2163334.062603098,2.0,0.0,0.06219555770126194,72562.26260309783,68313.4683411147
14401.0,2090642.45,2095020.4507635473,2164025.432089836,2.0,0.0,0.06344470615601058,73382.98208983592,69004.98132628854
14406.0,2090798.45,2095020.709990105,2165815.484457316,2.0,0.0,0.059640842447495956,75017.03445731592,70794.77446721098
14399.0,2090598.25,2095020.4507635473,2168951.135592544,1.0,0.0,0.05981549844663251,78352.88559254399,73930.68482899666
14414.0,2119057.2,2119057.2,2169349.2475016103,1.0,0.0,0.0,50292.047501610126,50292.047501610126
14404.0,2090734.75,2095020.5147480723,2178636.797238283,2.0,1.0,0.05125514577348028,87902.04723828286,83616.28249021061
14445.0,2180155.25,2180155.25,2181490.7417178573,1.0,0.0,0.0,1335.4917178573087,1335.4917178573087
14395.0,2090276.5,2090276.5,2182605.149031733,1.0,3.0,0.0,92328.64903173316,92328.64903173316
14447.0,2184581.1,2184581.1,2187688.495058153,1.0,0.0,0.0,3107.3950581527315,3107.3950581527315
14397.0,2090552.1,2095020.4507635473,2190605.3172982093,0.0,1.0,0.04674747086587054,100053.2172982092,95584.86653466197
14435.0,2137913.0500000003,2137913.0500000003,2191400.532195515,1.0,0.0,0.0,53487.48219551472,53487.48219551472
14437.0,2138652.1,2138652.1,2192118.362326145,3.0,0.0,0.0,53466.26232614508,53466.26232614508
14449.0,2190534.45,2190534.45,2193322.571182251,2.0,1.0,0.0,2788.1211822507903,2788.1211822507903
14453.0,2192745.1,2192745.1,2193345.1,0.0,0.0,0.0,600.0,600.0
14454.0,2192745.75,2192745.75,2193345.75,0.0,0.0,0.0,600.0,600.0
14455.0,2192745.75,2192745.75,2193345.75,0.0,0.0,0.0,600.0,600.0
14456.0,2192745.75,2192745.75,2193345.75,0.0,0.0,0.0,600.0,600.0
14457.0,2192745.75,2192745.75,2193345.75,0.0,0.0,0.0,600.0,600.0
14458.0,2192745.75,2192745.75,2193345.75,0.0,0.0,0.0,600.0,600.0
14459.0,2192765.9,2192765.9,2193365.9,0.0,0.0,0.0,600.0,600.0
14460.0,2192766.5500000003,2192766.5500000003,2193366.5500000003,0.0,0.0,0.0,600.0,600.0
14461.0,2192766.5500000003,2192766.5500000003,2193366.5500000003,0.0,0.0,0.0,600.0,600.0
14462.0,2192766.5500000003,2192766.5500000003,2193366.5500000003,0.0,0.0,0.0,600.0,600.0
14463.0,2192766.5500000003,2192766.5500000003,2193366.5500000003,0.0,0.0,0.0,600.0,600.0
14464.0,2192767.2,2192767.2,2193367.2,0.0,0.0,0.0,600.0,600.0
14465.0,2192767.2,2192767.2,2193367.2,0.0,0.0,0.0,600.0,600.0
14466.0,2192767.2,2192767.2,2193367.2,0.0,0.0,0.0,600.0,600.0
14467.0,2192767.85,2192767.85,2193367.85,0.0,0.0,0.0,600.0,600.0
14468.0,2192767.85,2192767.85,2193367.85,0.0,0.0,0.0,600.0,600.0
14469.0,2192767.85,2192767.85,2193367.85,0.0,0.0,0.0,600.0,600.0
14470.0,2192767.85,2192767.85,2193367.85,0.0,0.0,0.0,600.0,600.0
14471.0,2192768.5,2192768.5,2193368.5,0.0,0.0,0.0,600.0,600.0
14472.0,2192768.5,2192768.5,2193368.5,0.0,0.0,0.0,600.0,600.0
14473.0,2192768.5,2192768.5,2193368.5,0.0,0.0,0.0,600.0,600.0
14474.0,2192768.5,2192768.5,2193368.5,0.0,0.0,0.0,600.0,600.0
14475.0,2192769.15,2192769.15,2193369.15,0.0,0.0,0.0,600.0,600.0
14476.0,2192769.15,2192769.15,2193369.15,0.0,0.0,0.0,600.0,600.0
14477.0,2192769.15,2192769.15,2193369.15,0.0,0.0,0.0,600.0,600.0
14478.0,2192769.15,2192769.15,2193369.15,0.0,0.0,0.0,600.0,600.0
14479.0,2192769.8000000003,2192769.8000000003,2193369.8000000003,0.0,0.0,0.0,600.0,600.0
14480.0,2192769.8000000003,2192769.8000000003,2193369.8000000003,0.0,0.0,0.0,600.0,600.0
14481.0,2192769.8000000003,2192769.8000000003,2193369.8000000003,0.0,0.0,0.0,600.0,600.0
14482.0,2192769.8000000003,2192769.8000000003,2193369.8000000003,0.0,0.0,0.0,600.0,600.0
14483.0,2192769.8000000003,2192769.8000000003,2193369.8000000003,0.0,0.0,0.0,600.0,600.0
14484.0,2192770.45,2192770.45,2193370.45,0.0,0.0,0.0,600.0,600.0
14485.0,2193945.65,2193945.65,2193975.65,0.0,0.0,0.0,30.0,30.0
14487.0,2195123.45,2195123.45,2195143.45,0.0,0.0,0.0,20.0,20.0
14491.0,2197659.1,2197659.1,2197777.1,0.0,0.0,0.0,118.0,118.0
14446.0,2181222.5500000003,2181222.5500000003,2198687.5878478643,3.0,0.0,0.0,17465.037847863976,17465.037847863976
14492.0,2198102.4,2198102.4,2199837.2774666683,1.0,1.0,0.0,1734.8774666683748,1734.8774666683748
14451.0,2192395.4,2192395.4,2200044.4,0.0,0.0,0.0,7649.0,7649.0
14486.0,2194102.95,2194102.95,2202268.363693428,1.0,0.0,0.0,8165.41369342804,8165.41369342804
14499.0,2210876.2,2210876.2,2211062.656134576,1.0,0.0,0.0,186.4561345758848,186.4561345758848
14500.0,2211016.6,2211016.6,2211069.6,0.0,0.0,0.0,53.0,53.0
14501.0,2211394.25,2211394.25,2211471.7200267683,1.0,0.0,0.0,77.47002676827833,77.47002676827833
14502.0,2211435.2,2211435.2,2211529.609202897,1.0,0.0,0.0,94.40920289698988,94.40920289698988
14503.0,2211511.25,2211511.25,2211639.25,0.0,0.0,0.0,128.0,128.0
14452.0,2192524.75,2192524.75,2211855.75,0.0,0.0,0.0,19331.0,19331.0
14488.0,2195265.15,2195265.15,2213041.6983039128,1.0,0.0,0.0,17776.54830391286,17776.54830391286
14408.0,2091242.4,2095021.0487672205,2213885.9816219443,2.0,0.0,0.031789432564091884,122643.58162194444,118864.93285472388
14490.0,2196037.35,2196037.35,2217607.35,0.0,0.0,0.0,21570.0,21570.0
14489.0,2196026.95,2196026.95,2218895.6601850623,0.0,1.0,0.0,22868.71018506214,22868.71018506214
14402.0,2090659.35,2095020.4507635473,2221043.672723984,1.0,0.0,0.034605532978012166,130384.32272398379,126023.22196043655
14448.0,2189029.7,2189029.7,2223160.570503783,1.0,0.0,0.0,34130.87050378276,34130.87050378276
14450.0,2192051.5500000003,2192051.5500000003,2228051.5500000003,0.0,0.0,0.0,36000.0,36000.0
14423.0,2133012.7,2133012.7,2237353.756640237,1.0,0.0,0.0,104341.05664023664,104341.05664023664
14496.0,2203573.45,2203573.45,2237882.8033571383,1.0,0.0,0.0,34309.35335713811,34309.35335713811
14506.0,2236670.8000000003,2236670.8000000003,2238704.8000000003,0.0,0.0,0.0,2034.0,2034.0
14507.0,2238887.3000000003,2238887.3000000003,2239002.3000000003,0.0,0.0,0.0,115.0,115.0
14508.0,2239089.45,2239089.45,2239171.653049225,1.0,0.0,0.0,82.20304922480136,82.20304922480136
14509.0,2239090.1,2239090.1,2239172.4988651294,1.0,0.0,0.0,82.39886512933299,82.39886512933299
14511.0,2239090.1,2239090.1,2239173.4217965957,1.0,0.0,0.0,83.3217965955846,83.3217965955846
14510.0,2239090.1,2239090.1,2239173.625015801,1.0,0.0,0.0,83.52501580072567,83.52501580072567
14522.0,2239093.35,2239093.35,2239181.3124609883,1.0,0.0,0.0,87.9624609882012,87.9624609882012
14517.0,2239092.7,2239092.7,2239189.691939984,1.0,0.0,0.0,96.99193998379633,96.99193998379633
14518.0,2239092.7,2239092.7,2239189.720338338,1.0,0.0,0.0,97.02033833786845,97.02033833786845
14524.0,2239093.35,2239093.35,2239191.1142420885,1.0,0.0,0.0,97.76424208842218,97.76424208842218
14523.0,2239093.35,2239093.35,2239194.2563325064,1.0,0.0,0.0,100.90633250633255,100.90633250633255
14512.0,2239090.1,2239090.1,2239194.5793023314,1.0,0.0,0.0,104.47930233133957,104.47930233133957
14513.0,2239090.1,2239090.1,2239194.6887834873,1.0,0.0,0.0,104.58878348721191,104.58878348721191
14514.0,2239090.1,2239090.1,2239194.7568076816,1.0,0.0,0.0,104.65680768154562,104.65680768154562
14521.0,2239093.35,2239093.35,2239245.5085684764,2.0,0.0,0.0,152.15856847632676,152.15856847632676
14526.0,2239094.0,2239094.0,2239267.5990995285,2.0,0.0,0.0,173.59909952851012,173.59909952851012
14520.0,2239092.7,2239092.7,2239281.6612677686,2.0,1.0,0.0,188.96126776840538,188.96126776840538
14525.0,2239094.0,2239094.0,2239283.0,0.0,0.0,0.0,189.0,189.0
14516.0,2239092.7,2239092.7,2239294.2629555087,1.0,0.0,0.0,201.56295550847426,201.56295550847426
14515.0,2239090.1,2239090.1,2239304.519521087,2.0,0.0,0.0,214.41952108684927,214.41952108684927
14519.0,2239092.7,2239092.7,2239316.553205641,2.0,1.0,0.0,223.8532056408003,223.8532056408003
14527.0,2239094.0,2239094.0,2239336.0,0.0,0.0,0.0,242.0,242.0
14529.0,2240739.15,2240739.15,2240930.590041435,1.0,0.0,0.0,191.44004143495113,191.44004143495113
14534.0,2240903.6,2240903.6,2240984.137464021,1.0,0.0,0.0,80.53746402077377,80.53746402077377
14541.0,2241040.75,2241040.75,2241257.7733265143,2.0,1.0,0.0,217.02332651428878,217.02332651428878
14542.0,2241205.2,2241205.2,2242681.3379748464,1.0,0.0,0.0,1476.1379748461768,1476.1379748461768
14543.0,2242748.95,2242748.95,2242879.733692169,2.0,1.0,0.0,130.7836921690032,130.7836921690032
14540.0,2240975.75,2240975.75,2249346.489674899,1.0,0.0,0.0,8370.739674898796,8370.739674898796
14548.0,2243937.15,2243937.15,2250469.15,0.0,0.0,0.0,6532.0,6532.0
14547.0,2243856.5500000003,2243856.5500000003,2250512.5500000003,0.0,0.0,0.0,6656.0,6656.0
14533.0,2240802.85,2240802.85,2251536.0449212384,1.0,0.0,0.0,10733.194921238348,10733.194921238348
14532.0,2240792.45,2240792.45,2251559.116488767,1.0,0.0,0.0,10766.66648876667,10766.66648876667
14545.0,2242823.7,2242823.7,2255027.4233311075,1.0,0.0,0.0,12203.723331107292,12203.723331107292
14537.0,2240938.7,2240938.7,2257104.773671044,2.0,1.0,0.0,16166.07367104385,16166.07367104385
14539.0,2240964.0500000003,2240964.0500000003,2257436.6983612305,2.0,0.0,0.0,16472.64836123027,16472.64836123027
14538.0,2240947.8000000003,2240947.8000000003,2258778.9345340547,2.0,0.0,0.0,17831.134534054436,17831.134534054436
14495.0,2201029.35,2201029.35,2259265.692112792,1.0,0.0,0.0,58236.342112791725,58236.342112791725
14536.0,2240926.35,2240926.35,2260182.641730694,2.0,0.0,0.0,19256.291730694007,19256.291730694007
14530.0,2240761.25,2240761.25,2262059.378006413,1.0,0.0,0.0,21298.128006413113,21298.128006413113
14535.0,2240915.95,2240915.95,2262108.9760530833,1.0,1.0,0.0,21193.02605308313,21193.02605308313
14528.0,2240710.5500000003,2240710.5500000003,2263892.194401558,2.0,1.0,0.0,23181.644401557744,23181.644401557744
14531.0,2240775.5500000003,2240775.5500000003,2264046.436338021,1.0,1.0,0.0,23270.886338020675,23270.886338020675
14553.0,2256640.75,2256640.75,2266333.175145316,1.0,0.0,0.0,9692.425145315938,9692.425145315938
14556.0,2258176.7,2258176.7,2268822.213042976,1.0,0.0,0.0,10645.513042975683,10645.513042975683
14557.0,2258181.25,2258181.25,2268878.5099381856,1.0,0.0,0.0,10697.259938185569,10697.259938185569
14551.0,2254605.6,2254605.6,2270107.9105508015,3.0,0.0,0.0,15502.310550801456,15502.310550801456
14549.0,2254377.45,2254377.45,2272028.3993949224,1.0,1.0,0.0,17650.949394922238,17650.949394922238
14498.0,2203739.85,2203739.85,2272269.464240922,1.0,0.0,0.0,68529.61424092203,68529.61424092203
14544.0,2242806.8000000003,2242806.8000000003,2274283.9194712928,1.0,0.0,0.0,31477.119471292477,31477.119471292477
14554.0,2256681.0500000003,2256681.0500000003,2274881.056885845,2.0,0.0,0.0,18200.00688584475,18200.00688584475
14550.0,2254423.6,2254423.6,2278171.042659191,1.0,2.0,0.0,23747.442659190856,23747.442659190856
14441.0,2139306.65,2139306.65,2278484.4647445674,1.0,0.0,0.0,139177.8147445675,139177.8147445675
14555.0,2258064.9,2258064.9,2278727.6834271858,2.0,0.0,0.0,20662.783427185845,20662.783427185845
14558.0,2258183.2,2258183.2,2288018.7334759156,0.0,1.0,0.0,29835.533475915436,29835.533475915436
14559.0,2260271.65,2260271.65,2292212.8501367047,0.0,1.0,0.0,31941.200136704836,31941.200136704836
14561.0,2262512.2,2262512.2,2292507.2,0.0,0.0,0.0,29995.0,29995.0
14552.0,2254647.85,2254647.85,2293075.1550603984,1.0,0.0,0.0,38427.3050603983,38427.3050603983
14562.0,2293306.6,2293306.6,2298951.859333278,1.0,0.0,0.0,5645.2593332780525,5645.2593332780525
14566.0,2302182.35,2302182.35,2302331.35,0.0,0.0,0.0,149.0,149.0
14493.0,2198764.75,2198764.75,2307013.1112870076,2.0,0.0,0.0,108248.36128700757,108248.36128700757
14568.0,2308324.85,2308324.85,2308364.85,0.0,0.0,0.0,40.0,40.0
14497.0,2203628.7,2203628.7,2309462.8191319606,2.0,0.0,0.0,105834.11913196044,105834.11913196044
14560.0,2261013.3000000003,2261013.3000000003,2314325.6636709003,2.0,0.0,0.0,53312.3636709,53312.3636709
14504.0,2233557.95,2233557.95,2318370.790483209,2.0,1.0,0.0,84812.84048320865,84812.84048320865
14546.0,2242860.1,2242860.1,2319668.1,0.0,0.0,0.0,76808.0,76808.0
14564.0,2295505.5500000003,2295505.5500000003,2329973.518015753,1.0,0.0,0.0,34467.96801575273,34467.96801575273
14570.0,2341619.15,2341619.15,2341754.6058508493,1.0,0.0,0.0,135.45585084939376,135.45585084939376
14565.0,2300599.6,2300599.6,2350544.796777548,1.0,0.0,0.0,49945.19677754771,49945.19677754771
14563.0,2295490.6,2295490.6,2362022.5013315254,1.0,0.0,0.0,66531.9013315253,66531.9013315253
14572.0,2343039.4,2343039.4,2370778.559123876,1.0,0.0,0.0,27739.159123876132,27739.159123876132
14505.0,2235433.2,2235433.2,2374035.2,0.0,0.0,0.0,138602.0,138602.0
14567.0,2302951.95,2302951.95,2378804.601632366,2.0,0.0,0.0,75852.65163236577,75852.65163236577
14575.0,2379499.2,2379499.2,2379876.792088088,1.0,0.0,0.0,377.59208808792755,377.59208808792755
14576.0,2380135.5500000003,2380135.5500000003,2380529.5500000003,0.0,0.0,0.0,394.0,394.0
14577.0,2381207.4,2381207.4,2381334.7440457,1.0,0.0,0.0,127.34404570003971,127.34404570003971
14578.0,2381317.25,2381317.25,2381751.25,0.0,0.0,0.0,434.0,434.0
14579.0,2383146.35,2383146.35,2383709.0751095875,2.0,0.0,0.0,562.7251095874235,562.7251095874235
14581.0,2384656.3000000003,2384656.3000000003,2384757.0857607373,1.0,0.0,0.0,100.78576073702425,100.78576073702425
14582.0,2384858.45,2384858.45,2385230.45,0.0,0.0,0.0,372.0,372.0
14583.0,2385426.5500000003,2385426.5500000003,2385763.5324542406,2.0,1.0,0.0,336.9824542403221,336.9824542403221
14569.0,2310149.4,2310149.4,2393104.4305155096,1.0,0.0,0.0,82955.03051550966,82955.03051550966
14586.0,2410718.7,2410718.7,2418324.7,0.0,0.0,0.0,7606.0,7606.0
14494.0,2199633.8000000003,2199633.8000000003,2419880.817811103,2.0,0.0,0.0,220247.0178111028,220247.0178111028
14587.0,2419347.45,2419347.45,2420880.2345337695,2.0,1.0,0.0,1532.784533769358,1532.784533769358
14580.0,2384183.1,2384183.1,2474784.0806840193,1.0,0.0,0.0,90600.98068401916,90600.98068401916
14584.0,2385982.95,2385982.95,2475283.254679438,1.0,0.0,0.0,89300.304679438,89300.304679438
14571.0,2342894.45,2342894.45,2482313.531299448,2.0,0.0,0.0,139419.08129944792,139419.08129944792
14588.0,2469453.35,2469453.35,2498707.3857869324,1.0,0.0,0.0,29254.035786932334,29254.035786932334
14590.0,2470585.65,2470585.65,2500982.293255527,1.0,0.0,0.0,30396.64325552713,30396.64325552713
14574.0,2363885.5500000003,2363885.5500000003,2504581.2802292965,2.0,0.0,0.0,140695.73022929626,140695.73022929626
14594.0,2507839.75,2507839.75,2511355.256025896,1.0,0.0,0.0,3515.506025895942,3515.506025895942
14595.0,2511288.65,2511288.65,2514358.4583188435,1.0,0.0,0.0,3069.8083188435994,3069.8083188435994
14598.0,2515176.95,2515176.95,2515251.753113704,1.0,0.0,0.0,74.80311370361596,74.80311370361596
14600.0,2515225.0500000003,2515225.0500000003,2515298.0500000003,0.0,0.0,0.0,73.0,73.0
14599.0,2515208.15,2515208.15,2515425.1992899724,2.0,0.0,0.0,217.04928997252136,217.04928997252136
14597.0,2515085.95,2515085.95,2515512.479748868,1.0,0.0,0.0,426.52974886773154,426.52974886773154
14596.0,2513972.5,2513972.5,2516064.2503266167,1.0,0.0,0.0,2091.7503266166896,2091.7503266166896
14611.0,2517794.5,2517794.5,2517873.1304899603,0.0,1.0,0.0,78.63048996031284,78.63048996031284
14612.0,2517854.95,2517854.95,2517980.6869217977,2.0,0.0,0.0,125.73692179750651,125.73692179750651
14615.0,2518510.8000000003,2518510.8000000003,2518608.3581089694,1.0,1.0,0.0,97.5581089691259,97.5581089691259
14616.0,2518837.1,2518837.1,2519003.1,0.0,0.0,0.0,166.0,166.0
14605.0,2516426.9,2516426.9,2519125.4394593667,2.0,0.0,0.0,2698.539459366817,2698.539459366817
14617.0,2519236.2,2519236.2,2519342.4795525894,2.0,0.0,0.0,106.27955258917063,106.27955258917063
14619.0,2519648.3000000003,2519648.3000000003,2519721.350301831,2.0,0.0,0.0,73.05030183074996,73.05030183074996
14620.0,2519827.7,2519827.7,2519925.1861698474,1.0,0.0,0.0,97.4861698471941,97.4861698471941
14621.0,2519909.6,2519909.6,2520064.4299615524,0.0,1.0,0.0,154.82996155228466,154.82996155228466
14622.0,2519975.25,2519975.25,2520412.7302982653,1.0,0.0,0.0,437.4802982653491,437.4802982653491
14623.0,2520167.65,2520167.65,2520606.8384684348,1.0,0.0,0.0,439.1884684348479,439.1884684348479
14573.0,2352419.5500000003,2352419.5500000003,2520886.0525686173,0.0,1.0,0.0,168466.502568617,168466.502568617
14618.0,2519279.75,2519279.75,2520891.54096783,1.0,0.0,0.0,1611.7909678299911,1611.7909678299911
14624.0,2520388.65,2520388.65,2520958.6339825466,1.0,0.0,0.0,569.9839825467207,569.9839825467207
14625.0,2520839.1,2520839.1,2521019.1621159962,1.0,0.0,0.0,180.0621159961447,180.0621159961447
14628.0,2521167.35,2521167.35,2521240.35,0.0,0.0,0.0,73.0,73.0
14629.0,2521247.3000000003,2521247.3000000003,2521300.909094948,1.0,0.0,0.0,53.60909494757652,53.60909494757652
14631.0,2521320.75,2521320.75,2521364.22796863,1.0,0.0,0.0,43.47796862991527,43.47796862991527
14627.0,2521146.5500000003,2521146.5500000003,2521773.8981697196,1.0,0.0,0.0,627.3481697193347,627.3481697193347
14634.0,2521604.15,2521604.15,2521827.15,0.0,0.0,0.0,223.0,223.0
14636.0,2522107.25,2522107.25,2522344.8694860637,0.0,1.0,0.0,237.6194860637188,237.6194860637188
14626.0,2520903.45,2520903.45,2522576.323203104,1.0,0.0,0.0,1672.8732031038962,1672.8732031038962
14639.0,2522832.65,2522832.65,2526388.65,0.0,0.0,0.0,3556.0,3556.0
14646.0,2526235.4,2526389.8277600673,2526580.117342523,0.0,1.0,0.8115408004717466,344.71734252292663,190.28958245553076
14663.0,2527198.7,2527442.0900588282,2527518.0900588282,0.0,0.0,3.2025007740533176,319.39005882805213,76.0
14664.0,2527198.7,2527442.2046866557,2527518.2046866557,0.0,0.0,3.2040090349404826,319.5046866554767,76.0
14665.0,2527198.7,2527442.3251480735,2527518.3251480735,0.0,0.0,3.205594053596111,319.62514807330444,76.0
14666.0,2527198.7,2527442.4629108687,2527518.4629108687,0.0,0.0,3.207406721954038,319.7629108685069,76.0
14667.0,2527198.7,2527442.616790934,2527518.616790934,0.0,0.0,3.209431459655446,319.9167909338139,76.0
14668.0,2527199.35,2527442.783182081,2527518.783182081,0.0,0.0,3.2030681852729206,319.433182080742,76.0
14650.0,2527060.9,2527441.896209648,2527518.896209648,0.0,0.0,4.948002722700937,457.99620964797214,77.0
14651.0,2527061.5500000003,2527441.896209648,2527518.896209648,0.0,0.0,4.93956116425454,457.3462096475996,77.0
14652.0,2527061.5500000003,2527441.896209648,2527518.896209648,0.0,0.0,4.93956116425454,457.3462096475996,77.0
14653.0,2527061.5500000003,2527441.896209648,2527518.896209648,0.0,0.0,4.93956116425454,457.3462096475996,77.0
14654.0,2527061.5500000003,2527441.896209648,2527518.896209648,0.0,0.0,4.93956116425454,457.3462096475996,77.0
14655.0,2527061.5500000003,2527441.896209648,2527518.896209648,0.0,0.0,4.93956116425454,457.3462096475996,77.0
14656.0,2527061.5500000003,2527441.896209648,2527518.896209648,0.0,0.0,4.93956116425454,457.3462096475996,77.0
14657.0,2527061.5500000003,2527441.896209648,2527518.896209648,0.0,0.0,4.93956116425454,457.3462096475996,77.0
14669.0,2527199.35,2527442.9942190833,2527518.9942190833,0.0,0.0,3.205844987937445,319.64421908324584,76.0
14670.0,2527199.35,2527443.2371834414,2527519.2371834414,0.0,0.0,3.209041887385722,319.88718344131485,76.0
14658.0,2527062.2,2527441.896209648,2527551.896209648,0.0,0.0,3.451783724069934,489.69620964769274,110.0
14659.0,2527062.2,2527441.896209648,2527551.896209648,0.0,0.0,3.451783724069934,489.69620964769274,110.0
14671.0,2527199.35,2527443.4936942304,2527552.4936942304,0.0,0.0,2.239850405783076,353.1436942303553,109.0
14672.0,2527199.35,2527443.764780499,2527563.764780499,0.0,0.0,2.036789837491233,364.41478049894795,120.0
14660.0,2527062.2,2527441.896209648,2527582.896209648,0.0,0.0,2.6928809194871826,520.6962096476927,141.0
14661.0,2527062.2,2527441.9224393647,2527582.9224393647,0.0,0.0,2.6930669458477317,520.7224393645301,141.0
14662.0,2527062.2,2527441.9874616703,2527582.9874616703,0.0,0.0,2.6935280969511743,520.7874616701156,141.0
14673.0,2527199.35,2527444.0438001133,2527587.0438001133,0.0,0.0,1.7111454553368104,387.6938001131639,143.0
14674.0,2527199.35,2527444.3543259883,2527587.3543259883,0.0,0.0,1.713316964952705,388.0043259882368,143.0
14676.0,2527500.95,2527518.0900588282,2527598.0900588282,0.0,0.0,0.21425073535065167,97.14005882805213,80.0
14675.0,2527200.0,2527444.7103150403,2527618.7103150403,0.0,0.0,1.4063811209213375,418.7103150403127,174.0
14677.0,2528102.85,2528102.85,2528178.85,0.0,0.0,0.0,76.0,76.0
14678.0,2528103.5,2528178.85,2528254.85,0.0,0.0,0.9914473684222781,151.35000000009313,76.0
14679.0,2528103.5,2528178.886465836,2528254.886465836,0.0,0.0,0.9919271820506669,151.3864658358507,76.0
14680.0,2528103.5,2528178.932638877,2528254.932638877,0.0,0.0,0.9925347220667294,151.43263887707144,76.0
14681.0,2528103.5,2528179.002509426,2528255.002509426,0.0,0.0,0.9934540713928934,151.5025094258599,76.0
14682.0,2528103.5,2528179.101194651,2528255.101194651,0.0,0.0,0.9947525611956065,151.6011946508661,76.0
14683.0,2528103.5,2528179.2129581515,2528255.2129581515,0.0,0.0,0.9962231335720342,151.7129581514746,76.0
14684.0,2528103.5,2528179.3583046286,2528255.3583046286,0.0,0.0,0.9981355872189038,151.8583046286367,76.0
14685.0,2528104.15,2528179.5147250616,2528288.5147250616,0.0,0.0,0.6914194959788285,184.3647250616923,109.0
14691.0,2528252.35,2528254.886465836,2528295.886465836,0.0,0.0,0.061865020384330574,43.536465835757554,41.0
14686.0,2528104.15,2528179.6829100284,2528299.6829100284,0.0,0.0,0.6294409169039379,195.53291002847254,120.0
14690.0,2528248.45,2528254.85,2528312.85,0.0,0.0,0.11034482758460117,64.39999999990687,58.0
14687.0,2528104.15,2528179.875512972,2528321.875512972,0.0,0.0,0.5332782603669125,217.72551297210157,142.0
14688.0,2528104.15,2528180.0998000377,2528322.0998000377,0.0,0.0,0.5348577467449219,217.9498000377789,142.0
14692.0,2528252.35,2528254.932638877,2528328.932638877,0.0,0.0,0.03490052536457173,76.58263887697831,74.0
14693.0,2528252.35,2528255.002509426,2528329.002509426,0.0,0.0,0.035844721969821164,76.65250942576677,74.0
14694.0,2528252.35,2528255.101194651,2528329.101194651,0.0,0.0,0.037178306091526475,76.75119465077296,74.0
14689.0,2528104.15,2528180.3430253062,2528354.3430253062,0.0,0.0,0.4378909500363957,250.19302530633286,174.0
14695.0,2528253.0,2528255.2129581515,2528360.2129581515,0.0,0.0,0.021075791918805667,107.2129581514746,105.0
14696.0,2528253.0,2528255.3583046286,2528360.3583046286,0.0,0.0,0.02246004408225417,107.35830462863669,105.0
14697.0,2528409.0,2528409.0,2528566.0,0.0,0.0,0.0,157.0,157.0
14698.0,2528409.0,2528409.0,2528566.0,0.0,0.0,0.0,157.0,157.0
14699.0,2528409.0,2528409.0,2528639.0,0.0,0.0,0.0,230.0,230.0
14647.0,2526390.75,2526580.117342523,2528700.10535332,1.0,0.0,0.08932472332785753,2309.3553533200175,2119.988010797184
14593.0,2479898.85,2479898.85,2528756.1657342683,1.0,0.0,0.0,48857.315734268166,48857.315734268166
14704.0,2528593.6,2528700.10535332,2528789.343180087,1.0,1.0,1.1935000792670019,195.74318008683622,89.2378267669119
14700.0,2528409.65,2528566.0,2528889.0,0.0,0.0,0.4840557275544679,479.35000000009313,323.0
14703.0,2528409.65,2528566.0821336447,2529022.35753218,1.0,0.0,0.342845864903135,612.7075321800075,456.2753985351883
14701.0,2528409.65,2528566.0,2529023.0,0.0,0.0,0.34212253829342043,613.3500000000931,457.0
14702.0,2528409.65,2528566.0215823217,2529158.0215823217,0.0,0.0,0.2641411863544301,748.3715823218226,592.0
14706.0,2528890.65,2528890.65,2529372.992034397,1.0,0.0,0.0,482.3420343971811,482.3420343971811
14711.0,2529653.1,2529659.4741192283,2529784.2068492984,2.0,0.0,0.0511022185166155,131.1068492983468,124.73273007012904
14705.0,2528645.6,2528700.10535332,2529843.10535332,0.0,0.0,0.04768622337701166,1197.5053533199243,1143.0
14648.0,2526397.25,2526580.1458876296,2529997.1458876296,0.0,0.0,0.05352528171776256,3599.8958876295947,3417.0
14649.0,2526403.75,2526580.189786306,2530009.189786306,0.0,0.0,0.05145517244272871,3605.4397863061167,3429.0
14644.0,2525170.0500000003,2526388.65,2530092.037203438,1.0,2.0,0.3290501190014063,4921.987203437835,3703.3872034382075
14715.0,2530158.15,2530158.15,2530231.15,0.0,0.0,0.0,73.0,73.0
14717.0,2531194.25,2531194.25,2531251.25,0.0,0.0,0.0,57.0,57.0
14718.0,2531194.25,2531194.5620796983,2531273.5620796983,0.0,0.0,0.0039503759280130075,79.31207969831303,79.0
14719.0,2531194.25,2531194.78062167,2531304.78062167,0.0,0.0,0.004823833365331997,110.53062167018652,110.0
14720.0,2531204.65,2531251.25,2531312.2161443494,1.0,0.0,0.7643586534356892,107.56614434951916,60.96614434942603
14713.0,2529666.1,2529784.2068492984,2532316.686683197,0.0,1.0,0.04663683703120684,2650.586683196947,2532.4798338986
14707.0,2529170.15,2529658.9791723327,2532592.9658676656,1.0,0.0,0.16660919870916588,3422.8158676656894,2933.9866953329183
14714.0,2529829.9,2529997.1458876296,2534891.1458876296,0.0,0.0,0.03417365909883281,5061.245887629688,4894.0
14708.0,2529194.2,2529659.0142879793,2535614.097185986,1.0,1.0,0.0780533698590046,6419.89718598593,5955.0828980067745
14730.0,2536130.35,2536130.35,2536192.7049987465,1.0,0.0,0.0,62.35499874642119,62.35499874642119
14731.0,2536225.9,2536225.9,2536290.9,0.0,0.0,0.0,65.0,65.0
14733.0,2536267.5,2536290.971066419,2536362.971066419,0.0,0.0,0.3259870335977111,95.4710664190352,72.0
14732.0,2536242.8000000003,2536290.9,2536375.00210297,0.0,1.0,0.5719238675476239,132.20210296986625,84.10210297023878
14735.0,2536341.6,2536363.036927471,2536437.036927471,0.0,0.0,0.28968820906546267,95.43692747084424,74.0
14734.0,2536324.7,2536362.971066419,2536442.8556183157,1.0,0.0,0.4790796907558712,118.1556183155626,79.88455189671367
14637.0,2522163.15,2522344.8694860637,2538199.289233171,0.0,1.0,0.011461755709916066,16036.139233171009,15854.419747107197
14728.0,2533935.95,2534891.1601402815,2538253.895701803,1.0,1.0,0.2840574653599084,4317.945701802615,3362.735561521258
14591.0,2474570.8000000003,2474570.8000000003,2538277.8765906505,2.0,1.0,0.0,63707.07659065025,63707.07659065025
14724.0,2533040.25,2538277.8765906505,2538507.7533704825,0.0,0.0,22.784496087336688,5467.503370482475,229.8767798319459
14709.0,2529236.45,2529659.09931478,2538978.840928876,0.0,2.0,0.04534989619675101,9742.390928875655,9319.741614095867
14721.0,2531516.0,2532592.9658676656,2539585.4416179075,0.0,2.0,0.1540178194580568,8069.441617907491,6992.475750241894
14736.0,2536806.35,2538199.289233171,2541644.3609194993,2.0,1.0,0.40432808370828355,4838.010919499211,3445.0716863283888
14723.0,2532940.15,2534891.1458876296,2543089.391297989,0.0,0.0,0.2379772487859867,10149.241297989152,8198.245410359465
14589.0,2470234.65,2470234.65,2543251.157274,1.0,2.0,0.0,73016.50727399997,73016.50727399997
14725.0,2533326.25,2543251.157274,2543337.4418572946,1.0,2.0,115.02526749297212,10011.191857294645,86.28458329476416
14722.0,2532922.6,2543251.157274,2543339.133817432,1.0,0.0,117.40126255325256,10416.53381743189,87.97654343210161
14726.0,2533538.8000000003,2543251.157274,2543360.2913132864,1.0,0.0,88.99475670006554,9821.491313286126,109.13403928652406
14738.0,2539644.25,2540443.5,2543390.221133066,2.0,0.0,0.271233674280006,3745.9711330658756,2946.7211330658756
14638.0,2522327.6,2522344.9594551483,2543677.3816143894,1.0,0.0,0.0008137592167752878,21349.78161438927,21332.422159241047
14645.0,2525818.1,2526389.4906535796,2545864.338123475,1.0,0.0,0.029339929591888022,20046.23812347511,19474.847469895612
14742.0,2545986.3000000003,2545986.3000000003,2546168.3000000003,0.0,0.0,0.0,182.0,182.0
14741.0,2544692.15,2544692.15,2548055.903348487,1.0,0.0,0.0,3363.7533484869637,3363.7533484869637
14739.0,2542179.9,2542179.9,2548616.2605267754,0.0,2.0,0.0,6436.360526775476,6436.360526775476
14633.0,2521601.5500000003,2521601.5500000003,2549825.6534124003,1.0,0.0,0.0,28224.1034124,28224.1034124
14740.0,2543325.2,2543325.2,2550008.972465056,0.0,0.0,0.0,6683.772465055808,6683.772465055808
14743.0,2547418.9,2548055.903348487,2550920.733735987,2.0,0.0,0.22235290133278027,3501.8337359870784,2864.8303875001147
14635.0,2522067.6,2522067.6,2565006.357882766,2.0,2.0,0.0,42938.75788276596,42938.75788276596
14744.0,2563130.7,2563130.7,2567558.1856913,0.0,1.0,0.0,4427.485691299662,4427.485691299662
14745.0,2565804.8000000003,2565804.8000000003,2569695.8000000003,0.0,0.0,0.0,3891.0,3891.0
14642.0,2524566.2,2526388.9881943194,2572788.553459916,7.0,5.0,0.03928459639406936,48222.35345991561,46399.56526559638
14727.0,2533827.4,2538978.840928876,2572948.280505985,0.0,0.0,0.15164927632033443,39120.880505985115,33969.43957710918
14746.0,2569232.25,2569695.8000000003,2573005.3177698874,1.0,0.0,0.14006572323559124,3773.0677698873915,3309.517769887112
14643.0,2525110.25,2526389.197359432,2573183.598066589,14.0,43.0,0.02733120501821909,48073.348066588864,46794.40070715686
14752.0,2573551.5,2573551.5,2574193.5,0.0,0.0,0.0,642.0,642.0
14753.0,2574343.85,2574343.85,2574447.85,0.0,0.0,0.0,104.0,104.0
14754.0,2574623.35,2574631.161927083,2575496.3186143152,2.0,1.0,0.009029493961308003,872.9686143151484,865.1566872322
14758.0,2575537.25,2575537.25,2575647.0332164853,1.0,0.0,0.0,109.783216485288,109.783216485288
14759.0,2575770.6,2575770.6,2575874.6,0.0,0.0,0.0,104.0,104.0
14760.0,2575866.8000000003,2575874.6,2576020.6,0.0,0.0,0.05342465753297079,153.79999999981374,146.0
14761.0,2575938.3000000003,2576020.6,2576158.993712268,2.0,1.0,0.594680196457126,220.69371226755902,138.3937122677453
14712.0,2529658.95,2529658.95,2576177.5691890977,0.0,0.0,0.0,46518.619189097546,46518.619189097546
14762.0,2576284.1,2576284.1,2576405.684570541,0.0,1.0,0.0,121.58457054104656,121.58457054104656
14749.0,2571843.3000000003,2572788.553459916,2576635.553459916,0.0,0.0,0.24571184297258092,4792.253459915519,3847.0
14763.0,2576536.95,2576536.95,2577043.052336685,1.0,0.0,0.0,506.10233668470755,506.10233668470755
14764.0,2577041.35,2577043.052336685,2577197.401577198,2.0,1.0,0.011029122522029667,156.05157719785348,154.3492405130528
14765.0,2577402.1,2577402.1,2577471.694471991,1.0,0.0,0.0,69.59447199106216,69.59447199106216
14767.0,2577428.1,2577471.729751757,2577532.9632710367,2.0,0.0,0.7125141959811333,104.86327103665099,61.233519279863685
14768.0,2577432.0,2577471.777768961,2577556.767489778,1.0,0.0,0.46803035212849625,124.76748977787793,84.989720816724
14769.0,2577432.0,2577471.8646614198,2577575.77051694,1.0,1.0,0.3836613559476299,143.7705169399269,103.90585552016273
14771.0,2577432.0,2577472.145840128,2577582.8605064023,1.0,0.0,0.3626063418595495,150.8605064023286,110.71466627437621
14766.0,2577406.0,2577471.694471991,2577618.0947778416,0.0,2.0,0.4487317947154531,212.09477784158662,146.40030585043132
14770.0,2577432.0,2577471.996362928,2577689.389386696,0.0,2.0,0.1839818142946664,257.38938669580966,217.39302376797423
14774.0,2577561.35,2577561.35,2577717.464652611,1.0,1.0,0.0,156.1146526108496,156.1146526108496
14773.0,2577489.85,2577532.9632710367,2577734.83397603,0.0,0.0,0.21356873469142576,244.98397602979094,201.87070499313995
14772.0,2577443.0500000003,2577472.3288041963,2577743.6868630527,0.0,1.0,0.10789730852086438,300.63686305237934,271.35805885633454
14775.0,2577703.7,2577703.7,2577873.6216968508,0.0,0.0,0.0,169.92169685056433,169.92169685056433
14776.0,2577708.9,2577813.0241488353,2577919.0241488353,0.0,0.0,0.9823032909002647,210.12414883542806,106.0
14777.0,2577812.9,2577812.9,2577935.69105092,2.0,1.0,0.0,122.79105092026293,122.79105092026293
14778.0,2578267.9,2578267.9,2578321.008172383,0.0,1.0,0.0,53.1081723831594,53.1081723831594
14640.0,2524050.75,2526388.7257467317,2581441.7257467317,0.0,0.0,0.042467726495045495,57390.97574673174,55053.0
14641.0,2524447.25,2526388.813976545,2581491.4121677508,10.0,8.0,0.035235434267684884,57044.162167750765,55102.59819120588
14780.0,2578271.8000000003,2581441.7257467317,2581500.8086031317,2.0,0.0,53.65220877734614,3229.0086031313986,59.082856399938464
14782.0,2578271.8000000003,2581441.7257467317,2581519.5129569336,2.0,0.0,40.751246104675076,3247.7129569333047,77.78721020184457
14783.0,2578272.45,2581441.7257467317,2581525.068771374,1.0,1.0,38.02688659713656,3252.61877137376,83.34302464220673
14781.0,2578271.8000000003,2581441.7257467317,2581527.320458025,0.0,1.0,37.034130950721796,3255.5204580249265,85.59471129346639
14788.0,2579018.65,2581441.807387217,2581549.8732184167,2.0,1.0,22.42297459164462,2531.223218416795,108.06583119975403
14779.0,2578271.15,2581441.7257467317,2581557.4627218833,1.0,0.0,27.394665728729766,3286.3127218834125,115.73697515157983
14785.0,2578272.45,2581441.759708271,2581644.4599618,0.0,4.0,15.63545014420591,3372.0099617997184,202.70025352900848
14786.0,2578387.5,2581491.4121677508,2581672.721158047,1.0,0.0,17.119460886500093,3285.2211580472067,181.30899029644206
14797.0,2580693.0500000003,2581442.973199735,2581677.835204196,1.0,1.0,3.193037551795384,984.7852041958831,234.86200446123257
14784.0,2578272.45,2581441.7257467317,2581695.5908639045,0.0,0.0,12.484093057083609,3423.140863904264,253.8651171727106
14806.0,2581733.7,2581733.7,2581810.568819955,1.0,1.0,0.0,76.86881995480508,76.86881995480508
14792.0,2580450.6,2581442.098720325,2581837.703274327,2.0,0.0,2.5062874284323438,1387.1032743267715,395.6045540017076
14793.0,2580458.4,2581442.2361735348,2581845.5805166895,1.0,0.0,2.43919665722828,1387.1805166895501,403.34434315469116
14808.0,2581887.75,2581887.75,2581962.830967946,1.0,0.0,0.0,75.08096794597805,75.08096794597805
14756.0,2574674.0500000003,2575398.667235274,2582259.89827803,0.0,0.0,0.10561038256226707,7585.848278029822,6861.231042756233
14795.0,2580484.4,2581442.576169843,2582265.674986261,0.0,2.0,1.1641083072050566,1781.2749862610362,823.098816418089
14809.0,2582167.9,2582167.9,2582278.8410660434,0.0,1.0,0.0,110.94106604345143,110.94106604345143
14804.0,2581012.2,2581444.7442457094,2582328.301114083,2.0,0.0,0.48954884647718444,1316.1011140826158,883.5568683734164
14794.0,2580464.25,2581442.398686305,2582340.184594597,0.0,2.0,1.0895121846654834,1875.9345945972018,897.7859082920477
14811.0,2582247.2,2582265.711191348,2582353.9941447037,1.0,0.0,0.2096802456639966,106.79414470354095,88.28295335592702
14810.0,2582239.4,2582265.674986261,2582364.651971009,2.0,1.0,0.2654656163540792,125.2519710091874,98.97698474815115
14791.0,2580444.1,2581441.971193419,2582384.7821836127,0.0,2.0,1.0584000439086576,1940.6821836126037,942.8109901938587
14813.0,2582346.65,2582346.65,2582419.65,0.0,0.0,0.0,73.0,73.0
14790.0,2580435.65,2581441.8853564626,2582428.1804365083,0.0,2.0,1.0202173536301387,1992.5304365083575,986.2950800457038
14803.0,2580934.85,2581491.4276634213,2582802.233090123,1.0,0.0,0.4246073841955029,1867.3830901230685,1310.8054267019033
14799.0,2580919.25,2581443.4908312177,2582814.873422828,3.0,0.0,0.3822717558359502,1895.6234228280373,1371.3825916103087
14802.0,2580932.9,2581444.39347828,2582823.367087126,2.0,0.0,0.37092332659515476,1890.4670871258713,1378.9736088458449
14798.0,2580915.35,2581443.229330412,2582823.9386689314,1.0,0.0,0.38232473387783694,1908.5886689312756,1380.7093385192566
14834.0,2582606.65,2582804.7668367946,2582859.095751962,1.0,2.0,3.646618677797616,252.44575196225196,54.32891516759992
14817.0,2582581.3000000003,2582802.233090123,2582869.603020526,2.0,1.0,3.2794020834191646,288.3030205257237,67.36993040284142
14818.0,2582581.3000000003,2582802.3509245147,2582878.4444056465,1.0,0.0,2.904991613295458,297.14440564624965,76.09348113182932
14815.0,2582534.5,2582802.270409893,2582883.8215421876,1.0,0.0,3.2834664873169825,349.3215421875939,81.55113229481503
14825.0,2582586.5,2582802.233090123,2582883.8458253383,0.0,1.0,2.6433753207088118,297.3458253382705,81.61273521510884
14827.0,2582586.5,2582803.364894284,2582886.6049322365,2.0,1.0,2.605295475808857,300.1049322364852,83.24003795254976
14820.0,2582581.3000000003,2582802.476995689,2582892.3400520743,1.0,0.0,2.461267227991359,311.0400520740077,89.86305638542399
14828.0,2582587.15,2582803.677059867,2582893.08078323,1.0,0.0,2.4219020385571657,305.93078322988003,89.40372336283326
14822.0,2582581.95,2582802.820318012,2582905.820318012,0.0,0.0,2.144372019532489,323.8703180118464,103.0
14816.0,2582577.4,2582802.233090123,2582913.9732305347,0.0,1.0,2.012106744229944,336.57323053479195,111.74014041153714
14837.0,2582767.2,2582806.151257342,2582929.713459989,0.0,1.0,0.3152360228906618,162.51345998886973,123.56220264686272
14826.0,2582586.5,2582802.233090123,2582985.604327678,0.0,1.0,1.1764827079731774,399.10432767821476,183.37123755505309
14819.0,2582581.3000000003,2582802.233090123,2582986.001134021,0.0,1.0,1.2022388954929255,404.7011340209283,183.76804389804602
14829.0,2582587.15,2582804.015672061,2582990.720391564,0.0,1.0,1.1615436001755683,403.5703915641643,186.7047195029445
14821.0,2582581.95,2582802.639267799,2582991.165000846,0.0,1.0,1.1706055413855943,409.21500084595755,188.52573304716498
14830.0,2582587.15,2582804.3871285785,2582993.251369737,0.0,1.0,1.150229007068509,406.1013697371818,188.86424115858972
14823.0,2582581.95,2582803.072397421,2583004.31046259,0.0,1.0,1.0988099951941437,422.36046258965507,201.2380651687272
14836.0,2582691.15,2582805.649915323,2583004.9980809037,0.0,1.0,0.574371552353021,313.84808090375736,199.34816558053717
14835.0,2582653.45,2582805.186491917,2583011.9374019005,0.0,1.0,0.7339096690249318,358.4874019003473,206.75090998364612
14832.0,2582587.15,2582824.28265616,2583055.599860581,0.0,1.0,1.0251405932123134,468.44986058119684,231.31720442092046
14831.0,2582587.15,2582823.9386689314,2583063.8263971526,0.0,0.0,0.987081209560963,476.6763971527107,239.88772822124884
14838.0,2582862.75,2582862.75,2583073.3393067108,0.0,1.0,0.0,210.5893067107536,210.5893067107536
14824.0,2582581.95,2583004.31046259,2583303.356335767,0.0,1.0,1.4123601108493862,721.4063357668929,299.0458731772378
14839.0,2583140.95,2583140.95,2583356.8640417475,0.0,0.0,0.0,215.91404174733907,215.91404174733907
14833.0,2582587.15,2583303.396046287,2583488.2070188536,1.0,1.0,3.8755601809759663,901.057018853724,184.81097256671637
14841.0,2583348.95,2583356.8640417475,2583631.4527075742,1.0,0.0,0.028821443607339153,282.5027075740509,274.5886658267118
14840.0,2583236.5,2583303.356335767,2583637.7641891013,0.0,1.0,0.19992453855520612,401.26418910128996,334.4078533342108
14632.0,2521335.0500000003,2521335.0500000003,2583912.8814312457,2.0,1.0,0.0,62577.83143124543,62577.83143124543
14842.0,2583621.95,2583621.95,2583990.2026012386,2.0,0.0,0.0,368.2526012384333,368.2526012384333
14843.0,2583982.0500000003,2583982.0500000003,2584039.5444154097,2.0,0.0,0.0,57.494415409397334,57.494415409397334
14847.0,2583986.6,2583990.214579065,2584145.295247519,0.0,1.0,0.023307734618401688,158.69524751883,155.08066845405847
14848.0,2583986.6,2583990.265587926,2584151.546192594,0.0,2.0,0.022728014527006464,164.94619259377941,161.2806046679616
14845.0,2583985.95,2583990.2026012386,2584195.4999095183,0.0,1.0,0.020714354581990668,209.54990951810032,205.29730827966705
14846.0,2583985.95,2583990.2026012386,2584197.282785512,0.0,1.0,0.02053601243090589,211.33278551185504,207.08018427342176
14844.0,2583985.95,2583990.2026012386,2584202.4870672403,0.0,2.0,0.02003255969939789,216.53706724010408,212.2844660016708
14849.0,2583986.6,2583990.3279879354,2584210.479050336,2.0,0.0,0.016933772177388645,223.87905033584684,220.15106240054592
14850.0,2583987.25,2584229.0983860963,2584338.0983860963,0.0,0.0,2.2187925329936,350.8483860963024,109.0
14852.0,2584229.0500000003,2584229.0500000003,2584451.0699987914,2.0,1.0,0.0,222.01999879116192,222.01999879116192
14800.0,2580921.85,2581443.7600994124,2584783.8556213626,0.0,1.0,0.15625603997923684,3862.0056213624775,3340.095521950163
14801.0,2580924.45,2581444.058805231,2584784.624189659,0.0,1.0,0.15554516838765242,3860.1741896588355,3340.565384428017
14854.0,2584752.3000000003,2584752.3000000003,2584865.3342878083,0.0,1.0,0.0,113.03428780799732,113.03428780799732
14860.0,2584756.85,2584785.0655130553,2584898.9426259696,1.0,0.0,0.2477715875747246,142.09262596955523,113.87711291434243
14863.0,2584856.3000000003,2584898.9426259696,2584943.5900609265,1.0,0.0,0.9550968831820247,87.29006092622876,44.6474349568598
14855.0,2584756.2,2584783.8556213626,2584961.1140790298,0.0,1.0,0.1560186279760388,204.91407902957872,177.2584576671943
14856.0,2584756.2,2584783.8556213626,2584961.7862525415,0.0,0.0,0.15542923205043097,205.58625254128128,177.93063117889687
14865.0,2584860.85,2584898.9426259696,2584961.879466412,1.0,1.0,0.6052516411968976,101.02946641203016,62.93684044247493
14857.0,2584756.85,2584784.7543886267,2584971.7845095266,0.0,3.0,0.14919729769894272,214.93450952647254,187.0301208999008
14859.0,2584756.85,2584784.893892332,2584992.436837167,0.0,1.0,0.1351233228100232,235.5868371669203,207.54294483503327
14867.0,2584860.85,2584898.9426259696,2584997.441000635,1.0,0.0,0.38673354864027587,136.59100063471124,98.498374665156
14869.0,2584861.5,2584899.0097988867,2585020.0097988867,0.0,0.0,0.3099983379067776,158.5097988867201,121.0
14858.0,2584756.85,2584784.624189659,2585024.453495149,0.0,0.0,0.11580815614747804,267.6034951489419,239.8293054900132
14868.0,2584860.85,2584898.9493105,2585045.0475830175,0.0,1.0,0.26077865154472674,184.19758301740512,146.0982725173235
14873.0,2584947.95,2584961.879466412,2585051.339920523,2.0,0.0,0.15570529515371886,103.38992052292451,89.46045411098748
14874.0,2585016.85,2585016.85,2585089.85,0.0,0.0,0.0,73.0,73.0
14866.0,2584860.85,2584898.9426259696,2585092.3934526145,0.0,1.0,0.19691115633989448,231.5434526144527,193.45082664489746
14864.0,2584860.2,2584898.9426259696,2585097.5464486135,0.0,2.0,0.19507492581819233,237.34644861333072,198.60382264386863
14877.0,2585021.4,2585021.4,2585114.4,0.0,0.0,0.0,93.0,93.0
14876.0,2585020.75,2585020.75,2585116.3804595754,3.0,0.0,0.0,95.63045957544819,95.63045957544819
14875.0,2585020.75,2585020.75,2585158.725776602,0.0,1.0,0.0,137.97577660204843,137.97577660204843
14878.0,2585021.4,2585021.4,2585159.074096671,1.0,1.0,0.0,137.67409667093307,137.67409667093307
14872.0,2584944.7,2584961.7862525415,2585173.6978905937,0.0,0.0,0.08062913721176664,228.99789059348404,211.91163805220276
14871.0,2584940.8000000003,2584946.4443937642,2585178.3086816245,0.0,1.0,0.024343523601932083,237.50868162419647,231.8642878602259
14861.0,2584756.85,2585020.0097988867,2585259.8308179793,0.0,0.0,1.0973174906951884,502.9808179792017,239.82101909257472
14879.0,2585021.4,2585021.4,2585269.30340089,0.0,0.0,0.0,247.9034008900635,247.9034008900635
14880.0,2585021.4,2585045.0475830175,2585292.871591957,0.0,0.0,0.09542087192763203,271.47159195691347,247.82400893932208
14755.0,2574631.15,2574631.15,2585293.7315465263,0.0,2.0,0.0,10662.581546526402,10662.581546526402
14870.0,2584861.5,2585259.8308179793,2585501.731239812,0.0,0.0,1.646672688544556,640.231239811983,241.90042183268815
14881.0,2585021.4,2585501.731239812,2585749.6367343804,0.0,0.0,1.9375578611047677,728.2367343804799,247.9054945684038
14789.0,2579118.75,2581441.7257467317,2586190.5050100386,0.0,0.0,0.48917324178047916,7071.755010038614,4748.779263306875
14887.0,2586112.75,2586190.7699023145,2586292.7699023145,0.0,0.0,0.7649010030835793,180.0199023145251,102.0
14886.0,2586111.45,2586190.6151694716,2586301.268406388,0.0,1.0,0.7154347371807941,189.8184063876979,110.65323691628873
14890.0,2586125.1,2586190.5050100386,2586323.831685595,0.0,1.0,0.49056207068446167,198.73168559512123,133.3266755566001
14892.0,2586149.15,2586191.200095882,2586405.228418539,0.0,1.0,0.19646977259980136,256.0784185389057,214.02832265663892
14812.0,2582286.85,2582346.69584838,2586498.240714208,2.0,0.0,0.014415320155328815,4211.39071420813,4151.5448658280075
14862.0,2584757.5,2586292.7699023145,2586508.628758118,0.0,0.0,7.112378579974165,1751.1287581180222,215.85885580349714
14882.0,2585022.0500000003,2586508.628758118,2586696.5486878273,0.0,0.0,7.9107030340927595,1674.4986878270283,187.9199297092855
14807.0,2581792.2,2581810.568819955,2586704.0851673293,0.0,0.0,0.003753705648630596,4911.8851673291065,4893.516347374301
14917.0,2586537.85,2586696.605430435,2586757.4563444103,2.0,0.0,2.6089243375874656,219.6063444102183,60.85091397538781
14905.0,2586536.5500000003,2586696.554278436,2586772.614136143,1.0,1.0,2.1036626054731804,236.06413614284247,76.059857707005
14901.0,2586535.9,2586696.5486878273,2586799.5486878273,0.0,0.0,1.5596959983242802,263.64868782740086,103.0
14899.0,2586520.95,2586696.5486878273,2586806.9208011148,0.0,1.0,1.5909696987480797,285.97080111457035,110.37211328744888
14908.0,2586536.5500000003,2586704.0851673293,2586811.187659015,1.0,0.0,1.5642508842906087,274.6376590146683,107.10249168565497
14888.0,2586119.25,2586696.5486878273,2586818.5486878273,0.0,0.0,4.731956457600883,699.2986878273077,122.0
14889.0,2586122.5,2586696.5486878273,2586818.5486878273,0.0,0.0,4.705317113338588,696.0486878273077,122.0
14900.0,2586535.9,2586696.5486878273,2586828.894506975,0.0,1.0,1.2138554044388077,292.9945069751702,132.34581914776936
14906.0,2586536.5500000003,2586704.0851673293,2586840.294015184,0.0,3.0,1.2299874051329356,303.74401518376544,136.2088478547521
14902.0,2586535.9,2586696.5486878273,2586895.0349165765,0.0,1.0,0.8093694400855705,359.13491657655686,198.486228749156
14934.0,2586554.1,2586757.4563444103,2586899.3948626607,0.0,0.0,1.4327072518223993,345.2948626605794,141.93851825036108
14925.0,2586538.5,2586818.5486878273,2586907.0768486736,2.0,0.0,3.163385358399529,368.57684867363423,88.5281608463265
14920.0,2586537.85,2586704.1683013435,2586907.4234095323,0.0,3.0,0.8182736602557515,369.5734095321968,203.25510818883777
14924.0,2586538.5,2586751.981702276,2586913.8789417315,0.0,0.0,1.3186247214223503,375.37894173152745,161.89723945548758
14911.0,2586537.2,2586818.5486878273,2586916.4784183637,1.0,1.0,2.872964995267694,379.27841836353764,97.92973053641617
14937.0,2586554.75,2586811.187659015,2586929.187659015,0.0,0.0,2.1732005001266756,374.4376590149477,118.0
14912.0,2586537.2,2586818.5486878273,2586930.8102275385,2.0,0.0,2.50618946213486,393.61022753827274,112.26153971115127
14919.0,2586537.85,2586818.56303619,2586938.4947360605,1.0,1.0,2.3406074998738036,400.644736060407,119.93169987061992
14930.0,2586553.45,2586757.4563444103,2586943.367564247,0.0,0.0,1.0973320738218126,389.9175642468035,185.91121983667836
14907.0,2586536.5500000003,2586799.5486878273,2586948.37240597,0.0,2.0,1.7671826178597347,411.82240596972406,148.82371814269572
14913.0,2586537.2,2586818.5486878273,2586981.612978436,1.0,0.0,1.725385041548961,444.41297843586653,163.06429060874507
14942.0,2586555.4,2586929.187659015,2586998.2712633465,1.0,0.0,5.410656589672128,442.8712633466348,69.08360433159396
14935.0,2586554.1,2586818.6235121964,2587008.3739131517,0.0,2.0,1.3940603596328827,454.27391315158457,189.75040095532313
14941.0,2586555.4,2586833.126076351,2587014.9988849806,0.0,0.0,1.527034626251113,459.59888498065993,181.8728086296469
14918.0,2586537.85,2586818.5486878273,2587025.889463969,0.0,1.0,1.3538035935359674,488.03946396894753,207.34077614173293
14931.0,2586553.45,2586797.7815713207,2587033.64782961,0.0,0.0,1.0358903095878966,480.1978296097368,235.86625828919932
14926.0,2586538.5,2586818.5486878273,2587048.8678585687,0.0,1.0,1.2159156657514492,510.3678585686721,230.31917074136436
14938.0,2586554.75,2586948.37240597,2587051.0588000445,2.0,0.0,3.8332479148557552,496.30880004446954,102.68639407446608
14909.0,2586536.5500000003,2586818.5486878273,2587083.55977117,0.0,1.0,1.064101486889386,547.009771169629,265.0110833426006
14929.0,2586552.8000000003,2586907.0768486736,2587124.943757658,0.0,0.0,1.6261159178558497,572.1437576576136,217.86690898425877
14921.0,2586537.85,2586938.4947360605,2587188.3275147174,0.0,0.0,1.6036516033418164,650.4775147172622,249.83277865685523
14915.0,2586537.2,2586981.612978436,2587229.4774871953,0.0,0.0,1.792967378268579,692.2774871950969,247.86450875923038
14932.0,2586553.45,2587188.3275147174,2587323.172231848,1.0,1.0,4.708211995451058,769.7222318476997,134.84471713053063
14943.0,2586555.4,2587323.172231848,2587408.172231848,0.0,0.0,9.032614492329166,852.7722318479791,85.0
14936.0,2586554.1,2587229.4774871953,2587475.3803449376,0.0,0.0,2.7465215060780004,921.2803449374624,245.90285774227232
14796.0,2580635.2,2581442.7590792854,2587596.9127665954,2.0,1.0,0.1312217926813329,6961.712766595185,6154.153687309939
14944.0,2586555.4,2587408.172231848,2587653.9931398397,0.0,0.0,3.469079334278063,1098.5931398398243,245.82090799184516
14914.0,2586537.2,2587653.9931398397,2587781.078395033,0.0,1.0,8.787747549021296,1243.8783950326033,127.0852551930584
14922.0,2586537.85,2587781.078395033,2588006.968451333,0.0,0.0,5.503688012628381,1469.118451333139,225.89005630044267
14927.0,2586538.5,2588006.968451333,2588118.968451333,0.0,0.0,13.11132545833243,1580.4684513332322,112.0
14928.0,2586538.5,2588118.968451333,2588318.858397921,0.0,0.0,7.906693049410737,1780.3583979210816,199.8899465878494
14851.0,2583987.25,2584338.0983860963,2590106.018382417,18.0,18.0,0.060827540312643556,6118.768382417038,5767.919996320736
14903.0,2586535.9,2590106.018382417,2590221.8278621114,1.0,0.0,30.827514222839337,3685.927862111479,115.80947969434783
14910.0,2586536.5500000003,2590106.018382417,2590335.1459443984,1.0,1.0,15.578520329682998,3798.595944398083,229.1275619813241
14916.0,2586537.2,2590221.8278621114,2590533.693055081,0.0,0.0,11.814809556089392,3996.493055080995,311.8651929697953
14933.0,2586553.45,2590335.1459443984,2590648.9141404144,0.0,0.0,12.052515176535987,4095.4641404142603,313.7681960160844
14939.0,2586554.75,2590533.693055081,2590648.9267740794,1.0,0.0,34.52932951978323,4094.1767740794457,115.23371899826452
14904.0,2586535.9,2590648.9267740794,2590897.1244714945,1.0,1.0,16.571575066637546,4361.2244714945555,248.1976974150166
14923.0,2586537.85,2590897.1244714945,2591090.9588009147,0.0,1.0,22.489692535543654,4553.108800914604,193.834329420235
14940.0,2586554.75,2591332.9937004824,2591457.9937004824,0.0,0.0,38.225949603859334,4903.243700482417,125.0
14747.0,2570842.95,2572788.553459916,2593197.935124954,0.0,1.0,0.09532887825055773,22354.985124954022,20409.38166503841
14891.0,2586135.5,2586190.9684352493,2593639.568521626,1.0,0.0,0.007446826867607369,7504.068521625828,7448.600086376537
14814.0,2582450.65,2582450.65,2593718.3006056077,0.0,3.0,0.0,11267.650605607778,11267.650605607778
14883.0,2585579.75,2585749.6367343804,2595050.175364786,1.0,0.0,0.01826633285786168,9470.425364785828,9300.538630405441
14787.0,2578433.0,2581672.721158047,2595240.70333533,18.0,43.0,0.23877693202395106,16807.70333532989,13567.982177282684
14953.0,2600419.9,2600419.9,2600546.9,0.0,0.0,0.0,127.0,127.0
14954.0,2600488.8000000003,2600546.9,2600816.7073943648,0.0,2.0,0.21533879802071468,327.9073943644762,269.80739436484873
14604.0,2515455.15,2515455.15,2600975.1736144815,1.0,0.0,0.0,85520.02361448156,85520.02361448156
14592.0,2479791.6,2479791.6,2601379.0719416915,1.0,9.0,0.0,121587.47194169136,121587.47194169136
14897.0,2586414.35,2586696.5486878273,2601864.206552891,1.0,1.0,0.018605290964349454,15449.856552890968,15167.657865063753
14603.0,2515442.8000000003,2515442.8000000003,2603639.829659328,1.0,0.0,0.0,88197.02965932759,88197.02965932759
14955.0,2603797.95,2603797.95,2604217.2217390398,1.0,0.0,0.0,419.2717390395701,419.2717390395701
14608.0,2516766.2,2516766.2,2604401.4615222686,7.0,32.0,0.0,87635.26152226841,87635.26152226841
14585.0,2386423.0,2386423.0,2608033.0,0.0,0.0,0.0,221610.0,221610.0
14884.0,2585596.0,2585749.6367343804,2608465.867187561,0.0,1.0,0.006763302331213817,22869.867187561,22716.230453180615
14885.0,2585613.5500000003,2585749.6367343804,2608635.3640998253,0.0,1.0,0.005946358278548074,23021.814099824987,22885.72736544488
14607.0,2516704.45,2516704.45,2610166.897876102,2.0,2.0,0.0,93462.44787610183,93462.44787610183
14751.0,2571939.5,2572788.553459916,2610175.7137856577,11.0,26.0,0.022709760584068928,38236.21378565766,37387.16032574186
14606.0,2516646.6,2516646.6,2612670.6517550102,4.0,2.0,0.0,96024.05175501015,96024.05175501015
14602.0,2515435.0,2515435.0,2615765.921924743,1.0,1.0,0.0,100330.92192474287,100330.92192474287
14893.0,2586164.1,2586301.3445623163,2616969.150284848,1.0,0.0,0.004475199939570038,30805.050284848083,30667.805722531863
14805.0,2581232.5500000003,2616969.150284848,2618619.57703014,0.0,2.0,21.65294544989307,37387.027030139696,1650.4267452917993
14895.0,2586243.4,2586498.2682807106,2620250.7145443917,2.0,0.0,0.0075511054434267725,34007.31454439182,33752.446263681166
14950.0,2591332.9,2591332.9,2622998.841733023,2.0,1.0,0.0,31665.94173302315,31665.94173302315
14894.0,2586179.7,2586498.240714208,2624216.4350087265,1.0,0.0,0.0084452800608838,38036.73500872636,37718.194294518325
14737.0,2539336.15,2543251.157274,2629167.445168222,1.0,3.0,0.04556769583457838,89831.29516822193,85916.28789422195
14958.0,2629086.85,2629086.85,2629531.90298133,1.0,1.0,0.0,445.0529813300818,445.0529813300818
14959.0,2629467.1,2629467.1,2629536.249841385,1.0,0.0,0.0,69.1498413849622,69.1498413849622
14961.0,2629519.75,2629519.75,2630231.766470016,1.0,0.0,0.0,712.0164700159803,712.0164700159803
14949.0,2591022.85,2591022.85,2631773.4443873693,1.0,1.0,0.0,40750.59438736923,40750.59438736923
14956.0,2604119.7,2604217.2217390398,2631890.1554863807,2.0,1.0,0.0035240838550029377,27770.455486380495,27672.933747340925
14965.0,2632029.4,2632029.4,2632114.2137362994,1.0,0.0,0.0,84.8137362995185,84.8137362995185
14963.0,2630707.3000000003,2630707.3000000003,2632420.7931526816,2.0,0.0,0.0,1713.4931526812725,1713.4931526812725
14962.0,2629546.4,2629546.4,2632768.5948488745,1.0,0.0,0.0,3222.194848874584,3222.194848874584
14967.0,2633164.3000000003,2633164.3000000003,2633248.965500933,2.0,0.0,0.0,84.66550093283877,84.66550093283877
14729.0,2535367.9,2543251.157274,2634043.5267405636,1.0,2.0,0.0868273107125281,98675.62674056366,90792.36946656369
14973.0,2634212.75,2634212.75,2634296.75,0.0,0.0,0.0,84.0,84.0
14974.0,2634245.25,2634245.25,2634302.4897726364,1.0,0.0,0.0,57.23977263644338,57.23977263644338
14976.0,2634393.45,2634393.45,2634500.4128166772,1.0,0.0,0.0,106.96281667705625,106.96281667705625
14978.0,2634492.9,2634492.9,2634551.9,0.0,0.0,0.0,59.0,59.0
14979.0,2634533.85,2634533.85,2634612.101868692,1.0,1.0,0.0,78.25186869176105,78.25186869176105
14977.0,2634492.25,2634492.25,2634638.25,0.0,0.0,0.0,146.0,146.0
14972.0,2634210.8000000003,2634210.8000000003,2634707.8000000003,0.0,0.0,0.0,497.0,497.0
14966.0,2632214.0,2632214.0,2635111.2040490727,2.0,1.0,0.0,2897.204049072694,2897.204049072694
14982.0,2635032.4,2635032.4,2635314.4335682928,1.0,2.0,0.0,282.0335682928562,282.0335682928562
14981.0,2634772.4,2634772.4,2635359.9120810027,1.0,0.0,0.0,587.5120810028166,587.5120810028166
14983.0,2635206.6,2635206.6,2635870.1186179747,0.0,2.0,0.0,663.5186179745942,663.5186179745942
14601.0,2515428.5,2515428.5,2635907.4447079212,2.0,1.0,0.0,120478.94470792124,120478.94470792124
14987.0,2635628.45,2635628.45,2636002.1917794514,2.0,0.0,0.0,373.7417794512585,373.7417794512585
14988.0,2635905.35,2635905.35,2636022.0554512064,2.0,0.0,0.0,116.70545120630413,116.70545120630413
14989.0,2635985.95,2635985.95,2636137.9979555095,2.0,1.0,0.0,152.0479555092752,152.0479555092752
14991.0,2636282.35,2636282.35,2636351.35,0.0,0.0,0.0,69.0,69.0
14992.0,2636329.8000000003,2636329.8000000003,2636400.8000000003,0.0,0.0,0.0,71.0,71.0
14993.0,2636394.15,2636394.15,2636464.15,0.0,0.0,0.0,70.0,70.0
14994.0,2636468.9,2636468.9,2636497.187823593,1.0,0.0,0.0,28.287823593243957,28.287823593243957
14986.0,2635534.85,2635534.85,2636671.9041557224,1.0,0.0,0.0,1137.0541557222605,1137.0541557222605
14995.0,2636716.5500000003,2636716.5500000003,2636928.176663373,1.0,0.0,0.0,211.6266633728519,211.6266633728519
14997.0,2637033.75,2637033.75,2637144.4632982016,2.0,0.0,0.0,110.71329820156097,110.71329820156097
14960.0,2629476.2,2629476.2,2637561.212724693,1.0,0.0,0.0,8085.012724692933,8085.012724692933
14896.0,2586270.7,2586301.268406388,2638007.5458342084,1.0,0.0,0.0005911933310296792,51736.84583420819,51706.27742782049
14898.0,2586425.4,2586425.4,2638034.070088947,1.0,0.0,0.0,51608.670088947285,51608.670088947285
15002.0,2638339.6,2638339.6,2638455.6,0.0,0.0,0.0,116.0,116.0
15003.0,2639954.85,2639954.85,2640416.85,0.0,0.0,0.0,462.0,462.0
14757.0,2574744.9,2575398.7141484437,2640556.441987189,1.0,2.0,0.010034330080720947,65811.54198718909,65157.72783874534
15004.0,2640454.0500000003,2640454.0500000003,2640700.0500000003,0.0,0.0,0.0,246.0,246.0
14984.0,2635449.7,2635449.7,2640832.6721957834,1.0,0.0,0.0,5382.972195783164,5382.972195783164
15005.0,2640814.15,2640814.15,2640888.525200471,1.0,0.0,0.0,74.37520047090948,74.37520047090948
15006.0,2640881.75,2640881.75,2640964.75,0.0,0.0,0.0,83.0,83.0
14985.0,2635522.5,2635522.5,2641092.150059455,1.0,0.0,0.0,5569.650059455074,5569.650059455074
15008.0,2641018.25,2641018.25,2641099.688216385,1.0,0.0,0.0,81.43821638496593,81.43821638496593
15007.0,2640905.15,2640905.15,2641132.15,0.0,0.0,0.0,227.0,227.0
15009.0,2641111.85,2641111.85,2641213.85,0.0,0.0,0.0,102.0,102.0
15010.0,2641136.5500000003,2641136.5500000003,2641384.5500000003,0.0,0.0,0.0,248.0,248.0
15011.0,2641223.65,2641223.65,2641411.5612777947,1.0,0.0,0.0,187.91127779474482,187.91127779474482
15012.0,2641375.1,2641375.1,2641494.3827038147,2.0,0.0,0.0,119.28270381456241,119.28270381456241
15015.0,2641509.0,2641509.0,2641686.5700431783,1.0,0.0,0.0,177.57004317827523,177.57004317827523
15014.0,2641486.9,2641486.9,2641995.9,0.0,0.0,0.0,509.0,509.0
14968.0,2633966.4,2633966.4,2642172.869387601,1.0,0.0,0.0,8206.46938760113,8206.46938760113
14975.0,2634390.85,2634390.85,2642338.7646971666,1.0,0.0,0.0,7947.914697166532,7947.914697166532
15017.0,2641791.1,2641791.1,2642467.5070915483,1.0,0.0,0.0,676.4070915482007,676.4070915482007
14980.0,2634648.25,2634648.25,2642514.704974212,1.0,0.0,0.0,7866.454974212218,7866.454974212218
15020.0,2642595.8000000003,2642595.8000000003,2642813.797013763,1.0,0.0,0.0,217.99701376259327,217.99701376259327
15021.0,2642719.3000000003,2642719.3000000003,2642865.3000000003,0.0,0.0,0.0,146.0,146.0
15018.0,2641802.15,2641802.15,2642903.558002872,1.0,0.0,0.0,1101.40800287202,1101.40800287202
15016.0,2641575.3000000003,2641575.3000000003,2643109.0958200847,1.0,0.0,0.0,1533.7958200844005,1533.7958200844005
15013.0,2641475.2,2641475.2,2643171.2,0.0,0.0,0.0,1696.0,1696.0
15022.0,2643109.95,2643109.95,2643396.6132270517,1.0,0.0,0.0,286.6632270514965,286.6632270514965
15023.0,2643289.35,2643289.35,2643589.35,0.0,0.0,0.0,300.0,300.0
15024.0,2643775.5500000003,2643775.5500000003,2643896.2577566598,1.0,0.0,0.0,120.70775665948167,120.70775665948167
15025.0,2643977.7,2643977.7,2644081.7,0.0,0.0,0.0,104.0,104.0
15028.0,2644440.5,2644440.5,2644515.7542120935,1.0,0.0,0.0,75.25421209353954,75.25421209353954
15026.0,2644226.65,2644226.65,2644522.65,0.0,0.0,0.0,296.0,296.0
15031.0,2644474.95,2644474.95,2644576.95,0.0,0.0,0.0,102.0,102.0
15027.0,2644237.7,2644237.7,2644599.7798592607,1.0,0.0,0.0,362.0798592604697,362.0798592604697
15030.0,2644458.0500000003,2644458.0500000003,2644601.0110944314,2.0,1.0,0.0,142.96109443111345,142.96109443111345
15033.0,2644603.0,2644603.0,2644964.6508718585,1.0,0.0,0.0,361.6508718584664,361.6508718584664
15034.0,2644612.1,2644612.1,2645120.903999632,1.0,0.0,0.0,508.8039996321313,508.8039996321313
15035.0,2644636.8000000003,2644636.8000000003,2645624.112682768,2.0,0.0,0.0,987.3126827678643,987.3126827678643
15036.0,2644718.7,2644718.7,2645653.271349025,2.0,0.0,0.0,934.5713490247726,934.5713490247726
15042.0,2645331.0,2645624.112682768,2645676.566859159,0.0,1.0,5.587976076169673,345.56685915915295,52.45417639100924
15049.0,2645332.3000000003,2645653.5243747667,2645796.5243747667,0.0,0.0,2.2463242990661647,464.22437476646155,143.0
15048.0,2645331.65,2645625.181205521,2645829.5178006734,0.0,1.0,1.4365082539517253,497.8678006734699,204.33659515250474
15032.0,2644601.0500000003,2644601.0500000003,2645830.0500000003,0.0,0.0,0.0,1229.0,1229.0
14630.0,2521279.15,2521279.15,2646009.9301272742,2.0,1.0,0.0,124730.78012727434,124730.78012727434
15050.0,2645332.3000000003,2645796.5243747667,2646245.2224435504,3.0,0.0,1.034603014951532,912.9224435500801,448.6980687836185
15039.0,2644994.3000000003,2645120.903999632,2646254.1289011943,1.0,0.0,0.11172010027085363,1259.828901194036,1133.224901562091
15107.0,2646432.1,2646432.1,2646711.206692662,1.0,0.0,0.0,279.10669266199693,279.10669266199693
15109.0,2646573.8000000003,2646711.206692662,2646758.206692662,0.0,0.0,2.9235466523789504,184.40669266181067,47.0
15108.0,2646569.25,2646711.206692662,2646787.021231647,2.0,0.0,1.8724204428668927,217.7712316471152,75.81453898502514
15043.0,2645331.65,2645624.112682768,2646794.24576236,0.0,1.0,0.24993967598137984,1462.5957623599097,1170.1330795916729
15044.0,2645331.65,2645624.112682768,2646794.9071701663,0.0,1.0,0.24979847950786227,1463.2571701663546,1170.7944873981178
15045.0,2645331.65,2645624.3400379578,2646795.33126803,0.0,1.0,0.24995066610340752,1463.681268030312,1170.9912300724536
15047.0,2645331.65,2645624.816938251,2646800.8195266086,0.0,1.0,0.24929106547314328,1469.1695266086608,1176.0025883577764
15046.0,2645331.65,2645624.5425680773,2646801.784209774,0.0,1.0,0.24879562334826524,1470.134209773969,1177.2416416965425
15111.0,2646640.1,2646711.206692662,2646811.206692662,0.0,0.0,0.7110669266199693,171.10669266199693,100.0
15112.0,2646657.0,2646711.206692662,2646811.9230587133,2.0,0.0,0.5382113631315608,154.92305871332064,100.71636605123058
15110.0,2646629.0500000003,2646711.206692662,2646813.206692662,0.0,0.0,0.8054577711942222,184.15669266181067,102.0
15114.0,2646675.2,2646711.206692662,2646816.68013761,1.0,1.0,0.341381593060366,141.4801376098767,105.4734449479729
15055.0,2645444.75,2645624.112682768,2646824.112682768,0.0,0.0,0.14946890230678642,1379.3626827681437,1200.0
15113.0,2646669.35,2646711.206692662,2646833.206692662,0.0,0.0,0.34308764477046666,163.85669266199693,122.0
15070.0,2645630.65,2645653.271349025,2646875.7648889995,2.0,0.0,0.01850426876327118,1245.1148889996111,1222.493539974559
14999.0,2637157.25,2637157.25,2646888.0408964944,2.0,0.0,0.0,9730.790896494407,9730.790896494407
15074.0,2645631.3000000003,2645653.271349025,2646905.814630423,2.0,1.0,0.01754138906892886,1274.5146304229274,1252.543281398248
15071.0,2645630.65,2645653.271349025,2646929.1802717135,2.0,0.0,0.01772959544587617,1298.530271713622,1275.9089226885699
15062.0,2645629.35,2645653.271349025,2646957.839317557,2.0,0.0,0.018336606142326434,1328.4893175568432,1304.5679685319774
15072.0,2645631.3000000003,2645653.271349025,2646966.052357556,1.0,0.0,0.016736492135323872,1334.7523575555533,1312.7810085308738
15063.0,2645630.0,2645653.271349025,2646972.569004966,1.0,1.0,0.01763919530984132,1342.569004965946,1319.2976559409872
15040.0,2645318.0,2645624.2015270875,2646996.371082688,3.0,9.0,0.2231513779311546,1678.3710826882161,1372.1695556007326
15084.0,2645632.6,2645796.5493336567,2647009.480414697,2.0,0.0,0.13516788894218504,1376.880414696876,1212.9310810402967
15060.0,2645629.35,2645653.271349025,2647036.2034372026,1.0,0.0,0.017297558737239194,1406.853437202517,1382.9320881776512
15092.0,2645633.25,2645829.5178006734,2647052.9737216136,2.0,0.0,0.16042081885756757,1419.7237216136418,1223.455920940265
15078.0,2645631.95,2645676.8137124246,2647057.8379162773,1.0,0.0,0.03248582631589844,1425.8879162771627,1381.0242038527504
15117.0,2646948.85,2646966.052357556,2647070.0236473572,2.0,0.0,0.16545295906780288,121.17364735715091,103.97128980141133
15118.0,2646948.85,2646966.1033925065,2647074.586161014,2.0,0.0,0.15904270091678444,125.73616101406515,108.48276850767434
15086.0,2645632.6,2645829.5178006734,2647081.1310741105,2.0,0.0,0.157331185960113,1448.5310741104186,1251.613273437135
15119.0,2646949.5,2646966.1943784007,2647100.1943784007,0.0,0.0,0.12458491343796364,150.69437840068713,134.0
15085.0,2645632.6,2645796.6511278627,2647109.356753966,1.0,0.0,0.12497175650084923,1476.7567539657466,1312.7056261030957
15089.0,2645633.25,2645829.5178006734,2647109.696139981,2.0,1.0,0.15331285856587845,1476.4461399810389,1280.178339307662
15093.0,2645633.25,2645829.5178006734,2647122.9471962755,1.0,0.0,0.15174218348579832,1489.6971962754615,1293.4293956020847
15116.0,2646944.95,2646944.95,2647127.751002079,0.0,1.0,0.0,182.80100207868963,182.80100207868963
15102.0,2645633.9,2645829.5178006734,2647152.35139891,1.0,0.0,0.14787785926683797,1518.4513989100233,1322.8335982365534
15121.0,2646949.5,2646996.371082688,2647158.793725173,1.0,0.0,0.2885748068814375,209.29372517298907,162.42264248477295
15122.0,2646949.5,2646996.371082688,2647177.694892931,2.0,0.0,0.25849381074394007,228.19489293079823,181.3238102425821
15115.0,2646683.65,2646711.206692662,2647196.5323729,0.0,7.0,0.05677979506191592,512.8823728999123,485.3256802377291
15096.0,2645633.9,2645829.5178006734,2647202.4790781178,1.0,0.0,0.14247874567707491,1568.5790781178512,1372.9612774443813
15120.0,2646949.5,2646996.371082688,2647211.5844497937,0.0,8.0,0.21778890093405648,262.0844497936778,215.21336710546166
15123.0,2646950.15,2646996.371082688,2647278.4952613628,0.0,1.0,0.16383240495537438,328.34526136284694,282.1241786745377
15104.0,2645634.5500000003,2645829.5178006734,2647362.756068953,1.0,1.0,0.12716079731813718,1728.2060689525679,1533.2382682794705
15091.0,2645633.25,2645829.5178006734,2647375.7294301456,1.0,1.0,0.12693462973135958,1742.479430145584,1546.2116294722073
15087.0,2645632.6,2645829.5178006734,2647389.3285311037,1.0,1.0,0.12624467624925292,1756.7285311035812,1559.8107304302976
15095.0,2645633.25,2645829.5178006734,2647508.349958183,0.0,1.0,0.11690733930457112,1875.0999581827782,1678.8321575094014
15077.0,2645631.95,2645676.6492482866,2647576.2884927,0.0,2.0,0.0235303878975353,1944.3384926998988,1899.639244413469
15124.0,2646950.15,2647278.4952613628,2647631.8378437124,1.0,1.0,0.9292547169928097,681.6878437125124,353.34258234966546
15079.0,2645631.95,2645677.0453455932,2647921.720306866,0.0,1.0,0.020089922314405196,2289.7703068656847,2244.674961272627
15098.0,2645633.9,2645829.5178006734,2648226.5620284323,0.0,1.0,0.08160792296117222,2592.662028432358,2397.044227758888
15101.0,2645633.9,2645829.5178006734,2648226.7005557762,0.0,1.0,0.08160320703837011,2592.800555776339,2397.182755102869
15090.0,2645633.25,2645829.5178006734,2648226.86895073,0.0,1.0,0.0818686076375276,2593.6189507301897,2397.351150056813
15088.0,2645632.6,2645829.5178006734,2648226.918010155,0.0,1.0,0.08213805934214266,2594.3180101551116,2397.400209481828
15094.0,2645633.25,2645829.5178006734,2648226.941041745,0.0,1.0,0.08186614583149912,2593.69104174478,2397.423241071403
15103.0,2645634.5500000003,2645829.5178006734,2648226.993319819,0.0,1.0,0.08132212367388826,2592.4433198189363,2397.475519145839
15099.0,2645633.9,2645829.5178006734,2648227.020711197,0.0,1.0,0.0815923099883712,2593.1207111971453,2397.5029105236754
15100.0,2645633.9,2645829.5178006734,2648227.099312841,0.0,1.0,0.08158963508882645,2593.199312841054,2397.581512167584
15097.0,2645633.9,2645829.5178006734,2648227.2784391814,0.0,1.0,0.08158353987960673,2593.3784391814843,2397.7606385080144
15080.0,2645631.95,2645677.3265398787,2648682.302872093,0.0,1.0,0.01510046498273476,3050.3528720927425,3004.9763322141953
15081.0,2645631.95,2645677.630670355,2648682.911760209,0.0,1.0,0.015200132363392599,3050.961760208942,3005.281089853961
15082.0,2645632.6,2645678.0281785233,2648683.4817931647,0.0,1.0,0.015115248594053287,3050.881793164648,3005.4536146414466
15083.0,2645632.6,2645678.4639011724,2648685.1187383486,0.0,1.0,0.01525412914219761,3052.5187383485027,3006.6548371762037
15068.0,2645630.65,2645653.271349025,2648726.7437229976,0.0,2.0,0.007360192730742718,3096.093722997699,3073.472373972647
15059.0,2645629.35,2645653.271349025,2648726.8814927186,0.0,2.0,0.007782818219137879,3097.5314927184954,3073.6101436936297
15061.0,2645629.35,2645653.271349025,2648727.252636804,0.0,1.0,0.0077818785429727595,3097.9026368036866,3073.981287778821
15069.0,2645630.65,2645653.271349025,2648727.860374027,0.0,1.0,0.007357519603790794,3097.210374027025,3074.589025001973
15057.0,2645628.7,2645653.271349025,2648728.0217529163,0.0,1.0,0.007991331261775212,3099.32175291609,3074.7504038913175
15058.0,2645628.7,2645653.271349025,2648750.681301838,0.0,2.0,0.00793286952618553,3121.9813018376008,3097.409952812828
15067.0,2645630.0,2645653.271349025,2648751.1035379474,0.0,2.0,0.007512139975875725,3121.103537947405,3097.832188922446
15075.0,2645631.95,2645653.271349025,2648751.432392907,0.0,2.0,0.006881936969311842,3119.482392906677,3098.1610438819043
15073.0,2645631.3000000003,2645653.271349025,2648751.437041677,0.0,1.0,0.007091728204462644,3120.1370416767895,3098.16569265211
15066.0,2645630.0,2645653.271349025,2648751.4449818726,0.0,1.0,0.007511312076970204,3121.4449818725698,3098.173632847611
15065.0,2645630.0,2645653.271349025,2648752.3547073165,0.0,2.0,0.007509107156700665,3122.3547073164955,3099.0833582915366
15064.0,2645630.0,2645653.271349025,2648752.4401953025,0.0,1.0,0.0075089000242470295,3122.440195302479,3099.16884627752
15056.0,2645624.8000000003,2645653.271349025,2648759.7229082603,0.0,1.0,0.009165231931602302,3134.9229082600214,3106.451559235342
15076.0,2645631.95,2645676.566859159,2648800.887230861,0.0,0.0,0.01428050066922665,3168.9372308608145,3124.3203717018478
14996.0,2636738.65,2636738.65,2649313.2896163603,1.0,2.0,0.0,12574.639616360422,12574.639616360422
15037.0,2644764.2,2644764.2,2649739.96535525,6.0,7.0,0.0,4975.765355249867,4975.765355249867
15019.0,2642573.7,2642573.7,2651730.7,0.0,0.0,0.0,9157.0,9157.0
14990.0,2636076.95,2636076.95,2653390.95,0.0,0.0,0.0,17314.0,17314.0
14964.0,2631852.6,2631852.6,2653589.6,0.0,0.0,0.0,21737.0,21737.0
15106.0,2645920.5500000003,2646009.9301272742,2654568.4389488227,0.0,2.0,0.010443422930046678,8647.888948822394,8558.508821548428
14748.0,2571104.25,2572788.553459916,2655696.824415854,2.0,0.0,0.020315264574880854,84592.57441585418,82908.27095593838
15135.0,2656561.0500000003,2656561.0500000003,2656647.584587976,2.0,0.0,0.0,86.53458797559142,86.53458797559142
14716.0,2530799.0500000003,2531194.3883516933,2663576.3883516933,0.0,0.0,0.0029863452107764224,132777.338351693,132382.0
15137.0,2663308.7,2663576.3883516933,2663694.3883516933,0.0,0.0,2.268545353331335,385.6883516930975,118.0
14948.0,2586959.0500000003,2587051.079821635,2670549.838789664,1.0,0.0,0.0011021699336872246,83590.78878966393,83498.75896802917
14969.0,2633974.85,2633974.85,2672312.1886453554,2.0,4.0,0.0,38337.33864535531,38337.33864535531
15192.0,2684849.7,2684849.7,2685363.7,0.0,0.0,0.0,514.0,514.0
15193.0,2684923.8000000003,2685363.7,2685800.7,0.0,0.0,1.0066361556061942,876.8999999999069,437.0
15195.0,2685019.35,2685363.763413371,2685830.763413371,0.0,0.0,0.7375019558264656,811.4134133709595,467.0
15196.0,2685302.75,2685363.8501654114,2685851.8501654114,0.0,0.0,0.12520525699050059,549.1001654113643,488.0
15197.0,2685306.65,2685363.9549378594,2685851.9549378594,0.0,0.0,0.11742815135149896,545.3049378595315,488.0
15190.0,2684588.4,2684849.8296848643,2686132.649320278,2.0,0.0,0.20379301785482176,1544.2493202779442,1282.819635413587
15191.0,2684599.45,2684850.0041935598,2686510.0041935598,0.0,0.0,0.15093626118046288,1910.5541935595684,1660.0
15194.0,2684973.85,2685363.7200969625,2686521.7200969625,0.0,0.0,0.3366753859779217,1547.8700969624333,1158.0
15198.0,2685846.8000000003,2685846.8000000003,2687046.8000000003,0.0,0.0,0.0,1200.0,1200.0
15208.0,2686699.6,2686699.6,2687609.131552883,1.0,0.0,0.0,909.5315528828651,909.5315528828651
15210.0,2686818.5500000003,2687798.8855556403,2687868.8855556403,0.0,0.0,14.004793652000703,1050.3355556400493,70.0
15213.0,2687484.15,2687868.978039724,2687958.978039724,0.0,0.0,4.2758671080434905,474.8280397239141,90.0
15224.0,2687798.75,2687798.75,2688159.148457267,1.0,0.0,0.0,360.398457266856,360.398457266856
15223.0,2687794.85,2687869.0793550257,2688199.0793550257,0.0,0.0,0.22493743947142678,404.22935502557084,330.0
15215.0,2687484.15,2687958.978039724,2688204.8368883687,0.0,0.0,1.9313034382982355,720.6868883688003,245.85884864488617
15226.0,2688156.9,2688199.0793550257,2688661.0793550257,0.0,0.0,0.0912973052505565,504.1793550257571,462.0
15214.0,2687484.15,2688661.0793550257,2688840.960489962,0.0,0.0,6.542817041062754,1356.8104899618775,179.88113493612036
15231.0,2689213.15,2689213.15,2689474.1198266502,0.0,1.0,0.0,260.9698266503401,260.9698266503401
15051.0,2645375.85,2645625.5888565388,2689677.6342631895,2.0,0.0,0.005669177315906431,44301.78426318942,44052.04540665075
15232.0,2689216.4,2689677.6799367405,2689873.6799367405,0.0,0.0,2.353469065003268,657.2799367406406,196.0
15240.0,2689785.8000000003,2689873.6799367405,2690117.6799367405,0.0,0.0,0.3601636751650329,331.879936740268,244.0
14971.0,2633987.85,2633987.85,2690178.614076469,2.0,0.0,0.0,56190.764076469,56190.764076469
15216.0,2687484.8000000003,2690178.614076469,2690301.614076469,0.0,0.0,21.90092745096597,2816.814076468814,123.0
15241.0,2689999.0,2690117.6799367405,2690301.6799367405,0.0,0.0,0.6449996561986273,302.6799367405474,184.0
15242.0,2690049.0500000003,2690117.6915517314,2690443.795380832,0.0,2.0,0.21048986735433914,394.74538083188236,326.10382910072803
15217.0,2687484.8000000003,2690178.614076469,2690446.4425270185,0.0,0.0,10.057983276022467,2961.642527018208,267.8284505493939
15233.0,2689217.0500000003,2690301.614076469,2690459.481763716,2.0,0.0,6.870082759707104,1242.4317637155764,157.86768724676222
15261.0,2690327.9,2690459.481763716,2690527.6703094873,1.0,0.0,1.9296754642202767,199.77030948735774,68.18854577140883
15262.0,2690385.75,2690443.795380832,2690591.718786381,0.0,0.0,0.39240159876474,205.96878638118505,147.9234055490233
15263.0,2690426.7,2690459.481763716,2690637.5304974546,0.0,2.0,0.18411680345773287,210.8304974543862,178.0487337387167
15234.0,2689217.0500000003,2690446.4425270185,2690642.4425270185,0.0,0.0,6.2724108521337145,1425.392527018208,196.0
15244.0,2690049.7,2690459.481763716,2690721.776865035,2.0,0.0,1.562292858902228,672.0768650346436,262.29510131897405
15243.0,2690049.0500000003,2690301.614076469,2690790.3414338348,0.0,1.0,0.5167790848259195,741.2914338344708,488.72735736565664
15260.0,2690283.7,2690301.6799367405,2690837.396123736,0.0,2.0,0.03356242946698234,553.6961237359792,535.716186995618
15251.0,2690108.2,2690178.614076469,2690886.1135701733,0.0,0.0,0.09952526764400642,777.9135701730847,707.4994937041774
15252.0,2690112.1,2690301.614076469,2690955.343766925,0.0,1.0,0.28989669466726586,843.243766924832,653.7296904558316
15264.0,2690530.7,2690547.9840526953,2690985.4748986727,1.0,1.0,0.039507232789148174,454.7748986724764,437.4908459773287
15235.0,2689217.0500000003,2690642.4425270185,2691098.131212899,0.0,0.0,3.127996307970608,1881.0812128987163,455.6886858805083
15253.0,2690112.1,2690985.4748986727,2691298.6287977234,2.0,0.0,2.7889638331820246,1186.528797723353,313.15389905078337
15245.0,2690049.7,2690721.776865035,2691331.46920553,0.0,0.0,1.1023213191245327,1281.7692055297084,609.6923404950649
15246.0,2690049.7,2691098.131212899,2691813.6925522257,0.0,0.0,1.4651870570388361,1763.992552225478,715.5613393266685
15254.0,2690112.1,2691298.6287977234,2692114.124315081,0.0,0.0,1.4549789330146379,2002.024315081071,815.4955173577182
14613.0,2518073.35,2518073.35,2692313.1441955417,5.0,8.0,0.0,174239.79419554165,174239.79419554165
15228.0,2688545.6,2692313.1441955417,2692393.6508806753,2.0,0.0,46.79790491052293,3848.050880675204,80.50668513355777
15218.0,2687484.8000000003,2692313.1441955417,2692496.0982636297,1.0,1.0,26.39101849989895,5011.298263629433,182.9540680879727
15268.0,2692587.95,2692619.581824835,2692685.2555503654,2.0,0.0,0.48165114098856887,97.3055503652431,65.67372553050518
15255.0,2690112.1,2692393.6508806753,2692762.7299650237,2.0,1.0,6.181739842297568,2650.6299650236033,369.0790843483992
15236.0,2689217.0500000003,2692313.1441955417,2692768.833515253,0.0,0.0,6.794309327907449,3551.7835152526386,455.68931971117854
15266.0,2692374.1,2692393.6508806753,2692810.336478861,0.0,1.0,0.04691998178081652,436.2364788609557,416.6855981857516
15270.0,2692660.1,2692685.2555503654,2692825.1889027506,0.0,0.0,0.17976808199443992,165.08890275051817,139.93335238518193
15272.0,2692912.95,2692912.95,2692975.9038570267,2.0,0.0,0.0,62.95385702652857,62.95385702652857
15267.0,2692417.65,2692496.0982636297,2693075.292873603,0.0,2.0,0.13544370454940324,657.6428736029193,579.194609973114
15229.0,2688600.2,2692496.0982636297,2693305.7804649314,0.0,0.0,4.811638760696872,4705.580464931205,809.682201301679
15273.0,2693033.85,2693075.292873603,2693321.7973955306,2.0,0.0,0.16812216375840788,287.9473955305293,246.5045219277963
15269.0,2692622.4,2692685.2555503654,2693336.941175498,0.0,0.0,0.09645072400166779,714.5411754981615,651.685625132639
15275.0,2693340.0,2693340.0,2693417.9579559606,1.0,2.0,0.0,77.95795596065,77.95795596065
15291.0,2693375.75,2693418.748670425,2693473.820012426,1.0,0.0,0.7807812350725126,98.07001242600381,55.07134200120345
15282.0,2693369.25,2693417.9579559606,2693486.844843376,2.0,1.0,0.707071516629784,117.59484337596223,68.88688741531223
15292.0,2693383.5500000003,2693418.9981217906,2693509.545983716,1.0,0.0,0.39148491236095817,125.9959837156348,90.54786192532629
15276.0,2693343.9,2693418.002653564,2693512.2367536863,1.0,1.0,0.7863677104959581,168.33675368642434,94.23410012247041
15278.0,2693343.9,2693418.189884261,2693513.575043209,1.0,0.0,0.7788411224651712,169.67504320899025,95.38515894766897
15284.0,2693369.25,2693418.528752861,2693524.904585271,1.0,1.0,0.4632513959666731,155.65458527114242,106.3758324100636
15293.0,2693383.5500000003,2693419.264900749,2693529.772831438,2.0,0.0,0.3231885759340437,146.22283143782988,110.50793068902567
15277.0,2693343.9,2693418.0718219136,2693573.213523142,0.0,2.0,0.4780908119891093,229.3135231421329,155.14170122845098
15230.0,2688669.75,2693305.7804649314,2693587.638095398,0.0,0.0,16.448128288232176,4917.888095397968,281.85763046657667
15283.0,2693369.25,2693418.3386859084,2693605.9099801774,0.0,1.0,0.2617068144656521,236.65998017741367,187.57129426905885
15285.0,2693369.25,2693513.575043209,2693622.4840751467,1.0,0.0,1.3251889273176527,253.23407514672726,108.90903193783015
15294.0,2693384.2,2693513.575043209,2693657.8268710217,1.0,0.0,0.8968693511228599,273.62687102146447,144.25182781275362
15306.0,2693393.95,2693473.820012426,2693665.7848926215,2.0,0.0,0.4160657529882499,271.83489262126386,191.9648801954463
15299.0,2693387.45,2693419.5539501845,2693689.5306278574,0.0,1.0,0.11891379085417336,302.0806278572418,269.9766776729375
14970.0,2633980.0500000003,2633980.0500000003,2693695.271372127,1.0,0.0,0.0,59715.2213721266,59715.2213721266
15256.0,2690112.75,2692762.7299650237,2693704.1180345165,0.0,0.0,2.8149708402949583,3591.368034516461,941.3880694927648
15313.0,2693688.4,2693688.4,2693793.1227950365,0.0,1.0,0.0,104.72279503662139,104.72279503662139
15279.0,2693343.9,2693704.1180345165,2693807.530329505,1.0,0.0,3.4833192180537265,463.63032950507477,103.41229498852044
15308.0,2693394.6,2693529.772831438,2693814.772831438,0.0,0.0,0.47429063662461807,420.17283143801615,285.0
15295.0,2693384.2,2693695.271372127,2693817.36898456,1.0,1.0,2.5477269041362067,433.1689845598303,122.09761243313551
15286.0,2693369.25,2693622.4840751467,2693856.3338955836,0.0,0.0,1.0828918947793127,487.08389558363706,233.8498204369098
15300.0,2693387.45,2693500.397742581,2693879.654664182,0.0,2.0,0.29781326627895943,492.2046641819179,379.2569216010161
15301.0,2693387.45,2693512.2367536863,2693907.9672361375,0.0,0.0,0.31533268024544536,520.517236137297,395.73048245115206
15247.0,2690049.7,2693587.638095398,2693918.4985767724,1.0,0.0,10.69314195730113,3868.798576772213,330.8604813744314
15303.0,2693387.45,2693524.904585271,2693988.5578899197,0.0,0.0,0.2964598416377867,601.1078899195418,463.6533046485856
15307.0,2693393.95,2693486.844843376,2693994.636685901,0.0,0.0,0.18293882570833533,600.6866859006695,507.7918425248936
15280.0,2693344.5500000003,2693807.530329505,2694033.3733402058,0.0,0.0,2.0500095533977785,688.8233402054757,225.84301070077345
15314.0,2693956.2,2693979.9193156054,2694048.3743396755,2.0,1.0,0.3464948837202446,92.17433967534453,68.45502407010645
15302.0,2693387.45,2693918.5393156055,2694129.1334549203,1.0,1.0,2.5218618017268932,741.6834549200721,210.59413931472227
15296.0,2693384.2,2693817.36898456,2694133.22460768,0.0,0.0,1.371414509835378,749.0246076798066,315.85562311997637
15310.0,2693394.6,2693657.8268710217,2694269.44466464,0.0,0.0,0.4303780461721827,874.8446646397933,611.6177936182357
15316.0,2694162.9,2694162.9,2694275.9,0.0,0.0,0.0,113.0,113.0
15317.0,2694198.0,2694275.9,2694334.0699045556,2.0,0.0,1.3391804678889998,136.0699045555666,58.16990455565974
15309.0,2693394.6,2693856.3338955836,2694360.0679964693,0.0,0.0,0.9166222710983859,965.4679964692332,503.73410088568926
15297.0,2693384.2,2694033.3733402058,2694393.191758333,0.0,0.0,1.8041692906792923,1008.9917583325878,359.81841812701896
15315.0,2694014.7,2694014.7,2694424.45881941,0.0,0.0,0.0,409.7588194096461,409.7588194096461
15281.0,2693344.5500000003,2694393.191758333,2694571.089162104,0.0,0.0,5.894643407399175,1226.5391621035524,177.89740377105772
15248.0,2690049.7,2693918.4985767724,2694610.1468092655,0.0,0.0,5.593592804866885,4560.446809265297,691.6482324930839
15287.0,2693373.15,2694571.089162104,2694658.089162104,0.0,0.0,13.769415656366952,1284.939162103925,87.0
15311.0,2693394.6,2694129.1334549203,2694822.819397517,0.0,0.0,1.058884734164426,1428.2193975169212,693.6859425967559
15304.0,2693387.45,2694610.1468092655,2694847.7155981357,1.0,1.0,5.146706413244987,1460.2655981355347,237.56878887023777
15305.0,2693388.1,2694658.089162104,2695129.742034049,0.0,0.0,2.6926352782857452,1741.6420340486802,471.6528719449416
15219.0,2687484.8000000003,2695129.742034049,2695314.7919324515,0.0,1.0,41.31286804280811,7829.991932451259,185.0498984027654
15220.0,2687485.45,2695314.7919324515,2695552.642969391,0.0,0.0,32.916997265180186,8067.192969390657,237.85103693930432
15189.0,2684392.1,2684849.745008318,2695649.745008318,0.0,0.0,0.04237453780723391,11257.645008318126,10800.0
15222.0,2687569.95,2695552.642969391,2695682.960836539,1.0,0.0,61.255552627426496,8113.010836538859,130.3178671482019
15225.0,2687865.0500000003,2695682.960836539,2695789.9593413314,1.0,0.0,73.06560826912079,7924.909341331106,106.9985047923401
15227.0,2688320.0500000003,2695789.9593413314,2695915.052065335,1.0,0.0,59.71497863538772,7595.002065334935,125.09272400382906
15237.0,2689217.7,2695915.052065335,2696225.558597658,1.0,1.0,21.569118096286935,7007.858597657643,310.5065323226154
15257.0,2690112.75,2696225.558597658,2696606.7635472487,1.0,0.0,16.035491155660125,6494.013547248673,381.20494959084317
15258.0,2690112.75,2696606.7635472487,2697084.505445291,0.0,0.0,13.593142183806796,6971.7554452908225,477.74189804214984
15271.0,2692887.6,2697084.505445291,2697329.0582632464,2.0,1.0,17.161550132096522,4441.4582632463425,244.55281795561314
15288.0,2693373.8000000003,2697329.0582632464,2697437.0582632464,0.0,0.0,36.62276169672367,4063.2582632461563,108.0
15298.0,2693384.85,2697437.0582632464,2697618.0582632464,0.0,0.0,22.387890957162114,4233.2082632463425,181.0
15321.0,2695840.5500000003,2697329.0582632464,2697722.899788963,0.0,0.0,3.7794599249974734,1882.3497889628634,393.8415257167071
15312.0,2693395.25,2697618.0582632464,2697869.478690991,1.0,0.0,16.795804148156535,4474.228690991178,251.42042774474248
15318.0,2694471.0,2697869.478690991,2698003.670438991,1.0,0.0,25.325541560107762,3532.6704389909282,134.19174799975008
15105.0,2645906.9,2645906.9,2698038.818021417,1.0,9.0,0.0,52131.91802141722,52131.91802141722
15319.0,2694614.65,2698003.670438991,2698114.2285106773,1.0,0.0,30.653758584026402,3499.578510677442,110.55807168642059
15320.0,2694844.1,2698114.2285106773,2698447.2703058776,1.0,0.0,9.818973347508747,3603.1703058774583,333.0417952002026
15052.0,2645391.45,2645626.0175956176,2699354.8079748885,1.0,2.0,0.004365771013297899,53963.35797488829,53728.79037927091
15265.0,2690779.0,2691813.6925522257,2701592.7086087167,1.0,0.0,0.10580742952547477,10813.708608716726,9779.016056491062
15323.0,2699273.2,2699354.854853927,2702325.103637846,2.0,0.0,0.027490914016715415,3051.9036378460005,2970.248783919029
15326.0,2699916.0500000003,2702325.103637846,2702578.9156071376,0.0,0.0,9.491489485588085,2662.865607137326,253.8119692914188
15330.0,2700702.5500000003,2701592.7659131424,2702910.7659131424,0.0,0.0,0.6754293726419406,2208.2159131420776,1318.0
14998.0,2637129.3000000003,2637129.3000000003,2703517.394926117,1.0,0.0,0.0,66388.09492611652,66388.09492611652
15054.0,2645425.9,2645627.0012565334,2704718.0012565334,0.0,0.0,0.00340324679787998,59292.101256533526,59091.0
15325.0,2699338.2,2699354.9422443477,2704850.781359478,0.0,4.0,0.003046349064580925,5512.581359477714,5495.839115130249
15134.0,2653427.4,2653589.613078297,2705311.9391958434,1.0,0.0,0.0031362293708244453,51884.53919584351,51722.3261175463
15322.0,2699188.7,2699188.7,2706294.122193854,0.0,1.0,0.0,7105.42219385365,7105.42219385365
15324.0,2699303.1,2699354.8079748885,2706414.79616502,0.0,0.0,0.007324088014858217,7111.696165020112,7059.988190131728
14710.0,2529287.8000000003,2529659.2617578385,2708423.073118544,0.0,1.0,0.0020779471807564737,179135.2731185439,178763.81136070564
15363.0,2708093.7,2708423.073118544,2708481.010735064,2.0,1.0,5.6849614866776905,387.31073506362736,57.937616519629955
15364.0,2708135.95,2708423.073118544,2708489.8351381547,0.0,1.0,4.300695518486806,353.8851381544955,66.7620196104981
15361.0,2707839.5500000003,2708423.073118544,2708498.0636756653,2.0,0.0,7.781287950714776,658.5136756650172,74.99055712111294
15362.0,2707998.8000000003,2708423.073118544,2708542.569570712,0.0,4.0,3.5505080765806496,543.7695707115345,119.4964521676302
15358.0,2707383.25,2708423.073118544,2708554.073118544,0.0,0.0,7.937581057589188,1170.8231185441837,131.0
15360.0,2707699.8000000003,2708423.073118544,2708666.531585026,0.0,1.0,2.9708275460517886,966.7315850257874,243.45846648188308
15359.0,2707398.85,2708423.073118544,2708675.073118544,0.0,0.0,4.0643774545400415,1276.2231185440905,252.0
15338.0,2701555.35,2708423.073118544,2708734.9252434676,0.0,0.0,22.02237076380854,7179.575243467465,311.8521249233745
15369.0,2709233.15,2709284.100457665,2709355.2856858335,2.0,0.0,0.7157448107707944,122.13568583363667,71.18522816849872
15370.0,2709285.8000000003,2709355.2856858335,2709428.2856858335,0.0,0.0,0.9518587100447142,142.48568583326414,73.0
14946.0,2586949.95,2587051.0588000445,2709493.4256927255,2.0,0.0,0.0008257664614806386,122543.47569272527,122442.36689268099
15365.0,2708176.9,2708423.073118544,2710091.073118544,0.0,0.0,0.14758580248457842,1914.1731185442768,1668.0
15143.0,2664989.6,2670549.838789664,2710384.2107017715,2.0,1.0,0.13958394529057772,45394.61070177145,39834.37191210734
15344.0,2702367.2,2709493.4256927255,2710580.7802802804,0.0,0.0,6.553727527604023,8213.580280280206,1087.3545875549316
15371.0,2710257.5500000003,2710489.632306896,2710607.5053078653,0.0,1.0,1.9689182848288964,349.9553078650497,117.87300096917897
15373.0,2710362.2,2710489.6706122723,2710642.556678483,2.0,0.0,0.8337621304003213,280.35667848261073,152.8860662104562
15372.0,2710291.35,2710642.556678483,2710785.0533582387,1.0,2.0,2.4646656966634564,493.70335823856294,142.49667975585908
15375.0,2710761.3000000003,2710761.3000000003,2710806.180629088,2.0,0.0,0.0,44.8806290877983,44.8806290877983
15374.0,2710489.6,2710489.6,2710855.2251278427,0.0,1.0,0.0,365.6251278426498,365.6251278426498
15355.0,2706673.45,2710580.7802802804,2710856.6297941473,0.0,0.0,14.164716933903978,4183.179794147145,275.84951386693865
15366.0,2708956.25,2709283.9994236473,2711083.9994236473,0.0,0.0,0.18208301313738856,2127.7494236472994,1800.0
15376.0,2710795.1,2710795.1,2711090.533173664,2.0,0.0,0.0,295.4331736639142,295.4331736639142
15367.0,2708964.7,2709284.030710237,2711695.3865895662,0.0,1.0,0.13242786474377824,2730.6865895660594,2411.355879329145
15166.0,2664992.85,2670552.4469367634,2711794.0547492984,2.0,0.0,0.13480553333503828,46801.20474929828,41241.60781253502
15274.0,2693186.6,2693305.8116530795,2712164.8519542697,2.0,0.0,0.006321194036148715,18978.251954269595,18859.040301190224
15186.0,2664994.8000000003,2670565.724994667,2712694.4247011775,2.0,0.0,0.13223586375740087,47699.624701177236,42128.69970651064
15377.0,2711048.6,2711048.6,2714187.012271961,0.0,1.0,0.0,3138.412271961104,3138.412271961104
14947.0,2586953.2,2586981.612978436,2714369.949075096,2.0,7.0,0.00022304222903349113,127416.74907509563,127388.33609665977
15180.0,2664994.15,2670560.5081491056,2715589.555803783,1.0,0.0,0.12361705252559352,50595.405803782865,45029.04765467718
15380.0,2715077.3000000003,2715589.616347363,2716080.1554588056,2.0,0.0,1.0443944945725254,1002.8554588053375,490.5391114423983
15209.0,2686754.2,2689677.6342631895,2716782.8690569247,0.0,0.0,0.10785496917610221,30028.669056924526,27105.234793735202
15159.0,2664992.2,2670550.4273525598,2716818.2113090013,2.0,0.0,0.12013169590729297,51826.01130900113,46267.78395644156
15175.0,2664993.5,2670557.035121457,2716842.9983127876,2.0,1.0,0.12019918648898853,51849.49831278762,46285.96319133043
14614.0,2518198.8000000003,2518198.8000000003,2717797.016004592,2.0,0.0,0.0,199598.2160045919,199598.2160045919
15342.0,2701797.8000000003,2717797.016004592,2718005.016004592,0.0,0.0,76.91930771438413,16207.2160045919,208.0
14750.0,2571860.85,2572788.553459916,2718155.596677808,1.0,1.0,0.006381800436878667,146294.746677808,145367.0432178923
15343.0,2701939.5,2718005.016004592,2718164.016004592,0.0,0.0,101.0409811609571,16224.51600459218,159.0
15211.0,2686836.1,2687868.8855556403,2718300.018818195,2.0,0.0,0.03393845200339853,31463.918818194885,30431.13326255465
15345.0,2702727.95,2718155.596677808,2718379.2487054723,2.0,1.0,68.98058040845842,15651.298705472145,223.65202766424045
15379.0,2713424.35,2714369.949075096,2718391.239941019,0.0,2.0,0.2351481418836936,4966.889941019006,4021.290865923278
15347.0,2702744.85,2718164.016004592,2718484.081684442,1.0,0.0,48.17500586703965,15739.231684441678,320.0656798495911
15352.0,2706568.8000000003,2718379.2487054723,2718936.9573859074,0.0,0.0,21.176734592437036,12368.157385907136,557.7086804350838
15378.0,2713307.35,2714369.949075096,2718962.8052598266,1.0,1.0,0.2313591003847242,5655.4552598265,4592.856184730772
15188.0,2664994.8000000003,2670567.7175877015,2719105.8107692054,1.0,1.0,0.11481533827177337,54111.01076920517,48538.09318150394
15238.0,2689217.7,2718936.9573859074,2719209.1358214696,1.0,1.0,109.19034538692519,29991.435821469408,272.1784355621785
15249.0,2690049.7,2719209.1358214696,2719475.0433118124,0.0,1.0,109.66007683300629,29425.343311812263,265.90749034285545
15250.0,2690049.7,2719475.0433118124,2720010.7654283885,0.0,0.0,54.92650462123592,29961.065428388305,535.722116576042
15212.0,2686905.65,2687868.911377218,2720683.311841373,2.0,0.0,0.02935483701036714,33777.66184137296,32814.40046415478
15259.0,2690112.75,2720010.7654283885,2720886.3345997385,0.0,0.0,34.146948529823945,30773.584599738475,875.5691713499837
15289.0,2693373.8000000003,2720886.3345997385,2721025.758958308,1.0,1.0,197.32946869548397,27651.958958307747,139.42435856955126
15350.0,2703530.0500000003,2706294.122193854,2721374.31988073,2.0,0.0,0.18329150925249765,17844.269880729727,15080.19768687617
15185.0,2664994.15,2670564.781292658,2721846.0231370507,1.0,0.0,0.10862902481108745,56851.873137050774,51281.24184439285
15128.0,2650482.25,2651730.7,2722228.491400982,0.0,1.0,0.017709065421626854,71746.24140098179,70497.7914009816
15382.0,2722452.2,2722452.2,2722631.2,0.0,0.0,0.0,179.0,179.0
15131.0,2652768.3000000003,2653390.957742581,2722730.3603506978,2.0,1.0,0.008979854442933699,69962.06035069749,69339.40260811662
15383.0,2722522.4,2722631.2,2722816.298601961,2.0,1.0,0.5877948231244787,293.89860196132213,185.09860196104273
15125.0,2647575.45,2647631.8378437124,2723654.2519428115,2.0,1.0,0.000741726560257986,76078.80194281135,76022.41409909911
15147.0,2664990.25,2670549.838789664,2723794.1708752564,1.0,1.0,0.10441653734573977,58803.920875256415,53244.33208559221
15290.0,2693373.8000000003,2721025.758958308,2724358.8648707382,1.0,1.0,8.296153703122604,30985.06487073796,3333.105912430212
14945.0,2586941.5,2587048.8678585687,2724366.375310986,3.0,14.0,0.0007818948986230097,137424.87531098584,137317.50745241717
15333.0,2701290.15,2724358.888022688,2724508.888022688,0.0,0.0,153.79158681792208,23218.73802268831,150.0
15334.0,2701353.85,2724508.888022688,2724663.888022688,0.0,0.0,149.38734208185886,23310.038022688124,155.0
15346.0,2702737.7,2724663.888022688,2724799.888022688,0.0,0.0,161.22197075505906,22062.18802268803,136.0
15029.0,2644454.15,2644454.15,2725185.686619518,1.0,0.0,0.0,80731.53661951795,80731.53661951795
15348.0,2702747.45,2724799.888022688,2725357.9012074284,0.0,1.0,39.519564457880854,22610.45120742824,558.0131847402081
15349.0,2702751.35,2725185.686619518,2725383.0940055917,1.0,1.0,113.64486945349617,22631.74400559161,197.40738607384264
15356.0,2706690.35,2725383.0940055917,2725526.665720237,1.0,1.0,130.19795752790947,18836.31572023686,143.57171464525163
15357.0,2706700.75,2725526.665720237,2726725.9153946307,0.0,0.0,15.69807865885242,20025.16539463075,1199.2496743937954
15161.0,2664992.2,2670550.878716894,2726852.007755888,1.0,0.0,0.09873121217593751,61859.807755887974,56301.1290389942
15150.0,2664990.25,2670549.838789664,2727593.0044382224,2.0,0.0,0.09746283759770147,62602.754438222386,57043.16564855818
15146.0,2664989.6,2670549.838789664,2730563.1051132646,2.0,0.0,0.09265016104410122,65573.50511326455,60013.26632360043
15127.0,2649956.4,2651730.783911932,2732884.783911932,0.0,0.0,0.021864404859056698,82928.38391193189,81154.0
15162.0,2664992.2,2670551.1533265915,2733326.1628694534,2.0,0.0,0.0885536038476539,68333.96286945324,62775.00954286195
14609.0,2517288.8000000003,2517288.8000000003,2734037.723174562,1.0,0.0,0.0,216748.92317456193,216748.92317456193
15152.0,2664990.9,2670549.838789664,2735240.4639775273,1.0,1.0,0.08593113412524628,70249.56397752743,64690.62518786313
15221.0,2687485.45,2734037.723174562,2735671.725236264,1.0,0.0,28.489727317771507,48186.27523626387,1634.0020617018454
15178.0,2664993.5,2670558.9913857267,2735733.1968415123,2.0,1.0,0.08539408109090597,70739.69684151234,65174.20545578562
15239.0,2689217.7,2735671.725236264,2735984.0142253884,0.0,1.0,148.75332417745219,46766.314225388225,312.288989124354
15171.0,2664992.85,2670554.7688313685,2736873.981973388,2.0,0.0,0.08386587487788548,71881.13197338814,66319.2131420197
15172.0,2664992.85,2670555.2961001573,2737277.1197155933,2.0,0.0,0.08336771686903291,72284.2697155932,66721.82361543598
15353.0,2706611.7,2735984.0142253884,2738049.58823662,0.0,2.0,14.219928245452946,31437.888236619998,2065.5740112317726
15144.0,2664989.6,2670549.838789664,2738310.6954234904,1.0,0.0,0.08205679600113629,73321.09542349027,67760.85663382616
15165.0,2664992.2,2670552.078750727,2738471.0685389675,1.0,0.0,0.0818604453343872,73478.86853896733,67918.98978824029
15169.0,2664992.85,2670553.7579270485,2739298.1984454594,2.0,0.0,0.08089247486942731,74305.34844545927,68744.44051841088
15354.0,2706652.65,2738049.58823662,2739849.58823662,0.0,0.0,17.442743464789043,33196.93823662028,1800.0
15385.0,2739248.85,2739298.1984454594,2740194.1984454594,0.0,0.0,0.055076390021505564,945.348445459269,896.0
15386.0,2740129.6,2740129.6,2740289.6,0.0,0.0,0.0,160.0,160.0
15387.0,2740143.25,2740289.6,2740435.68612377,1.0,0.0,1.001806305918593,292.436123770196,146.08612377010286
15394.0,2741105.9,2741346.915826996,2741463.575077677,2.0,0.0,2.0659812709958345,357.67507767723873,116.65925068128854
15392.0,2740819.25,2741346.960522184,2741489.7491488047,2.0,0.0,3.695746185629435,670.4991488046944,142.78862662054598
15405.0,2741434.15,2741463.575077677,2741562.525628736,1.0,0.0,0.2973715392429035,128.37562873587012,98.95055105863139
15157.0,2664991.5500000003,2670550.0865012906,2741636.9725170275,1.0,0.0,0.07819355738918916,76645.42251702724,71086.88601573696
15391.0,2740689.25,2741346.915826996,2741689.0175611856,0.0,1.0,1.9224276326848853,999.7675611856394,342.1017341897823
15388.0,2740421.45,2740561.907522996,2741692.039408785,0.0,1.0,0.12428418732538107,1270.589408784639,1130.131885788869
15407.0,2741682.45,2741689.0175611856,2741910.3040882116,0.0,1.0,0.029678992542921768,227.8540882114321,221.286527025979
15402.0,2741276.2,2741692.1677641356,2741923.1677641356,0.0,0.0,1.8007262516686153,646.9677641354501,231.0
15393.0,2740869.3000000003,2741692.039408785,2742007.8809735193,1.0,0.0,2.6049117679499774,1138.5809735190123,315.8415647344664
15409.0,2741843.65,2742007.8809735193,2742100.4257826223,2.0,0.0,1.7746103224069385,256.77578262239695,92.54480910301208
15408.0,2741748.1,2742007.8809735193,2742105.350789336,1.0,0.0,2.665245351521515,357.25078933592886,97.46981581673026
14952.0,2592455.45,2593718.3006056077,2742143.0918798232,1.0,1.0,0.008508353589491499,149687.64187982306,148424.79127421556
15397.0,2741254.1,2742007.8809735193,2742403.7116224333,0.0,0.0,1.9043016895920244,1149.6116224331781,395.83064891397953
15410.0,2741954.8000000003,2742007.8809735193,2742500.4521361515,2.0,0.0,0.10776305546463241,545.6521361512132,492.57116263220087
15412.0,2742455.95,2742500.4521361515,2742567.4521361515,0.0,0.0,0.6642109873329303,111.50213615130633,67.0
15384.0,2722567.25,2722631.2069670144,2742777.7471432174,0.0,1.0,0.0031745881156258963,20210.497143217362,20146.54017620301
15413.0,2742565.8000000003,2742704.9163563643,2742784.845831177,2.0,0.0,1.7404888082847398,219.045831176918,79.92947481293231
15414.0,2742629.5,2742704.9487230675,2742916.422046357,1.0,0.0,0.35677655173703526,286.92204635683447,211.47332328930497
15398.0,2741254.1,2742403.7116224333,2743089.227522291,0.0,0.0,1.6770021274081908,1835.1275222906843,685.5158998575062
15416.0,2742838.8000000003,2742916.422046357,2743336.124948286,0.0,0.0,0.18494522196479407,497.32494828570634,419.70290192915127
14610.0,2517308.95,2517308.95,2743624.466352391,1.0,0.0,0.0,226315.51635239087,226315.51635239087
15401.0,2741254.75,2743089.227522291,2744482.3227135935,0.0,0.0,1.3168357293483464,3227.5727135934867,1393.0951913027093
15396.0,2741252.8000000003,2741923.1677641356,2744726.0124266203,7.0,7.0,0.23917406951160758,3473.21242662007,2802.844662484713
15419.0,2744299.35,2744726.0124266203,2744846.4150807825,1.0,0.0,3.543629744620774,547.0650807823986,120.40265416214243
15403.0,2741284.0,2744482.3227135935,2744909.865489105,0.0,1.0,7.480708122749348,3625.8654891052283,427.54277551174164
15422.0,2745873.65,2745873.65,2745961.6662590187,1.0,1.0,0.0,88.01625901879743,88.01625901879743
15423.0,2745971.8000000003,2745971.8000000003,2746044.148912026,1.0,0.0,0.0,72.34891202580184,72.34891202580184
15331.0,2700716.85,2724358.8648707382,2746061.6456898907,1.0,0.0,1.0893541739072583,45344.79568989063,21702.780819152482
15399.0,2741254.1,2746061.678959493,2746262.678959493,0.0,0.0,23.918303281059536,5008.5789594929665,201.0
15389.0,2740561.85,2740561.85,2746933.1536715333,1.0,1.0,0.0,6371.303671533242,6371.303671533242
15429.0,2746164.2,2746850.8925141157,2746934.8925141157,0.0,0.0,8.17491088232713,770.6925141154788,84.0
15428.0,2746107.65,2746850.8925141157,2746956.409672988,1.0,0.0,7.0438071121134955,848.7596729882061,105.51715887244791
15400.0,2741254.1,2746262.678959493,2747217.2265004213,0.0,1.0,5.247071250764986,5963.126500421204,954.5475409282371
15434.0,2746716.7,2747217.2265004213,2747333.2265004213,0.0,0.0,4.3148836243199185,616.5265004211105,116.0
15411.0,2742013.3000000003,2744726.0124266203,2747453.378644849,5.0,5.0,0.9946271272589602,5440.078644848894,2727.3662182288244
15436.0,2747344.6,2747344.6,2747503.779737163,0.0,1.0,0.0,159.1797371627763,159.1797371627763
15437.0,2747466.8000000003,2747503.8644845975,2747580.332960986,1.0,0.0,0.4847027997370653,113.53296098578721,76.46847638860345
15432.0,2746490.5,2747453.378644849,2747609.378644849,0.0,0.0,6.1722990054434215,1118.8786448491737,156.0
15439.0,2747646.2,2747710.610323338,2747791.8955043587,1.0,1.0,0.792399334401784,145.69550435850397,81.28518102085218
15433.0,2746676.4,2747609.378644849,2747866.489068281,1.0,1.0,3.628707978449549,1190.0890682809986,257.11042343173176
15000.0,2637170.9,2637170.9,2747949.089786041,2.0,2.0,0.0,110778.18978604116,110778.18978604116
15435.0,2746836.3000000003,2747866.489068281,2748275.0163481557,1.0,1.0,2.5217142625001845,1438.7163481554016,408.52727987477556
15415.0,2742704.9,2742704.9,2748297.832625335,2.0,1.0,0.0,5592.9326253351755,5592.9326253351755
15440.0,2747718.35,2747791.8955043587,2748479.9492560276,0.0,1.0,0.10688918442812137,761.5992560274899,688.0537516688928
15417.0,2743332.8000000003,2743624.466352391,2748581.17200388,2.0,0.0,0.05884278246442883,5248.372003879864,4956.705651489086
14951.0,2591353.0500000003,2591457.9937004824,2749000.473312833,2.0,17.0,0.0006661295463951203,157647.4233128326,157542.47961235046
15390.0,2740567.0500000003,2741346.915826996,2750014.2981027933,0.0,1.0,0.08997708906566343,9447.248102793004,8667.382275797427
15442.0,2749837.35,2750014.2981027933,2750413.2981027933,0.0,0.0,0.44347895436889884,575.9481027931906,399.0
15001.0,2637178.7,2637178.7,2750525.8074137927,2.0,2.0,0.0,113347.10741379252,113347.10741379252
15445.0,2751038.5500000003,2751038.5500000003,2751122.499339709,2.0,0.0,0.0,83.94933970877901,83.94933970877901
15446.0,2751173.1,2751173.1,2751254.221143869,1.0,0.0,0.0,81.12114386912435,81.12114386912435
15448.0,2751247.85,2751254.221143869,2751341.101366519,2.0,1.0,0.07333249932849414,93.25136651890352,86.88022264977917
15451.0,2751379.8000000003,2751399.175630771,2751508.175630771,0.0,0.0,0.17775808046614633,128.37563077080995,109.0
15447.0,2751203.0,2751254.253933879,2751522.253933879,0.0,0.0,0.19124602193687,319.25393387908116,268.0
15452.0,2751453.25,2751508.175630771,2751617.175630771,0.0,0.0,0.5039048694595353,163.92563077108935,109.0
15441.0,2749787.95,2749787.95,2751645.279519334,0.0,1.0,0.0,1857.3295193337835,1857.3295193337835
15453.0,2751579.35,2751617.175630771,2751687.175630771,0.0,0.0,0.5403661538713744,107.82563077099621,70.0
15454.0,2751639.15,2751645.279519334,2751715.279519334,0.0,0.0,0.08756456191518477,76.12951933406293,70.0
15455.0,2751705.45,2751705.45,2751774.45,0.0,0.0,0.0,69.0,69.0
15443.0,2750311.2,2750413.2981027933,2751833.297430471,0.0,1.0,0.07190010643178701,1522.0974304708652,1419.9993276777677
15449.0,2751322.6,2751522.253933879,2751865.965568403,1.0,0.0,0.5808762748332883,543.365568402689,343.7116345237009
15456.0,2751756.8000000003,2751756.8000000003,2751868.8000000003,0.0,0.0,0.0,112.0,112.0
15444.0,2750467.85,2751038.692430771,2751963.4693209385,1.0,1.0,0.6172758390053071,1495.6193209383637,924.7768901675008
15457.0,2751798.4,2751798.4,2752059.4,0.0,0.0,0.0,261.0,261.0
15450.0,2751330.4,2751341.101366519,2752409.499861092,0.0,1.0,0.010016268811168901,1079.0998610919341,1068.3984945728444
15462.0,2752415.25,2752415.25,2752493.25,0.0,0.0,0.0,78.0,78.0
15461.0,2752275.5,2752415.416146152,2752739.770448498,1.0,0.0,0.4313682449725324,464.2704484979622,324.35430234577507
15464.0,2752517.95,2752739.770448498,2752825.98425385,2.0,1.0,2.572911004130262,308.03425384964794,86.213805351872
15460.0,2751995.35,2752059.4,2752944.8383585084,0.0,1.0,0.07233705134223378,949.4883585083298,885.4383585085161
15459.0,2751975.2,2751975.2,2752964.5459009768,0.0,1.0,0.0,989.3459009765647,989.3459009765647
15140.0,2664988.95,2670549.838789664,2753013.430616908,0.0,1.0,0.0674344721888147,88024.48061690759,82463.59182724357
15465.0,2752575.15,2752739.770448498,2753031.080166645,0.0,1.0,0.5651045545107083,455.93016664497554,291.3097181469202
15463.0,2752488.7,2752493.25,2753642.9293069155,2.0,0.0,0.0039576253764374075,1154.2293069153093,1149.6793069154955
15139.0,2664985.0500000003,2670549.838789664,2753801.908070834,0.0,1.0,0.06684264832949441,88816.85807083361,83252.06928116968
15141.0,2664988.95,2670549.838789664,2754050.1728839725,0.0,1.0,0.06659720407086459,89061.22288397234,83500.33409430832
15467.0,2753155.6,2753155.6,2754059.92166131,0.0,2.0,0.0,904.3216613098048,904.3216613098048
15468.0,2753251.15,2753642.9293069155,2754165.2611726616,2.0,0.0,0.7500582151081259,914.1111726616509,522.3318657460622
15142.0,2664988.95,2670549.838789664,2754466.27285169,0.0,1.0,0.06626698157304621,89477.32285169,83916.43406202598
15470.0,2755072.45,2755072.45,2755203.45,0.0,0.0,0.0,131.0,131.0
15471.0,2755295.4,2755295.4,2755515.4,0.0,0.0,0.0,220.0,220.0
15472.0,2755481.3000000003,2755515.4,2756447.3438694514,0.0,1.0,0.0365901865095118,966.043869451154,931.9438694515266
15487.0,2756319.15,2756447.3438694514,2756853.100727859,0.0,0.0,0.31593765279692626,533.9507278590463,405.75685840751976
15486.0,2756143.65,2756449.8912312165,2756955.8912312165,0.0,0.0,0.6052198245387024,812.2412312165834,506.0
15473.0,2755686.0500000003,2756447.379593522,2756975.379593522,0.0,0.0,1.441912108942316,1289.3295935215428,528.0
15053.0,2645409.0,2645626.488307392,2758685.2649952006,1.0,3.0,0.0019236746917294168,113276.26499520056,113058.77668780833
15041.0,2645318.0,2645624.112682768,2758864.4166136915,2.0,2.0,0.0027032131859595914,113546.41661369149,113240.30393092334
15498.0,2757955.85,2758048.8177698967,2759208.914022741,0.0,1.0,0.08013797964495004,1253.0640227408148,1160.0962528442033
15431.0,2746225.3000000003,2746850.951747298,2759605.187738636,1.0,0.0,0.04905442769934568,13379.887738635764,12754.235991338268
15488.0,2756466.0500000003,2756955.8912312165,2760056.498097915,0.0,1.0,0.15798237321771663,3590.448097914923,3100.606866698712
15503.0,2760145.0500000003,2760145.0500000003,2760239.90918358,2.0,1.0,0.0,94.8591835796833,94.8591835796833
14853.0,2584317.45,2584338.116797771,2761219.7761122086,1.0,0.0,0.00011683968734098152,176902.32611220842,176881.65931443777
15427.0,2746096.6,2746850.8925141157,2761269.0408369796,1.0,1.0,0.05231549136718424,15172.440836979542,14418.14832286397
15424.0,2746053.7,2746053.7,2762233.378758015,1.0,2.0,0.0,16179.678758014925,16179.678758014925
15425.0,2746061.5,2746061.6456898907,2762936.1613017134,2.0,1.0,8.63372283219058e-06,16874.661301713437,16874.515611822717
15038.0,2644968.3000000003,2644968.3000000003,2765291.482561309,1.0,3.0,0.0,120323.18256130861,120323.18256130861
15418.0,2743681.85,2744610.7127135936,2766043.527952948,0.0,1.0,0.04333834371361374,22361.677952948026,21432.815239354502
15332.0,2700717.5,2702578.927606442,2767140.1744661643,2.0,0.0,0.028831964947741692,66422.67446616432,64561.246859722305
15395.0,2741120.2,2741346.915826996,2769497.2691696063,1.0,0.0,0.008053747114161345,28377.069169606082,28150.35334261041
15508.0,2768488.45,2769535.6312984433,2770707.05291212,2.0,0.0,0.8939405643682529,2218.6029121195897,1171.4216136764735
15173.0,2664993.5,2670555.850826163,2771113.4174377546,0.0,1.0,0.0553150897897886,106119.91743775457,100557.56661159173
15339.0,2701567.0500000003,2705311.9391958434,2771680.621556843,2.0,1.0,0.05642554684864053,70113.57155684289,66368.68236099975
15340.0,2701574.2,2708734.9252434676,2772694.791573912,2.0,0.0,0.11195653859675013,71120.59157391172,63959.86633044435
15458.0,2751945.95,2751945.95,2773063.4962449963,0.0,1.0,0.0,21117.546244996134,21117.546244996134
15336.0,2701531.3000000003,2703517.394926117,2773137.7961435174,1.0,0.0,0.028527484636502325,71606.49614351708,69620.40121740056
15484.0,2756129.35,2756449.285663479,2773234.8889819044,1.0,0.0,0.01906012297620098,17105.538981904276,16785.60331842536
15174.0,2664993.5,2670556.4238948,2773743.1964105032,0.0,1.0,0.05391121128391905,108749.69641050324,103186.77251570346
15480.0,2756096.2,2756448.2980646216,2773911.8713845066,2.0,0.0,0.020161856807422527,17815.671384506393,17463.57331988495
14957.0,2605170.75,2605170.75,2774062.557076622,1.0,1.0,0.0,168891.8070766218,168891.8070766218
15176.0,2664993.5,2670557.662136773,2774474.570174138,0.0,1.0,0.05354433885554439,109481.07017413806,103916.90803736495
15167.0,2664992.85,2670552.8388098283,2774613.633684277,0.0,1.0,0.053430197381601846,109620.78368427698,104060.7948744488
15177.0,2664993.5,2670558.3095077197,2775065.235345929,0.0,1.0,0.05324823654591831,110071.73534592893,104506.92583820922
15181.0,2664994.15,2670561.3076864462,2776208.162686151,0.0,1.0,0.05269591495612327,111214.01268615108,105646.85499970475
15182.0,2664994.15,2670562.1445135446,2776502.734271026,0.0,1.0,0.05255770735551814,111508.58427102631,105940.58975748159
15426.0,2746079.7,2746262.699196055,2776641.7362633124,0.0,2.0,0.0060238642735689915,30562.036263312213,30379.037067257334
15183.0,2664994.15,2670562.99589221,2776760.3567644367,0.0,1.0,0.05243864674669534,111766.20676443679,106197.36087222677
15430.0,2746189.5500000003,2746850.8925141157,2777330.189488864,0.0,3.0,0.021698089515099307,31140.63948886376,30479.296974748373
15187.0,2664994.8000000003,2670566.7099293354,2777651.126120717,0.0,1.0,0.05203287394663471,112656.32612071652,107084.4161913814
15499.0,2758086.5,2758685.2649952006,2777670.896113114,1.0,0.0,0.03153779779464956,19584.396113113966,18985.631117913406
15184.0,2664994.15,2670563.8662864254,2777756.5309645063,0.0,1.0,0.0519598640742102,112762.38096450642,107192.66467808094
15133.0,2653396.85,2653589.6,2778031.282695899,0.0,0.0,0.0015489183031302148,124634.4326958987,124441.6826958987
15132.0,2653372.8000000003,2653390.95,2778033.934533101,0.0,0.0,0.0001456158970189522,124661.13453310076,124642.98453310085
15482.0,2756111.8000000003,2756448.7576384735,2779349.723629624,0.0,1.0,0.014713686689175358,23237.923629623838,22900.965991150588
15505.0,2764111.35,2766043.527952948,2779921.1062326403,0.0,0.0,0.13923019665293357,15809.75623264024,13877.578279692214
15341.0,2701583.3000000003,2705311.9391958434,2780944.207481797,2.0,1.0,0.04929958178360788,79360.90748179657,75632.26828595344
15160.0,2664992.2,2670550.6307915966,2791503.1914667697,0.0,2.0,0.04595546188165448,126510.99146676948,120952.56067517307
15148.0,2664990.25,2670549.838789664,2792137.4674518676,0.0,1.0,0.045724954510873314,127147.21745186765,121587.62866220344
15151.0,2664990.9,2670549.838789664,2792263.152681994,0.0,1.0,0.04567239697854146,127272.25268199388,121713.31389232958
15153.0,2664990.9,2670549.838789664,2793216.26929121,0.0,1.0,0.045317523033282125,128225.36929121008,122666.43050154578
15156.0,2664991.5500000003,2670549.978210846,2793279.9027638775,0.0,1.0,0.045289917932312324,128288.35276387725,122729.92455303157
15168.0,2664992.85,2670553.2804045747,2795176.3078451273,0.0,1.0,0.044618001333878964,130183.45784512721,124623.0274405526
15466.0,2752842.3000000003,2752842.3000000003,2795427.392911116,0.0,1.0,0.0,42585.09291111585,42585.09291111585
15149.0,2664990.25,2670549.838789664,2795506.143843203,0.0,1.0,0.0444922630137163,130515.89384320285,124956.30505353864
15483.0,2756118.95,2756449.01013483,2796108.951181492,0.0,1.0,0.008322254802184974,39990.00118149165,39659.9410466617
15485.0,2756133.9,2756449.582527935,2796582.343558969,0.0,1.0,0.007865955888034237,40448.44355896907,40132.76103103394
15490.0,2756768.3000000003,2756956.301104523,2796801.3361584963,0.0,1.0,0.004718306917482509,40033.03615849605,39845.03505397355
15179.0,2664993.5,2670559.720124309,2796831.232059118,0.0,1.0,0.04408136117973041,131837.73205911787,126271.51193480892
15481.0,2756102.7,2756448.5104138837,2797135.0290659373,0.0,1.0,0.008499385677129675,41032.32906593708,40686.51865205355
15207.0,2686542.95,2689677.6342631895,2799708.6342631895,0.0,0.0,0.02848910091873493,113165.68426318932,110031.0
15512.0,2769535.6,2769535.6,2802427.311931718,2.0,0.0,0.0,32891.71193171805,32891.71193171805
15516.0,2769945.75,2770707.05291212,2808057.348320219,2.0,1.0,0.02038278154969257,38111.5983202192,37350.295408099424
15201.0,2686444.15,2686510.0666165454,2811024.636676296,1.0,0.0,0.0005293887816814779,124580.48667629622,124514.5700597507
15517.0,2770143.35,2770707.05291212,2814074.05291212,0.0,0.0,0.012998429961022963,43930.70291211968,43367.0
15518.0,2770148.5500000003,2770707.05291212,2814085.05291212,0.0,0.0,0.012875257322133262,43936.5029121195,43378.0
15129.0,2650506.95,2651730.7,2814822.4992012596,17.0,26.0,0.007503442883046876,164315.5492012594,163091.7992012594
15494.0,2757025.7,2814074.05291212,2817672.3621530267,0.0,0.0,15.85421071195659,60646.662153026555,3598.309240906965
15496.0,2757025.7,2817672.3621530267,2817908.201018997,0.0,0.0,257.15295866744003,60882.501018996816,235.8388659702614
15509.0,2769471.25,2817908.201018997,2818172.082916623,0.0,0.0,183.55541420143408,48700.83291662298,263.88189762597904
15511.0,2769532.35,2818172.082916623,2821769.4366172245,0.0,0.0,13.5209759631059,52237.086617224384,3597.353700601496
15514.0,2769573.3000000003,2821769.4366172245,2822291.175007547,0.0,0.0,100.04273709852849,52717.87500754651,521.738390322309
15515.0,2769581.1,2822291.175007547,2823490.6394254654,0.0,0.0,43.94467582374289,53909.53942546528,1199.4644179185852
15154.0,2664990.9,2670549.838789664,2823587.9429042335,0.0,1.0,0.03632388692885728,158597.04290423356,153038.10411456926
15145.0,2664989.6,2670549.838789664,2825645.98058719,0.0,2.0,0.03585027148465673,160656.38058718992,155096.1417975258
15155.0,2664990.9,2670549.8855783767,2826000.5534596047,0.0,1.0,0.035760448341232855,161009.65345960483,155450.66788122803
15420.0,2744357.2,2744726.0124266203,2826775.0772825265,0.0,0.0,0.004495022914250979,82417.87728252634,82049.06485590618
15163.0,2664992.2,2670551.4350753305,2826987.1000890187,0.0,1.0,0.035536877571006126,161994.9000890185,156435.66501368815
15158.0,2664991.5500000003,2670550.232309595,2827172.145944939,0.0,1.0,0.03549108921333309,162180.59594493872,156621.91363534378
15489.0,2756559.0,2756956.056825422,2827404.4030790883,0.0,2.0,0.005636141180554023,70845.40307908831,70448.3462536661
15519.0,2819579.75,2821769.4727915726,2827434.365018441,0.0,1.0,0.38654270970713583,7854.615018440876,5664.892226868309
15164.0,2664992.2,2670551.7384276963,2827579.4422143046,0.0,1.0,0.035404825350125436,162587.2422143044,157027.7037866083
15170.0,2664992.85,2670554.255572883,2827851.159556483,0.0,1.0,0.03535610321651782,162858.30955648283,157296.90398359997
15491.0,2757025.0500000003,2829788.0214711353,2830036.6056130496,0.0,1.0,292.7096270534823,73011.5556130493,248.5841419142671
15492.0,2757025.0500000003,2830036.6056130496,2830409.6056130496,0.0,0.0,195.7414359599177,73384.5556130493,373.0
15493.0,2757025.0500000003,2830409.6056130496,2832209.6056130496,0.0,0.0,40.76919756280517,75184.5556130493,1800.0
15495.0,2757025.7,2832209.6056130496,2834167.871703411,0.0,1.0,38.39309988724468,77142.1717034108,1958.2660903614014
15510.0,2769524.5500000003,2834167.871703411,2834618.481223617,0.0,1.0,143.45751433264385,65093.931223616935,450.6095202062279
15513.0,2769559.0,2834618.481223617,2836698.5716831125,0.0,1.0,31.277236490667956,67139.57168311253,2080.090459495317
15136.0,2663194.3000000003,2663194.3000000003,2837849.930561054,3.0,0.0,0.0,174655.63056105375,174655.63056105375
15203.0,2686483.8000000003,2686510.283436798,2846713.783626151,1.0,1.0,0.00016531122457651292,160229.98362615053,160203.50018935278
15202.0,2686465.6,2686510.1521287044,2847006.651377805,2.0,1.0,0.00027758941106320985,160541.05137780495,160496.49924910069
15507.0,2764256.95,2778033.934533101,2861401.9890744532,1.0,2.0,0.1652549601750296,97145.03907445306,83368.0545413522
15521.0,2856357.4,2856357.4,2866329.681834715,2.0,0.0,0.0,9972.281834715046,9972.281834715046
15523.0,2856438.0,2866329.681834715,2866561.681834715,0.0,0.0,42.636559632392036,10123.681834714953,232.0
15335.0,2701523.5,2702910.7659131424,2869674.3702529985,0.0,0.0,0.008318757073127155,168150.87025299855,166763.6043398562
15337.0,2701543.0,2704718.0012565334,2871435.31879204,0.0,0.0,0.019044219901494266,169892.31879204,166717.31753550656
15500.0,2758461.5500000003,2758685.5261414563,2874125.1725941836,1.0,0.0,0.0019402012076307558,115663.62259418331,115439.64645272726
15501.0,2758475.85,2758685.8269707127,2874338.3628411377,2.0,1.0,0.001815584666019851,115862.51284113759,115652.53587042494
15478.0,2755802.4,2756447.9416336073,2877164.956078653,2.0,0.0,0.005347561290966354,121362.55607865332,120717.01444504596
15522.0,2856378.85,2861401.9890744532,2882105.118577567,1.0,2.0,0.2426270421434445,25726.268577566836,20703.129503113683
15199.0,2686399.3000000003,2686510.0041935598,2885022.6003786423,0.0,0.0,0.0005576683580132142,198623.30037864204,198512.59618508257
15479.0,2755813.45,2756448.104667572,2885399.821275539,2.0,0.0,0.004921645746687485,129586.37127553904,128951.71660796739
15438.0,2747501.9,2747503.779737163,2888285.3273303094,1.0,0.0,1.3352155840727979e-05,140783.42733030953,140781.54759314656
15502.0,2758484.95,2758686.1561991414,2897372.047556367,2.0,0.0,0.0014508051047741753,138887.09755636659,138685.89135722537
15475.0,2755780.95,2756447.527907556,2899340.2665402642,2.0,0.0,0.00466488300199151,143559.31654026406,142892.73863270832
15126.0,2649828.35,2649828.35,2908407.2112918915,17.0,22.0,0.0,258578.86129189143,258578.86129189143
15539.0,2907607.3000000007,2908407.249918091,2909702.112635724,2.0,0.0,0.6177874358394322,2094.812635723036,1294.86271763267
15548.0,2910299.6,2910299.6,2910346.922940107,2.0,0.0,0.0,47.32294010696933,47.32294010696933
15328.0,2700412.0,2702578.9156071376,2914519.7346283616,2.0,0.0,0.01022415416315159,214107.73462836165,211940.81902122404
15574.0,2914304.9,2914519.7346283616,2914600.78070631,1.0,0.0,2.6507714352097342,295.8807063102722,81.04607794852927
15564.0,2912441.35,2914519.7346283616,2914683.661870003,0.0,1.0,12.678701889622957,2242.311870003119,163.92724164156243
15543.0,2909574.85,2914519.7346283616,2914731.6474559694,0.0,0.0,23.334522426907814,5156.797455969267,211.91282760770991
15544.0,2909585.9,2914731.6474559694,2914959.4780806247,0.0,0.0,22.585846234471582,5373.578080624808,227.83062465535477
15545.0,2909778.3000000007,2914959.4780806247,2915281.4780806247,0.0,0.0,16.090615157217297,5503.178080623969,322.0
15546.0,2909782.85,2915281.4780806247,2915901.123381675,0.0,0.0,8.873831644172244,6118.273381675128,619.6453010505065
15549.0,2910467.3000000007,2915901.123381675,2916002.123381675,0.0,0.0,53.80023150172749,5534.823381674476,101.0
15529.0,2883236.85,2885022.953273096,2919431.5831727176,0.0,1.0,0.05190858451227311,36194.733172717504,34408.629899621475
15586.0,2918810.0500000007,2919431.5831727176,2919924.5831727176,0.0,0.0,1.2607163746792136,1114.5331727168523,493.0
15587.0,2920567.65,2920767.2290901863,2920845.2290901863,0.0,0.0,2.5587062844409583,277.57909018639475,78.0
15588.0,2920641.1,2920767.2938116235,2920876.2938116235,0.0,0.0,1.1577413910401797,235.1938116233796,109.0
15589.0,2920767.2,2920767.2,2922312.2,0.0,0.0,0.0,1545.0,1545.0
15590.0,2920824.4,2920876.2938116235,2922997.1876122323,0.0,0.0,0.02446789726513862,2172.7876122323796,2120.8938006088138
15593.0,2921833.2,2922997.2716436153,2923164.910690254,2.0,0.0,6.943917106160311,1331.7106902538799,167.63904663873836
15594.0,2922028.85,2922997.344761704,2923266.1835841816,1.0,0.0,3.6025108010025906,1237.3335841814987,268.83882247749716
15595.0,2922266.75,2922997.4548902996,2923272.8694714415,0.0,2.0,2.6531089504048864,1006.1194714414887,275.41458114190027
15598.0,2923065.6,2923266.1835841816,2923327.6567115965,1.0,0.0,3.2629474473875004,262.0567115964368,61.47312741493806
15591.0,2920927.75,2922997.1876122323,2923345.8915144475,0.0,2.0,5.934655732515902,2418.1415144475177,348.7039022152312
15597.0,2922880.35,2923164.9177588318,2923355.1936086877,2.0,0.0,1.495553739726113,474.8436086876318,190.2758498559706
15596.0,2922458.5,2923164.910690254,2923476.7461917447,1.0,0.0,2.2653311982673667,1018.2461917446926,311.8355014906265
15600.0,2923345.75,2923355.1936086877,2923569.108104523,0.0,0.0,0.044146651449958545,223.35810452280566,213.91449583508074
15599.0,2923162.45,2923327.6567115965,2923632.8508093706,1.0,1.0,0.5413168629447919,470.40080937044695,305.1940977741033
15531.0,2889653.65,2889653.65,2923697.3928274363,0.0,0.0,0.0,34043.74282743642,34043.74282743642
15556.0,2910890.45,2923697.3928274363,2923790.3928274363,0.0,0.0,137.70906266060368,12899.942827436142,93.0
15592.0,2921118.2,2922997.219751458,2923928.4551459705,2.0,1.0,2.017770976630483,2810.2551459702663,931.2353945123032
15528.0,2883058.1,2885022.832955636,2923949.0040026307,0.0,1.0,0.05047331660912696,40890.90400263062,38926.17104699463
15602.0,2923930.1,2923930.1,2924079.1,0.0,0.0,0.0,149.0,149.0
15557.0,2910950.9,2910950.9,2926281.9,0.0,0.0,0.0,15331.0,15331.0
15605.0,2925501.15,2926281.9,2926328.9,0.0,0.0,16.611702127659573,827.75,47.0
15327.0,2700399.0,2701592.730929232,2926687.728961216,2.0,1.0,0.005303231700699924,226288.72896121582,225094.99803198362
15609.0,2926563.9,2926687.728961216,2926807.728961216,0.0,0.0,1.0319080101326108,243.8289612159133,120.0
15610.0,2926708.2,2926770.6503976597,2926859.6503976597,0.0,0.0,0.7016898613433573,151.4503976595588,89.0
15612.0,2926825.85,2926825.85,2926910.85,0.0,0.0,0.0,85.0,85.0
15606.0,2925547.95,2926281.9774251627,2927531.9774251627,0.0,0.0,0.5872219401299954,1984.0274251624942,1250.0
15621.0,2927533.0500000007,2927533.0500000007,2927630.200073829,1.0,0.0,0.0,97.15007382817566,97.15007382817566
15608.0,2926508.65,2926508.65,2927796.65,0.0,0.0,0.0,1288.0,1288.0
15603.0,2924015.9,2924079.1,2927896.8721400164,1.0,1.0,0.016554157158241562,3880.9721400165,3817.7721400163136
15558.0,2911052.3000000007,2914519.7346283616,2928970.7346283616,0.0,0.0,0.2399442687953017,17918.434628360905,14451.0
15604.0,2924656.8000000007,2926281.9156852835,2929639.9156852835,0.0,0.0,0.48395345005441953,4983.115685282741,3358.0
15571.0,2913698.45,2923949.0040026307,2931146.114512472,0.0,0.0,1.424259637060463,17447.66451247176,7197.110509841237
15381.0,2715370.45,2715589.555803783,2932028.244118698,0.0,0.0,0.0010123227297690431,216657.79411869776,216438.68831491517
15526.0,2882268.35,2885022.6538611595,2932256.3798949188,0.0,1.0,0.05831222925734856,49988.02989491867,47233.7260337593
15474.0,2755775.1,2756447.4393295664,2936534.0485198386,2.0,0.0,0.0037334221161106685,180758.9485198385,180086.60919027217
15541.0,2908824.75,2910299.6641724855,2937384.6641724855,0.0,0.0,0.054455018367563994,28559.91417248547,27085.0
15368.0,2709005.65,2725357.9012074284,2937404.552856717,2.0,0.0,0.0771162905909691,228398.9028567169,212046.65164928837
15623.0,2928094.65,2937404.5787302563,2937488.5787302563,0.0,0.0,110.83248488400464,9393.92873025639,84.0
15530.0,2883412.35,2885022.6003786423,2937863.5512765087,1.0,0.0,0.030473531442585182,54451.201276508626,52840.950897866394
15504.0,2760246.45,2760246.45,2938353.6290919916,1.0,1.0,0.0,178107.1790919914,178107.1790919914
15205.0,2686538.4,2686699.812808212,2942394.972851065,0.0,2.0,0.0006312704870320349,255856.57285106508,255695.1600428531
15579.0,2914962.0500000007,2936534.0485198386,2943661.2956347223,0.0,0.0,3.0266943424466564,28699.245634721592,7127.247114883736
15613.0,2926842.75,2927533.0977954376,2945462.8867487484,1.0,0.0,0.03850284000749937,18620.136748748366,17929.78895331081
15611.0,2926810.9,2926825.8918028483,2948445.8918028483,0.0,0.0,0.0006934228884555903,21634.99180284841,21620.0
15620.0,2927219.1,2927533.1732573584,2949192.1732573584,0.0,0.0,0.014500819860486592,21973.07325735828,21659.0
15581.0,2915158.35,2923949.0040026307,2951778.1988217197,0.0,0.0,0.31587884808657124,36619.84882171964,27829.194819089025
15520.0,2829788.0,2829788.0,2957307.228865792,0.0,1.0,0.0,127519.22886579204,127519.22886579204
15527.0,2882772.1,2885022.721827899,2959327.516131665,0.0,1.0,0.03028905266459966,76555.416131665,74304.79430376599
15540.0,2908801.35,2909702.112635724,2965285.348183073,0.0,1.0,0.01620565314079928,56483.99818307301,55583.23554734932
15631.0,2964980.85,2965285.348183073,2966322.348183073,0.0,0.0,0.2936337348823629,1341.4981830730103,1037.0
15538.0,2907581.95,2908407.2112918915,2967101.8555444223,0.0,1.0,0.014060248637689857,59519.9055444221,58694.644252530765
15635.0,2967034.85,2967034.85,2967106.85,0.0,0.0,0.0,72.0,72.0
15634.0,2966739.75,2967034.8700789055,2967134.8700789055,0.0,0.0,2.9512007890548557,395.12007890548557,100.0
15636.0,2967233.75,2967233.75,2967980.1622362062,1.0,0.0,0.0,746.4122362062335,746.4122362062335
15637.0,2967290.3000000007,2967980.2082968983,2968076.2082968983,0.0,0.0,7.186544759349393,785.9082968975417,96.0
15645.0,2967773.9,2968076.2082968983,2968125.4067317983,2.0,0.0,6.144673047276458,351.5067317984067,49.19843490002677
15647.0,2967875.95,2968076.2082968983,2968276.2082968983,0.0,0.0,1.0012914844905025,400.2582968981005,200.0
15649.0,2968139.85,2968139.85,2968326.194961099,1.0,1.0,0.0,186.34496109886095,186.34496109886095
15650.0,2968245.8000000007,2968276.2082968983,2968378.2653933456,2.0,1.0,0.29795377250650046,132.4653933448717,102.05709644732997
15651.0,2968312.1,2968326.194961099,2968487.803337327,2.0,0.0,0.08721677321325023,175.7033373271115,161.60837622825056
15648.0,2967968.25,2967980.1622362062,2968660.5501660574,1.0,0.0,0.017508006364602736,692.3001660574228,680.3879298511893
15652.0,2968518.15,2968518.15,2968725.15,0.0,0.0,0.0,207.0,207.0
15653.0,2968786.6,2968786.6,2969059.91848844,2.0,0.0,0.0,273.3184884400107,273.3184884400107
15654.0,2969050.5,2969059.91848844,2969418.91848844,0.0,0.0,0.02623534384430036,368.41848844010383,359.0
15658.0,2971251.4,2971251.4,2972297.4,0.0,0.0,0.0,1046.0,1046.0
15628.0,2963767.3000000007,2967101.8555444223,2972835.8555444223,0.0,0.0,0.5815409041544372,9068.555544421542,5734.0
15617.0,2927057.25,2932256.4339492177,2981424.835302303,1.0,0.0,0.10574238344422819,54367.58530230308,49168.40135308541
15666.0,2974760.1,2981424.835302303,2981513.835302303,0.0,0.0,74.88466631801109,6753.735302302986,89.0
15665.0,2974545.6,2981424.835302303,2981521.776686551,0.0,1.0,70.9628334242303,6976.176686550956,96.94138424796984
15669.0,2976877.15,2981424.8576476127,2981561.8576476127,0.0,0.0,33.19494633294003,4684.707647612784,137.0
15670.0,2976968.8000000007,2981424.9163377327,2981601.9163377327,0.0,0.0,25.175798518259583,4633.116337731946,177.0
15677.0,2978605.5,2981424.835302303,2981606.7133066794,0.0,0.0,15.501243880319873,3001.2133066793904,181.87800437631086
15683.0,2978987.0500000007,2981424.835302303,2981624.747617887,0.0,0.0,12.194272749947727,2637.6976178861223,199.91231558378786
15664.0,2974286.9,2981424.835302303,2981670.2828105176,1.0,0.0,29.081310925613554,7383.38281051768,245.44750821450725
15691.0,2979860.65,2981521.776686551,2981699.674220952,0.0,0.0,9.337547550295605,1839.0242209522985,177.897534401156
15663.0,2973846.2,2981424.835302303,2981701.1737208324,2.0,0.0,27.42519604271906,7854.973720832262,276.33841852936894
15680.0,2978841.45,2981513.835302303,2981725.7357921074,0.0,0.0,12.611510736811063,2884.285792107228,211.90048980433494
15662.0,2973219.6,2981424.835302303,2981737.835302303,0.0,0.0,26.214809272533504,8518.235302302986,313.0
15693.0,2980004.3000000007,2981601.9163377327,2981753.8564482527,0.0,0.0,10.51477672527896,1749.5564482519403,151.94011051999405
15695.0,2980097.25,2981624.747617887,2981784.6324835736,0.0,0.0,9.553734878693584,1687.3824835736305,159.88486568676308
15681.0,2978911.0,2981601.9163377327,2981795.8407641756,0.0,0.0,13.876108271097108,2884.840764175635,193.9244264429435
15687.0,2979662.4,2981725.773848757,2981820.187433381,1.0,0.0,21.854628833082042,2157.7874333811924,94.41358462395146
15682.0,2978980.5500000007,2981606.7133066794,2981828.6145271054,0.0,0.0,11.834830388212561,2848.0645271046087,221.9012204259634
15684.0,2979506.4,2981699.674220952,2981830.146085691,1.0,1.0,16.810323247393935,2323.7460856912658,130.47186473896727
15690.0,2979741.0500000007,2981795.8407641756,2981852.896430139,2.0,0.0,36.01378985735681,2111.846430138219,57.055665963329375
15692.0,2979999.75,2981820.187433381,2981883.537882082,1.0,1.0,28.735983259902223,1883.7878820821643,63.350448701065034
15686.0,2979658.5,2981725.7357921074,2981913.6261059465,0.0,0.0,11.002354245243195,2255.1261059464887,187.89031383907422
15674.0,2978325.35,2981913.6261059465,2981999.5338873817,1.0,0.0,41.76892996188005,3674.1838873815723,85.90778143517673
15700.0,2980741.4,2981828.6145271054,2982044.452542037,0.0,0.0,5.037178123839337,1303.052542036865,215.838014931418
15678.0,2978690.65,2981999.5338873817,2982062.8956432594,2.0,0.0,52.22209898612636,3372.2456432594918,63.36175587773323
15701.0,2980897.4,2981830.146085691,2983149.564231795,0.0,0.0,0.706937439390054,2252.1642317948863,1319.4181461036205
15703.0,2981360.2,2981852.896430139,2983570.0248488765,0.0,0.0,0.2869304501412954,2209.8248488763347,1717.1284187375568
15707.0,2982057.0,2983149.564231795,2983621.3526019934,0.0,0.0,2.3157930563971845,1564.3526019933634,471.7883701985702
15715.0,2982148.0,2983570.0248488765,2983759.9425537176,0.0,0.0,7.487584425402219,1611.942553717643,189.91770484112203
15672.0,2977509.6,2982062.8956432594,2984157.67921739,0.0,0.0,2.173635357604677,6648.079217389692,2094.783574130386
15679.0,2978759.5500000007,2984157.7191131725,2984230.7191131725,0.0,0.0,73.94752209824318,5471.1691131717525,73.0
15632.0,2965513.85,2981424.835302303,2984297.835302303,0.0,0.0,5.53810835443891,18783.985302302986,2873.0
15685.0,2979561.0,2984230.7191131725,2984303.7191131725,0.0,0.0,63.96875497496572,4742.719113172498,73.0
15689.0,2979709.85,2984303.7191131725,2984395.3574853353,0.0,1.0,50.13040939891467,4685.507485335227,91.63837216282263
15698.0,2980595.15,2984395.3574853353,2984468.3574853353,0.0,0.0,52.05763678541662,3873.2074853354134,73.0
15699.0,2980645.85,2984468.3574853353,2984552.281175261,0.0,2.0,45.54741919385313,3906.4311752608046,83.92368992557749
15716.0,2982247.45,2984552.281175261,2984706.1176962806,0.0,1.0,14.982340734068325,2458.667696280405,153.83652101969346
15673.0,2977692.9,2984157.67921739,2987282.2132220534,0.0,0.0,2.0690378814059147,9589.31322205346,3124.534004663583
15748.0,2986266.4,2987282.255844959,2987329.255844959,0.0,0.0,21.61395414806704,1062.855844959151,47.0
15747.0,2986190.35,2987282.227642096,2987360.227642096,0.0,0.0,13.998431308923337,1169.8776420960203,78.0
15671.0,2977408.2,2981561.8576476127,2987417.485843982,0.0,1.0,0.7093444987145627,10009.285843981896,5855.628196369391
15559.0,2911116.65,2916002.123381675,2987969.2257071957,0.0,0.0,0.06788481436389389,76852.57570719579,71967.10232552048
15615.0,2927042.95,2937384.6641724855,2992406.6641724855,0.0,0.0,0.18795598437870822,65363.714172485285,55022.0
15638.0,2967454.75,2992406.6641724855,2992831.6641724855,0.0,0.0,58.71038628820111,25376.91417248547,425.0
15655.0,2969209.75,2987969.2257071957,2993200.653572974,0.0,0.0,3.585918832965789,23990.903572973795,5231.427865778096
15676.0,2978532.7,2987969.2257071957,2994909.724009586,0.0,0.0,1.3596323053555879,16377.024009585846,6940.498302390333
15675.0,2978367.6,2987282.2132220534,2995252.5809622635,0.0,0.0,1.1184695001059302,16884.98096226342,7970.367740210146
15570.0,2913037.4,2923949.0040026307,2995904.719432046,0.0,9.0,0.15164332586387078,82867.31943204626,71955.71542941546
15569.0,2913030.25,2923697.3928274363,2997639.4912108043,0.0,0.0,0.1442634583093698,84609.24121080432,73942.098383368
15578.0,2914872.35,2926770.6946589416,2998816.3310070974,0.0,1.0,0.1651501084873972,83943.98100709729,72045.6363481558
15642.0,2967483.35,2998816.3310070974,2999833.9305170598,0.0,0.0,30.79107320743108,32350.580517059658,1017.5995099623688
15577.0,2914847.65,2926687.754733676,2999950.836660435,1.0,1.0,0.1616107925341271,85103.18666043505,73263.08192675887
15717.0,2982333.9,2984706.1176962806,3001309.0363804474,2.0,0.0,0.14287955879365458,18975.13638044754,16602.918684166856
15719.0,2983994.65,2997639.4912108043,3002549.813174746,1.0,0.0,2.7788078482436713,18555.163174746092,4910.321963941678
15722.0,2984019.35,2993200.653572974,3004134.4959671022,0.0,0.0,0.8397142781117948,20115.145967102144,10933.842394128442
15616.0,2927052.0500000007,2943661.2956347223,3005867.2956347223,0.0,0.0,0.2670039165791337,78815.24563472159,62206.0
15572.0,2914203.5,2919431.5831727176,3006076.834443007,0.0,0.0,0.06033894640582912,91873.33444300713,86645.25127028953
15619.0,2927063.75,2932256.3798949188,3006359.9952033698,0.0,0.0,0.07007255817823207,79296.24520336976,74103.615308451
15726.0,2984063.5500000007,2995252.5809622635,3006400.385532073,0.0,0.0,1.0036981624673185,22336.835532072466,11147.804569809698
15720.0,2984007.0,3006076.848313329,3007699.643409519,1.0,0.0,13.59989832674622,23692.64340951899,1622.7950961901806
15524.0,2881622.9,2881622.9,3008415.2634167494,2.0,0.0,0.0,126792.36341674952,126792.36341674952
15724.0,2984028.45,2994909.724009586,3008425.3795579616,0.0,0.0,0.8050866619557833,24396.92955796141,13515.655548375566
15727.0,2984068.1,2999950.836660435,3008648.7498357743,0.0,0.0,1.8260399178812459,24580.64983577421,8697.913175339345
15584.0,2918390.15,3008415.2634167494,3009005.2634167494,0.0,0.0,152.5849379944907,90615.11341674952,590.0
15585.0,2918794.45,3009005.2634167494,3009594.2634167494,0.0,0.0,153.1592757499987,90799.81341674924,589.0
15744.0,2984709.65,3008425.3795579616,3009700.7123110457,0.0,0.0,18.59571903929386,24991.062311045825,1275.3327530841343
15742.0,2984703.8000000007,3006400.385532073,3010151.95067992,0.0,0.0,5.7833423323394415,25448.150679919403,3751.565147846937
15573.0,2914230.8000000007,2923790.3928274363,3010491.070584692,0.0,0.0,0.11025972431496439,96260.27058469132,86700.67775725573
15745.0,2984714.2,3008648.7498357743,3014439.36984035,0.0,0.0,4.133331114260862,29725.169840349816,5790.6200045757
15728.0,2984426.25,3010491.1083867676,3014558.416425969,0.0,1.0,6.4083807116525024,30132.166425968986,4067.3080392014235
15721.0,2984010.25,3007699.643409519,3015043.997544413,0.0,1.0,3.2255243925354335,31033.747544412967,7344.354134893976
15723.0,2984023.9,3009594.2634167494,3015416.2634167494,0.0,0.0,4.392023946538908,31392.36341674952,5822.0
15729.0,2984437.3000000007,3004134.4959671022,3015605.506915261,0.0,0.0,1.717128163866243,31168.206915260293,11471.0109481588
15725.0,2984032.35,3010151.95067992,3015657.652921148,1.0,0.0,4.74409975976007,31625.302921148017,5505.702241227962
15730.0,2984441.85,3006076.834443007,3017008.644517387,0.0,0.0,1.979085283754779,32566.794517386705,10931.810074379668
15733.0,2984453.5500000007,3015657.652921148,3017109.5930099967,2.0,1.0,21.49131576489001,32656.04300999595,1451.9400888485834
15736.0,2984479.5500000007,3006359.9952033698,3017739.997808692,0.0,0.0,1.9227100346300283,33260.4478086913,11380.002605322283
15731.0,2984445.1,3014558.416425969,3018478.7654664186,2.0,0.0,7.681284527286737,34033.66546641849,3920.349040449597
15752.0,3019402.1,3019488.870573626,3019571.870573626,0.0,0.0,1.0454285979012858,169.77057362580672,83.0
15754.0,3019911.0500000007,3019911.0500000007,3019976.8545141006,1.0,1.0,0.0,65.8045140998438,65.8045140998438
15732.0,2984449.65,3015416.2634167494,3020171.6396584264,1.0,0.0,6.511916585138423,35721.98965842649,4755.376241676975
15567.0,2913001.0,2919431.5831727176,3020810.8256898015,2.0,0.0,0.06343096489041088,107809.82568980148,101379.24251708388
15734.0,2984458.75,3017109.5930099967,3021434.567241427,2.0,1.0,7.549372843129889,36975.81724142702,4324.974231430329
15702.0,2981347.85,3005867.2956347223,3021442.642760226,1.0,0.0,1.5742471379384615,40094.792760225944,15575.3471255037
15560.0,2911654.2,2914519.7346283616,3022973.603495782,0.0,1.0,0.026421691160362828,111319.40349578159,108453.86886742013
15758.0,3022677.45,3022973.619691903,3023060.619691903,0.0,0.0,3.4042493322136242,383.1696919025853,87.0
15764.0,3022687.2,3023060.619691903,3023126.2256656955,1.0,0.0,5.691855029579277,439.02566569531336,65.60597379272804
15757.0,3022648.2,3022973.603495782,3023201.4972518072,0.0,0.0,1.4278736787559034,553.2972518070601,227.8937560254708
15759.0,3022678.1,3023201.4972518072,3023315.4972518072,0.0,0.0,4.591203963220642,637.3972518071532,114.0
15765.0,3022687.2,3023126.2256656955,3023344.1194789372,0.0,0.0,2.014860629421558,656.9194789370522,217.89381324173883
15770.0,3022708.0,3023315.4972518072,3023427.4632549062,1.0,1.0,5.425729551765363,719.4632549062371,111.96600309899077
15769.0,3022704.1,3023201.4972518072,3023451.3200586042,0.0,0.0,1.991000174020723,747.2200586041436,249.82280679699033
15776.0,3022720.35,3023344.1194789372,3023528.0942229093,2.0,0.0,3.390516901775677,807.7442229092121,183.9747439720668
15771.0,3022708.0,3023427.4632549062,3023643.3318766584,0.0,0.0,3.3328755660114013,935.3318766583689,215.86862175213173
15784.0,3022741.8000000007,3023528.0942229093,3023648.2077605342,2.0,0.0,6.546258135896168,906.4077605335042,120.113537624944
15777.0,3022720.35,3023643.3318766584,3023871.7623887337,2.0,1.0,4.040536740354428,1151.4123887335882,228.43051207531244
15738.0,2984679.75,3021434.6056982707,3023886.6056982707,0.0,0.0,14.989745390811878,39206.85569827072,2452.0
15797.0,3023789.6,3023871.7623887337,3023919.7623887337,0.0,0.0,1.7117164319497533,130.16238873358816,48.0
15785.0,3022741.8000000007,3023648.2077605342,3024023.988156162,0.0,0.0,2.4120677158233303,1282.1881561614573,375.7803956279531
15798.0,3023793.5,3023919.7623887337,3024067.6784990514,0.0,0.0,0.8536080921983404,274.1784990513697,147.91611031768844
15799.0,3023793.5,3024067.6784990514,3024215.619762822,0.0,0.0,1.8532929357448125,422.1197628220543,147.9412637706846
15786.0,3022742.45,3023871.7623887337,3024247.4852966876,0.0,0.0,3.0057054409684043,1505.0352966873907,375.72290795389563
15816.0,3024177.65,3024215.619762822,3024317.836729198,2.0,0.0,0.3714624310255194,140.1867291983217,102.21696637617424
15760.0,3022678.1,3024317.836729198,3024431.836729198,0.0,0.0,14.38365551928189,1753.7367291981354,114.0
15766.0,3022687.85,3024431.836729198,3024555.6894838368,0.0,1.0,14.081129921478428,1867.8394838366657,123.85275463853031
15772.0,3022708.0,3024555.6894838368,3024861.4778022207,0.0,0.0,6.042380865303845,2153.477802220732,305.7883183839731
15778.0,3022720.35,3024861.4778022207,3025132.4778022207,0.0,0.0,7.900840598600143,2412.127802220639,271.0
15735.0,2984475.0,3020171.6396584264,3025324.542861953,1.0,0.0,6.927481120545124,40849.54286195291,5152.903203526512
15737.0,2984666.75,3021434.567241427,3025358.567241427,0.0,0.0,9.369984006479873,40691.81724142702,3924.0
15740.0,2984690.8000000007,3023886.6056982707,3027998.905506275,0.0,2.0,9.531358978734264,43308.10550627438,4112.299808004405
15841.0,3028699.7,3028699.7,3028845.592377853,0.0,0.0,0.0,145.8923778529279,145.8923778529279
15842.0,3028792.0,3028845.592377853,3028991.48527386,0.0,0.0,0.36734055817639455,199.4852738599293,145.89289600681514
15843.0,3028873.9,3029425.841239892,3029510.2557764533,1.0,1.0,6.5384620040044465,636.3557764533907,84.41453656135127
15833.0,3026778.95,3029510.2557764533,3029730.1515726373,0.0,0.0,12.42090946644624,2951.2015726370737,219.89579618396237
15667.0,2975308.7,2995904.719432046,3031878.087099385,0.0,0.0,0.5725352050023848,56569.387099384796,35973.36766733881
15835.0,3027065.6,3031878.087099385,3031985.087099385,0.0,0.0,44.976514947522325,4919.487099384889,107.0
15849.0,3030524.25,3031878.087099385,3032020.0032739,0.0,0.0,9.539695556269741,1495.7532739001326,141.9161745151505
15837.0,3027137.75,3031985.087099385,3032089.087099385,0.0,0.0,46.60901057100944,4951.337099384982,104.0
15838.0,3027218.35,3032089.087099385,3032243.087099385,0.0,0.0,31.62816298301876,5024.737099384889,154.0
15839.0,3027351.6,3032243.087099385,3032358.087099385,0.0,0.0,42.53467042943382,5006.487099384889,115.0
15824.0,3024362.25,3025132.3956982708,3032409.5842688545,1.0,0.0,0.10583011430868926,8047.334268854465,7277.188570583705
15845.0,3029949.65,3032358.087099385,3032486.8560309606,1.0,0.0,18.703557371456203,2537.2060309606604,128.76893157558516
15847.0,3030309.1,3032486.8560309606,3032700.7208824963,0.0,0.0,10.182860883039018,2391.6208824962378,213.8648515357636
15852.0,3031708.5500000007,3032486.8560309606,3032802.662624208,0.0,0.0,2.464502159239402,1094.1126242070459,315.80659324722365
15853.0,3031868.45,3032700.7208824963,3032932.5566252037,0.0,0.0,3.5899161741711345,1064.1066252035089,231.83574270736426
15854.0,3031995.2,3032932.5566252037,3033042.9366458687,1.0,0.0,8.49208597313382,1047.7366458685137,110.38002066500485
15576.0,2914819.7,2926687.728961216,3033117.866509366,0.0,2.0,0.11151004062027471,118298.16650936566,106430.13754815003
15601.0,2923450.4,2923569.108104523,3033508.6979526607,0.0,0.0,0.0010797575712886778,110058.29795266083,109939.58984813793
15575.0,2914729.35,2926687.728961216,3033776.688381082,0.0,1.0,0.11166771090127267,119047.33838108182,107088.95941986609
15761.0,3022678.1,3033776.688381082,3033886.937092354,1.0,1.0,100.66864503917483,11208.837092353962,110.24871127214283
15741.0,2984697.95,3025358.567241427,3033923.347872354,1.0,1.0,4.747420744741907,49225.397872353904,8564.780630927067
15739.0,2984686.9,3022973.603495782,3033931.0973791983,0.0,2.0,3.494111327201048,49244.19737919839,10957.493883416522
15753.0,3019588.0,3033886.937092354,3033994.937092354,0.0,0.0,132.39756566994495,14406.937092354055,108.0
15506.0,2764184.8000000003,2773911.8713845066,3034016.022836632,1.0,2.0,0.037396832500371124,269831.2228366318,260104.15145212552
15743.0,2984706.4,3033117.866509366,3034040.866509366,0.0,0.0,52.450126228998855,49334.46650936594,923.0
15858.0,3034045.95,3034045.95,3034101.540473971,2.0,0.0,0.0,55.59047397086397,55.59047397086397
15767.0,3022687.85,3034016.070048907,3034113.775049483,1.0,0.0,115.94309382439198,11425.925049482845,97.70500057609752
15857.0,3033322.5,3033931.0973791983,3034123.0009044567,0.0,0.0,3.171371544002486,800.5009044567123,191.90352525841445
15550.0,2910483.5500000007,3034016.022836632,3034125.022836632,0.0,0.0,1133.3254388681776,123641.47283663135,109.0
15714.0,2982082.35,3034016.022836632,3034127.022836632,0.0,0.0,467.87092645614416,52044.672836632,111.0
15762.0,3022678.75,3033923.347872354,3034173.1689127376,0.0,0.0,45.01061181672575,11494.41891273763,249.8210403835401
15768.0,3022687.85,3034127.022836632,3034236.022836632,0.0,0.0,104.9465397856147,11548.172836632002,109.0
15779.0,3022720.35,3034127.0557225817,3034398.0557225817,0.0,0.0,42.091165027976366,11677.705722581595,271.0
15773.0,3022708.65,3034236.022836632,3034451.8957803217,0.0,0.0,53.39887731928191,11743.24578032177,215.872943689581
15554.0,2910836.5,3034125.022836632,3034458.7948143114,0.0,0.0,369.37948983565644,123622.29481431143,333.7719776793383
15774.0,3022708.65,3034173.1689127376,3034478.9680316797,0.0,0.0,37.49035952882466,11770.318031679839,305.79911894211546
15860.0,3034263.7,3034458.811387457,3034517.214000639,2.0,1.0,3.34079892706946,253.51400063885376,58.4026131820865
15859.0,3034188.95,3034458.7948143114,3034569.7948143114,0.0,0.0,2.4310343631643905,380.8448143112473,111.0
15800.0,3023794.15,3034478.9680316797,3034594.9680316797,0.0,0.0,92.11050027310206,10800.818031679839,116.0
15787.0,3022742.45,3034398.0557225817,3034599.8011531536,0.0,1.0,57.77382758824958,11857.35115315346,201.74543057195842
15796.0,3023493.2,3034458.7948143114,3034604.7016078276,0.0,0.0,75.15479265945939,11111.501607827377,145.90679351612926
15862.0,3034351.45,3034517.214000639,3034606.214000639,0.0,0.0,1.8625168611107163,254.76400063885376,89.0
15861.0,3034341.0500000007,3034569.7948143114,3034678.5862263343,1.0,1.0,2.1025999208701065,337.53622633358464,108.79141202289611
15863.0,3034472.35,3034517.214000639,3034717.0749415583,0.0,0.0,0.224476080381667,244.7249415582046,199.8609409192577
15865.0,3034543.2,3034599.8011531536,3034719.920434835,1.0,0.0,0.47120788903529964,176.72043483471498,120.1192816812545
15780.0,3022720.35,3034451.8957803217,3034741.0535386014,1.0,0.0,40.57143702495303,12020.703538601287,289.15775827970356
15866.0,3034668.65,3034668.65,3034760.9691943275,2.0,0.0,0.0,92.31919432757422,92.31919432757422
15864.0,3034478.2,3034599.8011531536,3034790.214406332,0.0,2.0,0.6386170664263603,312.0144063318148,190.41325317835435
15801.0,3023794.15,3034594.9680316797,3034826.818540723,0.0,0.0,46.58526770653711,11032.668540723156,231.8505090433173
15806.0,3023989.15,3034604.7016078276,3034834.608267703,0.0,0.0,46.17331056688316,10845.458267703187,229.90665987553075
15867.0,3034716.1,3034741.0535386014,3034870.621699276,1.0,0.0,0.1925900504520403,154.52169927582145,129.56816067453474
15812.0,3024170.5,3034834.608267703,3034952.9911372582,1.0,0.0,90.0815152376009,10782.491137258243,118.38286955514923
15788.0,3022742.45,3034741.0535386014,3034955.23944387,1.0,1.0,56.019575721215894,12212.78944386961,214.1859052684158
15856.0,3033019.6,3034952.9911372582,3035048.97753362,1.0,1.0,20.14234527541294,2029.3775336197577,95.98639636160806
15868.0,3034977.4,3035001.5274814214,3035069.5274814214,0.0,0.0,0.3548159032567021,92.12748142145574,68.0
15625.0,2928322.8000000007,3034458.7948143114,3035252.369846661,0.0,0.0,133.7441205780572,106929.56984666036,793.5750323496759
15869.0,3035037.85,3035048.97753362,3035276.8242524266,0.0,0.0,0.04883780498587958,238.97425242653117,227.84671880677342
15871.0,3035100.9,3035100.9,3035281.7344532725,1.0,0.0,0.0,180.83445327263325,180.83445327263325
15763.0,3022678.75,3035252.369846661,3035377.369846661,0.0,0.0,100.58895877328888,12698.61984666111,125.0
15808.0,3024162.7,3034826.818540723,3035380.4161194926,0.0,0.0,19.263304157553243,11217.716119492427,553.5975787695497
15793.0,3022934.2,3035252.369846661,3035381.4220340964,0.0,2.0,95.45107364285354,12447.222034096252,129.05218743532896
15789.0,3022742.45,3034955.23944387,3035390.9720258736,0.0,0.0,28.028175877292636,12648.522025873419,435.7325820038095
15870.0,3035061.9,3035380.4161194926,3035547.5001441715,1.0,0.0,1.9063230018836106,485.60014417162165,167.08402467891574
15775.0,3022708.65,3035377.369846661,3035565.2310694875,0.0,0.0,67.4365877963411,12856.581069487613,187.86122282641008
15811.0,3024170.5,3035381.4220340964,3035587.2908630753,0.0,0.0,54.45662701684632,11416.790863075294,205.86882897885516
15872.0,3035157.45,3035294.008046661,3035621.8110854486,0.0,0.0,0.41658566426332044,464.3610854484141,327.8030387875624
15874.0,3035427.85,3035547.5001441715,3035695.127914615,1.0,1.0,0.8104853430491306,267.2779146148823,147.62777044344693
15830.0,3025725.95,3035587.2908630753,3035733.2908630753,0.0,0.0,67.54343056900758,10007.340863075107,146.0
15819.0,3024185.45,3035390.9720258736,3035794.685407764,0.0,0.0,27.75613226742341,11609.235407763626,403.71338189020753
15781.0,3022721.0,3035565.2310694875,3035924.4892687355,0.0,1.0,35.752088877507006,13203.489268735517,359.25819924799725
15831.0,3026612.5500000007,3035733.2908630753,3035941.197732412,0.0,0.0,43.86935791098196,9328.647732411046,207.90686933649704
15875.0,3035446.0500000007,3035621.8110854486,3035957.560869348,0.0,0.0,0.52348830550741,511.5108693470247,335.7497838991694
15873.0,3035262.75,3035281.7344532725,3036089.2629040494,0.0,0.0,0.023509330543434768,826.512904049363,807.5284507768229
15877.0,3036231.25,3036231.25,3036371.3207198065,1.0,0.0,0.0,140.07071980647743,140.07071980647743
15878.0,3036241.0,3036371.3207198065,3036521.918193009,2.0,0.0,0.8653579441604289,280.91819300921634,150.5974732027389
15782.0,3022721.0,3035924.4892687355,3036562.191216768,0.0,0.0,20.70479682470434,13841.191216768231,637.7019480327144
15885.0,3036514.0,3036521.925639034,3036639.297950332,1.0,0.0,0.06752562803029731,125.297950332053,117.37231129826978
15794.0,3023219.5500000007,3036562.191216768,3036660.0345801674,1.0,0.0,136.3673605775,13440.484580166638,97.84336339915171
15882.0,3036437.95,3036562.191216768,3036693.191216768,0.0,0.0,0.9484062348705724,255.24121676804498,131.0
15795.0,3023358.65,3036660.0345801674,3036771.9721526075,1.0,2.0,118.82859606662853,13413.322152607609,111.9375724401325
15883.0,3036497.75,3036693.191216768,3036797.2386113955,1.0,0.0,1.8783864552151393,299.4886113954708,104.04739462723956
15884.0,3036503.6,3036521.918193009,3036847.2817567433,0.0,2.0,0.056300689600551526,343.6817567432299,325.3635637341067
15807.0,3024093.8000000007,3036771.9721526075,3036866.558930376,1.0,0.0,134.03746751610396,12772.758930375334,94.58677776856348
15815.0,3024174.4,3036866.558930376,3037000.558930376,0.0,0.0,94.71760395803113,12826.158930376172,134.0
15887.0,3036556.25,3036797.2386113955,3037051.7145821527,1.0,0.0,0.946999477704746,495.46458215266466,254.47597075719386
15894.0,3036875.4,3037000.558930376,3037184.5384964934,0.0,3.0,0.6802871265409224,309.138496493455,183.97956611728296
15895.0,3036883.2,3037051.7487184573,3037258.734129537,0.0,1.0,0.8143024070053487,375.5341295367107,206.98541107960045
15886.0,3036515.3000000007,3036639.297950332,3037305.024149822,0.0,0.0,0.18625968217308708,789.7241498213261,665.7261994900182
15876.0,3035524.7,3035695.127914615,3037425.5627846974,2.0,0.0,0.09848848839174851,1900.8627846972086,1730.4348700824194
15888.0,3036583.5500000007,3037000.558930376,3038198.042780368,1.0,0.0,0.34823762372920886,1614.4927803673781,1197.4838499920443
15898.0,3037420.75,3037425.5627846974,3038341.488503786,1.0,0.0,0.0052545578719907825,920.7385037858039,915.9257190884091
15904.0,3037841.95,3038198.042780368,3038427.909007313,0.0,0.0,1.5491304881992383,585.9590073130094,229.8662269450724
15905.0,3037852.35,3038341.488503786,3038695.279115785,0.0,0.0,1.3825649612967743,842.9291157848202,353.7906119991094
15899.0,3037461.0500000007,3038695.279115785,3038901.174866849,0.0,0.0,5.9944370362429655,1440.1248668483458,205.8957510641776
15840.0,3028393.5500000007,3035794.685407764,3038974.538984302,1.0,0.0,2.3275082420054525,10580.98898430122,3179.853576538153
15902.0,3037611.85,3038901.174866849,3039053.8346433705,2.0,1.0,8.445740562632224,1441.9846433703788,152.659776521381
15889.0,3036668.7,3037051.7145821527,3039436.435889365,0.0,0.0,0.16061188407805443,2767.7358893649653,2384.721307212487
15892.0,3036740.85,3038974.538984302,3039814.538984302,0.0,0.0,2.6591535527403245,3073.6889843018726,840.0
15903.0,3037620.95,3039814.538984302,3039919.809877137,1.0,0.0,20.837564166339387,2298.8598771370016,105.27089283522218
15907.0,3038192.3000000007,3039814.538984302,3039971.734136722,1.0,1.0,10.31990464926033,1779.4341367213055,157.19515242008492
15890.0,3036683.65,3038198.042780368,3039984.9887929605,0.0,0.0,0.8474753964005961,3301.338792960625,1786.9460125924088
15909.0,3038530.3000000007,3038974.538984302,3040002.278053254,1.0,0.0,0.4322488048977748,1471.978053253144,1027.7390689519234
15911.0,3038768.2,3039971.734136722,3040066.176129559,0.0,1.0,12.743633425853487,1297.9761295588687,94.44199283700436
15910.0,3038766.9,3039919.809877137,3040241.821716461,0.0,2.0,3.580333814926627,1474.9217164609581,322.0118393236771
15917.0,3039370.75,3039814.538984302,3040246.2171564805,0.0,0.0,1.0280551876465727,875.4671564805321,431.67817217856646
15922.0,3039557.95,3039971.809254618,3040276.8146429,2.0,0.0,1.3568916173859242,718.8646428999491,305.00538828223944
15913.0,3038949.5500000007,3040002.278053254,3040330.073549733,0.0,0.0,3.2115390984943835,1380.5235497322865,327.79549647914246
15915.0,3039240.1,3040066.176129559,3040346.020411339,0.0,0.0,2.9519135581558267,1105.9204113390297,279.84428178006783
15912.0,3038939.8000000007,3040276.8146429,3040465.5327157183,0.0,1.0,7.08471967169733,1525.7327157175168,188.71807281812653
15923.0,3039780.25,3039985.037007145,3040607.4189556735,1.0,0.0,0.329037510855428,827.1689556734636,622.3819485283457
15914.0,3039229.0500000007,3040465.5327157183,3040616.5327157183,0.0,0.0,8.188627256407397,1387.4827157175168,151.0
15920.0,3039490.35,3040465.5438088626,3040625.5438088626,0.0,0.0,6.094961305390461,1135.1938088624738,160.0
15921.0,3039498.15,3040616.5327157183,3040727.1582023576,2.0,0.0,10.109629794123414,1229.0082023576833,110.6254866393283
15850.0,3031018.25,3035794.722486638,3040930.1004639496,1.0,0.0,0.9301111831963923,9911.85046394961,5135.377977311611
15926.0,3040349.0,3040349.0,3040932.77786948,0.0,0.0,0.0,583.7778694801964,583.7778694801964
15928.0,3040376.3000000007,3040607.4189556735,3041272.1849056343,2.0,0.0,0.34766966582200537,895.8849056335166,664.765949960798
15949.0,3040989.9,3040989.9,3041773.627180285,0.0,1.0,0.0,783.7271802849136,783.7271802849136
15829.0,3025340.5,3035048.97753362,3041891.2345302086,1.0,0.0,1.4188998657109824,16550.734530208632,6842.2569965887815
15925.0,3040332.75,3040332.75,3041925.6956701265,0.0,0.0,0.0,1592.9456701264717,1592.9456701264717
15823.0,3024288.15,3034870.621699276,3042508.351625763,0.0,0.0,1.3855519638861464,18220.201625762973,7637.729926486965
15624.0,2928138.85,2937488.5787302563,3042509.3597781,0.0,3.0,0.08902741568829876,114370.50977810007,105020.78104784386
15941.0,3040471.2,3042508.351625763,3042742.194247575,0.0,0.0,8.711635244148681,2270.994247574825,233.84262181213126
15942.0,3040471.85,3042509.3597781,3042743.2296075104,0.0,0.0,8.712153180417959,2271.3796075102873,233.86982941022143
15848.0,3030329.25,3030329.25,3042973.56927545,1.0,1.0,0.0,12644.319275449961,12644.319275449961
15943.0,3040471.85,3042742.194247575,3042976.065097194,0.0,0.0,9.707683754824732,2504.215097194072,233.8708496191539
15952.0,3041424.1,3042743.2296075104,3043009.0369830206,0.0,0.0,4.962727633039484,1584.9369830205105,265.8073755102232
15954.0,3041424.75,3042976.065097194,3043241.935390389,0.0,0.0,5.834856833956202,1817.1853903890587,265.87029319489375
15756.0,3020398.5500000007,3027998.905506275,3043259.6098310114,0.0,0.0,0.4980343858674252,22861.059831010643,15260.70432473626
15893.0,3036755.8000000007,3039436.435889365,3043337.044491654,1.0,1.0,0.6872352913828803,6581.244491653051,3900.6086022886448
15924.0,3040300.25,3043241.935390389,3043437.8492093156,0.0,0.0,15.0152011047874,3137.599209315609,195.91381892655045
15929.0,3040385.4,3043337.044491654,3043574.894186575,0.0,0.0,12.40970476179149,3189.494186575059,237.84969492116943
15939.0,3040469.9,3043574.894186575,3043665.915090723,2.0,0.0,34.112978943017566,3196.0150907230563,91.0209041479975
15932.0,3040386.7,3043437.8492093156,3043673.698017167,0.0,0.0,12.936886292166045,3286.998017166741,235.84880785131827
15940.0,3040470.5500000007,3043673.698017167,3043788.439770754,1.0,0.0,27.916150111271737,3317.889770753216,114.7417535870336
15832.0,3026721.1,3043665.915090723,3043816.8646284644,0.0,1.0,112.25483260334535,17095.764628464356,150.94953774148598
15951.0,3041423.45,3043788.439770754,3043923.7600928065,1.0,1.0,17.476974152004395,2500.3100928063504,135.32032205257565
15953.0,3041424.75,3043816.8646284644,3043931.528479727,1.0,0.0,20.861977006052513,2506.778479726985,114.6638512625359
15955.0,3041425.4,3043923.7600928065,3044035.8246102496,1.0,0.0,22.29394414762783,2610.424610249698,112.06451744306833
15956.0,3041426.0500000007,3043931.528479727,3044050.4665562343,1.0,0.0,21.06540271460048,2624.41655623354,118.93807650730014
15802.0,3023794.15,3044050.4665562343,3044156.833002064,1.0,0.0,190.4389715971162,20362.683002064005,106.36644582962617
15809.0,3024162.7,3044156.833002064,3044750.592435794,0.0,0.0,33.67379424434427,20587.892435793765,593.7594337300397
15851.0,3031032.5500000007,3033042.9366458687,3044843.8664536155,0.0,0.0,0.17035832587939181,13811.316453614738,11800.929807746783
15813.0,3024170.5,3044750.592435794,3044978.4741653255,0.0,0.0,90.31041004515052,20807.97416532552,227.88172953156754
15821.0,3024192.6,3044978.4741653255,3045099.882543738,1.0,0.0,171.20625806158145,20907.282543737907,121.4083784124814
15834.0,3026956.4,3045099.882543738,3045234.882543738,0.0,0.0,134.39616699065255,18278.482543738093,135.0
15351.0,2704897.0,2706414.79616502,3048622.8371560406,0.0,0.0,0.0044353024570221375,343725.8371560406,342208.0409910204
15622.0,2927624.7,2927896.8721400164,3050063.4989635814,1.0,0.0,0.002227876361105524,122438.79896358121,122166.62682356499
15836.0,3027074.7,3045099.912835557,3054223.318089834,0.0,2.0,1.9757110786136394,27148.618089833762,9123.405254276935
15958.0,3052389.6,3054223.318089834,3054354.630445365,0.0,1.0,13.96455103116444,1965.0304453647695,131.31235553091392
15959.0,3052549.5,3054354.6752538295,3054461.6752538295,0.0,0.0,16.870796764761245,1912.1752538294531,107.0
15961.0,3052620.35,3054461.6752538295,3054593.6752538295,0.0,0.0,13.949433741131514,1973.32525382936,132.0
15960.0,3052620.35,3054354.630445365,3054618.4545479827,0.0,0.0,6.57362397201899,1998.1045479825698,263.82410261780024
15962.0,3052621.0,3054593.6752538295,3054747.109067174,0.0,1.0,12.85684824503359,2126.1090671741404,153.43381334468722
15630.0,2964339.3000000007,2972835.8555444223,3054751.8555444223,0.0,0.0,0.10372278363715931,90412.55554442154,81916.0
15963.0,3052621.0,3054618.4545479827,3054882.3054204844,0.0,0.0,7.570392051553891,2261.305420484394,263.8508725017309
15964.0,3052621.0,3054747.109067174,3054884.1413043737,1.0,1.0,15.515393389347176,2263.141304373741,137.0322371996008
15965.0,3052621.0,3054751.8555444223,3055015.659466831,0.0,0.0,8.077421764490804,2394.6594668310136,263.80392240872607
15966.0,3052621.0,3054884.1413043737,3055020.7281297706,1.0,1.0,16.5692503489848,2399.7281297706068,136.5868253968656
15967.0,3052621.0,3055020.7281297706,3055102.276295369,1.0,0.0,29.427125823871922,2481.2762953690253,81.54816559841856
15968.0,3052621.0,3054882.3054204844,3055176.136688784,0.0,0.0,7.695931864463353,2555.1366887842305,293.83126829983667
15969.0,3052622.3000000007,3055015.659466831,3055203.5212179087,0.0,0.0,12.740004035416515,2581.221217907965,187.86175107769668
15970.0,3053029.2,3055102.276295369,3055293.3342319145,0.0,1.0,10.850511278685142,2264.1342319143005,191.05793654546142
15971.0,3053029.2,3055176.2025733944,3055308.2025733944,0.0,0.0,16.26517101056225,2279.0025733942166,132.0
15973.0,3053029.2,3055176.136688784,3055439.9682120797,0.0,0.0,8.137529063877139,2410.768212079536,263.83152329549193
15972.0,3053029.2,3055308.2025733944,3055440.2025733944,0.0,0.0,17.26517101056225,2411.0025733942166,132.0
15618.0,2927061.15,2931146.114512472,3055457.888165274,0.0,0.0,0.03286064056877816,128396.73816527426,124311.77365280222
15976.0,3053029.85,3055203.5212179087,3055467.381052349,0.0,0.0,8.23797688844009,2437.5310523491353,263.85983444051817
15977.0,3053029.85,3055293.3342319145,3055481.2317181514,0.0,0.0,12.046378465440856,2451.3817181512713,187.89748623687774
15614.0,2927037.1,2931146.114512472,3055545.4478437933,0.0,0.0,0.03303084029821954,128508.34784379322,124399.33333132137
15974.0,3053029.2,3055440.2025733944,3055553.495773482,1.0,0.0,21.281088110558716,2524.29577348195,113.29320008773357
15979.0,3053029.85,3055439.9682120797,3055627.867234265,0.0,0.0,12.826667132432283,2598.017234264873,187.89902218524367
15975.0,3053029.2,3055553.495773482,3055685.018178323,2.0,0.0,19.192895511146787,2655.818178322632,131.5224048406817
15982.0,3053029.85,3055467.381052349,3055739.276565814,0.0,0.0,8.964955034705373,2709.426565813832,271.8955134646967
15985.0,3053030.5,3055481.2317181514,3055747.113763814,0.0,0.0,9.217364459660656,2716.6137638138607,265.88204566249624
15986.0,3053030.5,3055545.4478437933,3055811.3408841873,0.0,0.0,9.458494438467396,2780.840884187259,265.89304039394483
15978.0,3053029.85,3055747.113763814,3055846.2992394,2.0,0.0,27.395782978912248,2816.44923939975,99.1854755859822
15891.0,3036715.5,3055685.018178323,3059078.9738484486,1.0,0.0,5.58920623074013,22363.4738484486,3393.9556701257825
15927.0,3040354.85,3059078.9738484486,3059184.9738484486,0.0,0.0,176.64267781555196,18830.123848448507,106.0
15930.0,3040386.0500000007,3059184.9738484486,3059291.9738484486,0.0,0.0,175.69087708829773,18905.923848447856,107.0
15931.0,3040386.0500000007,3059291.9738484486,3059413.9738484486,0.0,0.0,154.96658892170373,19027.923848447856,122.0
15933.0,3040387.35,3059413.9738484486,3059531.9738484486,0.0,0.0,161.24257498685176,19144.623848448507,118.0
15936.0,3040406.2,3059531.9738484486,3059745.8807218857,0.0,0.0,89.41168435184241,19339.680721885525,213.90687343711033
15937.0,3040406.85,3059745.8807218857,3059901.7794496706,0.0,0.0,124.04867567984826,19494.929449670482,155.8987277848646
15938.0,3040407.5,3059901.7794496706,3060115.6983733363,0.0,0.0,91.12928915128973,19708.198373336345,213.9189236657694
15944.0,3040882.0,3060115.6983733363,3060345.611779814,0.0,0.0,83.65627158499593,19463.61177981412,229.91340647777542
15948.0,3040888.5,3060345.611779814,3060591.4561974052,0.0,0.0,79.14400485666113,19702.956197405234,245.8444175911136
15981.0,3053029.85,3060591.4561974052,3060682.176053772,1.0,0.0,83.35117029745793,7652.326053772122,90.71985636698082
15980.0,3053029.85,3060591.4561974052,3060704.0344737456,0.0,1.0,67.16754282631209,7674.184473745525,112.57827634038404
15983.0,3053030.5,3060682.176053772,3060785.7017868417,1.0,1.0,73.91086087392566,7755.2017868417315,103.52573306951672
15984.0,3053030.5,3060785.7017868417,3060928.8330513444,0.0,1.0,54.18244444209631,7898.33305134438,143.13126450264826
15987.0,3053030.5,3060785.7069834275,3060936.0355364336,1.0,1.0,51.588383100549464,7905.53553643357,150.32855300605297
15988.0,3053030.5,3060936.0355364336,3061069.0355364336,0.0,0.0,59.440116815290004,8038.53553643357,133.0
15989.0,3053030.5,3060936.0355364336,3061069.0355364336,0.0,0.0,59.440116815290004,8038.53553643357,133.0
15916.0,3039327.85,3039436.47327821,3061808.406844855,2.0,0.0,0.00485533706267975,22480.556844854727,22371.933566644788
15668.0,2976701.65,3005867.2956347223,3062217.387293094,1.0,0.0,0.5175793823289996,85515.73729309393,56350.0916583715
15639.0,2967461.25,2984297.835302303,3064849.3148941346,1.0,0.0,0.20901646236192062,97388.06489413464,80551.47959183156
15855.0,3032346.2,3045234.882543738,3066071.882543738,0.0,0.0,0.6185478976694252,33725.682543737814,20837.0
15656.0,2970898.45,3009594.2634167494,3066152.4291615514,0.0,0.0,0.6841773050305402,95253.97916155122,56558.16574480198
15580.0,2914999.1,3066152.4291615514,3066441.6490896186,0.0,3.0,522.6241848951802,151442.5490896185,289.21992806717753
15706.0,2982051.8000000007,3066441.6490896186,3066610.7492970373,0.0,1.0,499.0523097389236,84558.94929703651,169.10020741866902
15712.0,2982075.85,3066610.7492970373,3066852.656075226,0.0,0.0,349.45237967259357,84776.80607522605,241.90677818888798
15713.0,2982079.1,3066852.656075226,3067011.3314665896,0.0,1.0,534.2577405783886,84932.2314665895,158.67539136344567
15790.0,3022743.1,3067011.3314665896,3067122.3314665896,0.0,0.0,398.81289609540084,44379.231466589496,111.0
15803.0,3023794.15,3067122.3314665896,3067238.3314665896,0.0,0.0,373.51880574646276,43444.18146658968,116.0
15804.0,3023794.8000000007,3067238.3314665896,3067448.2202231,0.0,0.0,206.98360497671285,43653.42022309918,209.88875651033595
15810.0,3024163.35,3067448.2202231,3067742.0139587014,0.0,0.0,147.33081403006852,43578.663958701305,293.7937356014736
15814.0,3024171.15,3067742.0139587014,3067927.9025680684,0.0,0.0,234.39232832545196,43756.75256806845,185.8886093669571
15817.0,3024177.65,3067927.9025680684,3068035.8341703727,0.0,1.0,405.3516452457129,43858.184170372784,107.93160230433568
15818.0,3024177.65,3068035.8341703727,3068265.737400343,0.0,0.0,190.76802085818153,44088.08740034327,229.90322997048497
15825.0,3024962.85,3068265.737400343,3068535.5520254257,0.0,0.0,160.49125353044346,43572.70202542562,269.81462508253753
15827.0,3025259.25,3068535.5520254257,3068987.2908926597,0.0,0.0,95.7993769506914,43728.04089265969,451.738867233973
15846.0,3030288.95,3068987.2908926597,3069269.1677119904,0.0,0.0,137.28812814243426,38980.21771199023,281.87681933073327
15934.0,3040404.9,3069269.1677119904,3069375.1677119904,0.0,0.0,272.304412377269,28970.267711990513,106.0
15935.0,3040405.5500000007,3069375.1677119904,3069481.1677119904,0.0,0.0,273.29828030178936,29075.617711989675,106.0
15945.0,3040883.3000000007,3069481.1677119904,3069618.1677119904,0.0,0.0,208.74355994153046,28734.867711989675,137.0
15946.0,3040885.25,3069618.1677119904,3069752.1677119904,0.0,0.0,214.42475904470462,28866.91771199042,134.0
15947.0,3040886.5500000007,3069752.1677119904,3069891.3594463766,0.0,1.0,207.38025745057084,29004.809446375817,139.19173438614234
15990.0,3077350.25,3077350.25,3077494.25,0.0,0.0,0.0,144.0,144.0
15991.0,3077573.2,3077573.2,3077597.009604725,1.0,0.0,0.0,23.809604724869132,23.809604724869132
15992.0,3077601.8000000007,3078823.8112202645,3078889.25652116,1.0,0.0,18.67225306549674,1287.456521159038,65.44530089525506
16014.0,3078823.8000000007,3078823.8000000007,3078890.5550475856,1.0,0.0,0.0,66.75504758488387,66.75504758488387
15995.0,3077798.75,3078823.9714518473,3078931.9730534814,1.0,0.0,9.492650445322887,1133.2230534814298,108.00160163408145
15994.0,3077798.1,3078823.8985309447,3079008.13790292,0.0,3.0,5.567748738752152,1210.0379029200412,184.23937197541818
15997.0,3077798.75,3078931.9730534814,3079072.2266922365,1.0,0.0,8.079812142774156,1273.4766922364943,140.25363875506446
15993.0,3077737.0,3078823.8341961023,3079095.4739069045,0.0,2.0,4.00101366951485,1358.473906904459,271.6397108021192
15999.0,3077798.75,3078932.0294902246,3079157.641256623,0.0,1.0,5.023140008678618,1358.89125662297,225.6117663984187
15996.0,3077798.75,3078889.25652116,3079165.6214930112,0.0,1.0,3.945892686233365,1366.8714930112474,276.36497185146436
16015.0,3079043.5,3079072.2266922365,3079167.2266922365,0.0,0.0,0.3023862340683608,123.72669223649427,95.0
16000.0,3077799.4,3079072.2266922365,3079198.0388694364,1.0,0.0,10.116879944097327,1398.6388694364578,125.81217719987035
15746.0,2985388.25,3034113.775049483,3079236.775049483,0.0,0.0,1.0798378886484263,93848.52504948294,45123.0
15998.0,3077798.75,3078931.9730534814,3079249.8156275745,0.0,0.0,3.565359539121281,1451.065627574455,317.8425740930252
16001.0,3077799.4,3079198.0388694364,3079324.052947872,1.0,0.0,11.09906834856139,1524.6529478719458,126.01407843548805
16004.0,3077800.0500000007,3079008.13790292,3079325.9912228496,0.0,0.0,3.800771699309433,1525.9412228488363,317.853319929447
16007.0,3077800.7,3079095.4739069045,3079327.300870586,0.0,0.0,5.585087628900026,1526.6008705860004,231.82696368172765
16017.0,3079115.65,3079157.641256623,3079365.5295414976,0.0,0.0,0.2019895284065181,249.87954149767756,207.88828487461433
16002.0,3077799.4,3079249.8156275745,3079392.5573452907,1.0,0.0,10.161119333439286,1593.1573452907614,142.74171771621332
16010.0,3077800.7,3079157.641256623,3079437.449276652,0.0,0.0,4.849543828232996,1636.7492766520008,279.808020029217
16005.0,3077800.0500000007,3079327.300870586,3079454.6822685716,2.0,0.0,11.989591060702901,1654.6322685708292,127.3813979853876
16003.0,3077800.0500000007,3079324.052947872,3079478.418933923,1.0,0.0,9.87266033702028,1678.3689339221455,154.3659860510379
16011.0,3077801.35,3079165.6214930112,3079489.447008917,0.0,0.0,4.212983307367789,1688.097008917015,323.8255159058608
16016.0,3079111.75,3079157.641256623,3079491.091742379,1.0,1.0,0.1376254004216067,379.3417423791252,333.4504857561551
16006.0,3077800.0500000007,3079392.5573452907,3079514.365260062,2.0,0.0,13.073923384059453,1714.3152600610629,121.80791477113962
16008.0,3077800.7,3079454.6822685716,3079618.4835510324,0.0,1.0,10.097492789576886,1817.7835510321893,163.8012824608013
16009.0,3077800.7,3079478.418933923,3079649.0299114347,1.0,2.0,9.833593115695892,1848.3299114345573,170.61097751185298
16012.0,3077801.35,3079514.365260062,3079671.3102763076,3.0,0.0,10.91474773164262,1869.9602763075382,156.94501624582335
16013.0,3077801.35,3079514.365260062,3079676.365260062,0.0,0.0,10.574168271985894,1875.0152600617148,162.0
15536.0,2890077.45,2909702.2221512697,3080085.2221512697,0.0,0.0,0.115180341649516,190007.77215126948,170383.0
15547.0,2909801.0500000007,3080085.2221512697,3080453.1842084057,1.0,0.0,462.77644351882645,170652.13420840492,367.9620571359992
16022.0,3080446.2,3080453.1842084057,3080578.816779588,1.0,0.0,0.05559233835430962,132.61677958769724,125.63257118221372
15551.0,2910499.8000000007,3080453.1842084057,3080595.1842084057,0.0,0.0,1196.8548183690489,170095.38420840492,142.0
16021.0,3080308.4,3080453.1842084057,3080598.0248556784,1.0,0.0,0.9996103382022559,289.62485567852855,144.84064727276564
16023.0,3080455.3000000007,3080578.816779588,3080738.816779588,0.0,0.0,0.7719798724196153,283.51677958713844,160.0
16020.0,3080297.35,3080453.1842084057,3080764.6726671844,0.0,2.0,0.5002888678976256,467.3226671842858,311.4884587787092
16024.0,3080610.65,3080610.65,3080816.774449421,1.0,0.0,0.0,206.124449421186,206.124449421186
16025.0,3080718.5500000007,3080738.816779588,3080886.816779588,0.0,0.0,0.1369376999130976,168.26677958713844,148.0
16026.0,3080728.3000000007,3080738.8582552844,3080907.8582552844,0.0,0.0,0.06247488333507491,179.55825528362766,169.0
15552.0,2910564.15,3080595.1842084057,3080997.723143015,0.0,1.0,422.3964928346603,170433.57314301515,402.53893460938707
15553.0,2910629.15,3080997.723143015,3081208.9688414168,1.0,0.0,806.4948750769001,170579.81884141685,211.24569840170443
16027.0,3081113.1,3081208.9688414168,3081301.9688414168,0.0,0.0,1.0308477571684747,188.86884141666815,93.0
15204.0,2686537.1,2686699.6901552803,3081404.965826564,0.0,1.0,0.0004119280012249003,394867.8658265639,394705.2756712837
16028.0,3081404.95,3081404.95,3081507.95,0.0,0.0,0.0,103.0,103.0
16029.0,3081419.25,3081419.25,3081531.25,0.0,0.0,0.0,112.0,112.0
16030.0,3081599.3000000007,3081599.3000000007,3081720.265102566,1.0,0.0,0.0,120.96510256547481,120.96510256547481
16031.0,3081607.1,3081720.265102566,3081827.180308732,2.0,0.0,1.0584565715604533,220.080308732111,106.91520616598427
16033.0,3081789.75,3081827.180308732,3081935.924225514,2.0,0.0,0.3442060010342659,146.17422551382333,108.74391678161919
16034.0,3081800.15,3081827.180308732,3082080.9918215256,0.0,0.0,0.10649756756423474,280.84182152571157,253.8115127934143
16036.0,3082071.2,3082071.2,3082172.506861032,2.0,1.0,0.0,101.30686103180051,101.30686103180051
16037.0,3082082.25,3082082.25,3082316.1536118095,0.0,0.0,0.0,233.90361180948094,233.90361180948094
16039.0,3082257.1,3082316.189842551,3082416.095767805,2.0,1.0,0.5914548351438462,158.995767804794,99.90592525387183
16040.0,3082266.85,3082316.1536118095,3082539.994589493,0.0,0.0,0.22026177833740823,273.14458949305117,223.84097768366337
16043.0,3082425.45,3082425.45,3082561.45,0.0,0.0,0.0,136.0,136.0
16044.0,3082434.5500000007,3082539.994589493,3082789.840198702,0.0,0.0,0.42203899370582293,355.29019870143384,249.8456092090346
16046.0,3082725.1,3082789.8560377667,3082880.5115773682,2.0,0.0,0.7143086682973545,155.41157736815512,90.65553960157558
16045.0,3082716.0,3082789.840198702,3082885.9047195846,2.0,0.0,0.768652131129032,169.9047195846215,96.0645208824426
16049.0,3082828.45,3082880.54850123,3082992.54850123,0.0,0.0,0.4651651895505243,164.09850122965872,112.0
16050.0,3082914.25,3082914.25,3083009.561965418,2.0,0.0,0.0,95.3119654180482,95.3119654180482
16048.0,3082813.5,3082880.5115773682,3083079.807548294,0.0,1.0,0.3362415058218417,266.30754829384387,199.2959709255956
16052.0,3082985.1,3082992.587248988,3083120.3836893514,2.0,0.0,0.058587304674530764,135.28368935128674,127.79644036339596
16053.0,3083050.75,3083050.75,3083182.632677057,1.0,0.0,0.0,131.88267705682665,131.88267705682665
16055.0,3083065.7,3083079.8885346856,3083226.734357546,0.0,1.0,0.09662198358131441,161.03435754589736,146.8458228604868
16051.0,3082930.5,3082992.54850123,3083258.8433679556,0.0,2.0,0.2330067492203478,328.3433679556474,266.2948667258024
16054.0,3083054.65,3083079.807548294,3083313.6437421325,0.0,0.0,0.10758620332017121,258.9937421325594,233.83619383862242
16047.0,3082795.95,3082880.5115773682,3083399.5821766,0.0,3.0,0.1629095878156033,603.632176599931,519.070599231869
15640.0,2967467.1,2992831.6641724855,3083503.0247038864,3.0,0.0,0.27974174010217084,116035.92470388627,90671.36053140089
16038.0,3082233.0500000007,3082233.0500000007,3083522.4351470983,2.0,1.0,0.0,1289.3851470975205,1289.3851470975205
16059.0,3083246.4,3083399.5821766,3083565.5821766,0.0,0.0,0.9227841963868094,319.18217660021037,166.0
16058.0,3083238.6,3083238.6,3083614.449392,0.0,0.0,0.0,375.84939200012013,375.84939200012013
16018.0,3079556.35,3079589.399382702,3083697.1322974022,3.0,0.0,0.008045650335178648,4140.782297402155,4107.732914700173
16041.0,3082303.9,3083697.1322974022,3083905.00215669,0.0,0.0,6.702425749334684,1601.1021566903219,207.86985928798094
15206.0,2686541.0,2687798.806327243,3084051.999201763,0.0,3.0,0.0031742490656502405,397510.99920176296,396253.1928745201
16042.0,3082381.25,3083905.00215669,3084156.860947685,0.0,0.0,6.050025693654533,1775.6109476848505,251.8587909946218
15200.0,2686419.45,2686510.025467251,3084773.9374967488,0.0,1.0,0.0002274257458809549,398354.48749674857,398263.9120294978
15555.0,2910859.9,3081208.9688414168,3085186.12891073,12.0,14.0,42.831836253155046,174326.22891073022,3977.160069313366
15561.0,2911978.5500000007,3085186.12891073,3085851.7302565943,0.0,0.0,260.2272065508832,173873.1802565935,665.6013458641246
16060.0,3085729.4,3085851.762088077,3086184.762088077,0.0,0.0,0.36745371794965753,455.36208807723597,333.0
15542.0,2908912.5,2937404.552856717,3086294.552856717,0.0,0.0,0.19136310602939616,177382.0528567168,148890.0
16061.0,3086154.5,3086294.552856717,3086344.628893068,2.0,1.0,2.796803958970862,190.12889306806028,50.07603635126725
15562.0,2912182.65,3085851.7302565943,3086353.371413828,0.0,0.0,346.2018172797453,174170.72141382797,501.6411572336219
15565.0,2912670.15,3086353.371413828,3087552.864966225,0.0,0.0,144.79712797684363,174882.71496622497,1199.4935523970053
16065.0,3086779.15,3087552.864966225,3087691.864966225,0.0,0.0,5.566294721042965,912.7149662249722,139.0
16069.0,3087470.75,3087552.864966225,3087702.864966225,0.0,0.0,0.5474331081658602,232.11496622487903,150.0
16066.0,3087096.35,3087552.864966225,3087706.691891901,1.0,1.0,2.967718195092768,610.3418919011019,153.82692567631602
16070.0,3087479.85,3087552.864966225,3087711.864966225,0.0,0.0,0.4592136240552572,232.0149662247859,159.0
16067.0,3087106.75,3087552.864966225,3087715.864966225,0.0,0.0,2.7369016332814664,609.114966224879,163.0
16064.0,3086770.7,3087552.864966225,3087725.922572932,0.0,1.0,4.519679782394545,955.2225729320198,173.05760670732707
16068.0,3087308.25,3087552.864966225,3087808.125075386,1.0,0.0,0.9582968801073715,499.8750753859058,255.26010916102678
15641.0,2967473.6,2987969.2257071957,3087858.2257071957,0.0,0.0,0.2051840113245263,120384.6257071956,99889.0
16063.0,3086437.9,3087552.864966225,3087889.864966225,0.0,0.0,3.308501383456891,1451.9649662249722,337.0
16071.0,3087749.6,3087749.6,3088422.6,0.0,0.0,0.0,673.0,673.0
16019.0,3079648.65,3079649.0299114347,3088812.487743133,0.0,1.0,4.145939685808192e-05,9163.837743133307,9163.45783169847
16073.0,3087959.5500000007,3089678.851688738,3089777.851688738,0.0,0.0,17.366683724618547,1818.301688737236,99.0
15607.0,2926056.9,3086294.6128339237,3089812.6128339237,0.0,0.0,45.54795703067759,163755.71283392375,3518.0
15421.0,2744530.1,2744726.0124266203,3090194.338318607,0.0,0.0,0.0005670922974325287,345664.23831860675,345468.3258919865
16078.0,3089888.1,3090194.338318607,3090294.678561834,2.0,0.0,3.0519989662869635,406.57856183405966,100.3402432273142
16079.0,3090031.75,3090194.338318607,3090321.3679351346,3.0,0.0,1.279924501475234,289.6179351345636,127.02961652772501
16056.0,3083180.75,3083180.75,3090330.6856320514,2.0,1.0,0.0,7149.935632051434,7149.935632051434
16082.0,3090226.1,3090294.678561834,3090375.1319538048,0.0,1.0,0.8524011251025868,149.0319538046606,80.45339197060093
16081.0,3090189.0500000007,3090194.425142605,3090438.1987451767,0.0,2.0,0.02204973199478957,249.1487451759167,243.77360257180408
16083.0,3090239.1,3090321.3679351346,3090472.2730907723,1.0,0.0,0.5451631840329331,233.17309077223763,150.90515563776717
16080.0,3090044.1,3090194.338318607,3090534.134561571,0.0,0.0,0.44214237713825383,490.0345615707338,339.79624296398833
16085.0,3090322.3000000007,3090330.6856320514,3090606.52405186,0.0,3.0,0.030400522365629047,284.2240518592298,275.8384198085405
16084.0,3090278.1,3090294.678561834,3090638.5350363115,0.0,0.0,0.04821360964413819,360.43503631139174,343.8564744773321
16075.0,3089219.25,3090534.237470002,3090669.237470002,0.0,0.0,9.7406479259401,1449.9874700019136,135.0
16086.0,3090361.3000000007,3090375.1319538048,3090728.8922340716,0.0,0.0,0.039099793209045705,367.5922340708785,353.7602802668698
16088.0,3090441.9,3090472.2730907723,3090752.6133082663,0.0,1.0,0.10834367984707881,310.71330826636404,280.34021749394014
16087.0,3090402.9,3090438.1987451767,3090780.043297981,0.0,0.0,0.10325963917572774,377.14329798100516,341.84455280425027
16090.0,3090521.85,3090638.5350363115,3090803.2589497403,1.0,0.0,0.7083673152398705,281.40894974023104,164.7239134288393
16091.0,3090557.6,3090780.043297981,3090865.043297981,0.0,0.0,2.616979976244928,307.4432979808189,85.0
16089.0,3090483.5,3090534.134561571,3090867.8938241615,0.0,0.0,0.15170983174458424,384.393824161496,333.7592625906691
16092.0,3090600.5,3090803.2589497403,3090929.9592239326,1.0,0.0,1.6003039538229082,329.4592239325866,126.70027419226244
16093.0,3090644.0500000007,3090865.043297981,3091031.043297981,0.0,0.0,1.3312849275913674,386.993297980167,166.0
16077.0,3089678.8000000007,3089678.8000000007,3091056.5281157545,1.0,0.0,0.0,1377.7281157537363,1377.7281157537363
16094.0,3091038.6,3091038.6,3091309.1981649096,1.0,0.0,0.0,270.59816490951926,270.59816490951926
16062.0,3086206.5,3086294.552856717,3094728.552856717,0.0,0.0,0.010440224889351793,8522.052856716793,8434.0
16095.0,3091801.7,3094728.552856717,3094782.6272734865,1.0,0.0,54.12638788474818,2980.927273486275,54.07441676966846
16125.0,3093665.9,3094729.609118759,3094839.609118759,0.0,0.0,9.67008289781145,1173.7091187592596,110.0
16122.0,3093619.1,3094729.229234414,3094844.229234414,0.0,0.0,9.653297690557235,1225.129234414082,115.0
16124.0,3093664.6,3094729.408288165,3094850.408288165,0.0,0.0,8.8000684972306,1185.8082881649025,121.0
16126.0,3093666.5500000007,3094782.6272734865,3094903.6272734865,0.0,0.0,9.223779119716665,1237.0772734857164,121.0
16098.0,3092539.45,3094782.7464123145,3094949.7464123145,0.0,0.0,13.432912648588553,2410.2964123142883,167.0
16097.0,3092501.1,3094728.6275310554,3094964.56246904,0.0,1.0,9.44127881221171,2463.4624690399505,235.93493798468262
16099.0,3092568.0500000007,3094949.7464123145,3095097.7464123145,0.0,0.0,16.09254332644412,2529.6964123137295,148.0
16137.0,3094807.3000000007,3094839.609118759,3095188.609118759,0.0,0.0,0.0925762715141014,381.3091187584214,349.0
16101.0,3092640.2,3094964.56246904,3095246.43596142,0.0,0.0,8.246119382893905,2606.235961419996,281.8734923801385
16100.0,3092611.6,3095097.7464123145,3095304.9473484647,0.0,1.0,11.998721909785756,2693.347348464653,207.20093615027145
16138.0,3095092.65,3095097.7552312054,3095435.7552312054,0.0,0.0,0.015104234335701582,343.10523120546713,338.0
16103.0,3092707.15,3095246.43596142,3095520.2692146823,0.0,0.0,9.27311030041265,2813.119214682374,273.8332532620989
16106.0,3092811.15,3095304.9473484647,3095614.8207078143,0.0,0.0,8.047795246740401,2803.6707078143954,309.87335934955627
16107.0,3092840.4,3095520.2692146823,3095850.0801071217,0.0,0.0,8.125472129985498,3009.6801071218215,329.81089243944734
16108.0,3092874.2,3095614.8207078143,3095914.68797444,0.0,0.0,9.13944605776407,3040.4879744397476,299.8672666256316
16109.0,3092883.3000000007,3095850.0801071217,3096189.911999299,0.0,0.0,8.730140329418258,3306.611999298446,339.8318921774626
16113.0,3093179.7,3095914.68797444,3096212.565427134,0.0,0.0,9.181587762704615,3032.8654271336272,297.8774526938796
16148.0,3095981.85,3096189.9296027175,3096476.278383447,1.0,0.0,0.7266648811544947,494.4283834467642,286.34878072934225
16114.0,3093189.45,3096189.911999299,3096503.7162956093,0.0,0.0,9.56157080887875,3314.2662956090644,313.8042963100597
16115.0,3093226.5,3096212.565427134,3096526.421791818,0.0,0.0,9.514114617807948,3299.921791817993,313.8563646841794
15749.0,2986372.35,3010491.070584692,3096696.3032341343,0.0,0.0,0.27978255894015047,110323.95323413424,86205.23264944227
15477.0,2755794.6,2756447.7909786864,3096748.1955529964,0.0,1.0,0.0019194540174097582,340953.59555299627,340300.40457430994
16057.0,3083193.1,3083193.1,3096812.8460917184,0.0,3.0,0.0,13619.74609171832,13619.74609171832
16116.0,3093305.15,3096503.7162956093,3096815.5079021365,0.0,0.0,10.258667098947098,3510.3579021366313,311.7916065272875
16118.0,3093336.35,3096526.421791818,3096830.2684695665,0.0,0.0,10.498952351417609,3493.918469566386,303.8466777484864
16102.0,3092674.0,3096696.3032341343,3096831.5307592964,1.0,0.0,29.744707886314984,4157.53075929638,135.2275251620449
16104.0,3092741.6,3096748.1955529964,3096937.9216021695,0.0,2.0,21.117793631698717,4196.321602169424,189.72604917315766
16105.0,3092774.75,3096831.5307592964,3096975.0469587226,2.0,1.0,28.267058182381685,4200.29695872264,143.51619942625985
16119.0,3093476.75,3096815.5079021365,3097009.4230617075,0.0,0.0,17.21762192044791,3532.6730617075227,193.91515957098454
16121.0,3093611.3000000007,3096975.0469587226,3097101.0469587226,0.0,0.0,26.696404434300753,3489.7469587218948,126.0
16120.0,3093500.8000000007,3096937.9216021695,3097113.828170734,0.0,0.0,19.539472745208904,3613.028170733247,175.90656856447458
16127.0,3093752.35,3096830.2684695665,3097144.037656952,0.0,0.0,9.809498807743154,3391.687656952068,313.769187385682
16123.0,3093641.85,3097101.0469587226,3097281.0469587226,0.0,0.0,19.217760881791925,3639.1969587225467,180.0
16130.0,3093925.25,3096975.0469587226,3097292.8724460644,0.0,0.0,9.595822488092159,3367.6224460643716,317.8254873417318
16131.0,3093969.45,3097009.4230617075,3097347.174212402,0.0,0.0,9.000629769742655,3377.724212402012,337.75115069467574
16133.0,3094002.6,3097113.828170734,3097363.6867775843,0.0,0.0,12.451955167581723,3361.0867775841616,249.85860685026273
16128.0,3093825.15,3097281.0469587226,3097417.1512333145,1.0,0.0,25.391538723417057,3592.0012333146296,136.10427459189668
16135.0,3094007.15,3097144.037656952,3097477.8963819714,0.0,0.0,9.395853460984863,3470.7463819715194,333.85872501926497
16140.0,3095563.25,3097347.174212402,3097529.102430484,0.0,0.0,9.8056487949666,1965.852430483792,181.9282180815935
16129.0,3093894.0500000007,3097417.1512333145,3097556.5396364518,1.0,1.0,25.275425745753303,3662.489636451006,139.38840313721448
16167.0,3097467.75,3097477.923407972,3097589.3265839294,1.0,0.0,0.09132062784044882,121.57658392935991,111.40317595750093
16139.0,3095532.7,3097292.8724460644,3097604.7047352167,0.0,0.0,5.6446125282569355,2072.0047352164984,311.832289152313
16134.0,3094003.25,3097363.6867775843,3097613.5547070974,0.0,0.0,13.448851896009598,3610.3047070973553,249.86792951310053
16145.0,3095878.5,3097613.5938153034,3097995.5938153034,0.0,0.0,4.542130406553423,2117.0938153034076,382.0
16111.0,3092905.4,3094728.8020394766,3098079.774311428,1.0,0.0,0.5441411899283916,5174.374311428051,3350.972271951381
16142.0,3095627.6,3097477.8963819714,3098215.528580148,0.0,0.0,2.508426810198679,2587.92858014768,737.6321981763467
16144.0,3095708.2,3097556.5396364518,3098235.900666282,0.0,1.0,2.7207030655162545,2527.7006662818603,679.3610298302956
16143.0,3095664.65,3097529.102430484,3098278.6918521645,0.0,0.0,2.4872982149395537,2614.041852164548,749.5894216806628
16146.0,3095907.75,3097995.5938153034,3098283.439540535,2.0,0.0,7.253343135883133,2375.6895405352116,287.84572523180395
16151.0,3096100.15,3097604.7047352167,3098328.318047522,0.0,0.0,2.0792247870942253,2228.1680475221947,723.6133123054169
16152.0,3096165.15,3097613.5547070974,3098337.121845003,0.0,0.0,2.001755789088765,2171.9718450033106,723.5671379058622
16132.0,3093981.15,3098283.439540535,3098388.439540535,0.0,0.0,40.97418610033623,4407.289540535305,105.0
16150.0,3096084.5500000007,3098388.439540535,3098528.238990219,1.0,0.0,16.479961442968392,2443.688990218099,139.7994496836327
16147.0,3095958.45,3098278.6918521645,3098644.6918521645,0.0,0.0,6.339458612470679,2686.2418521642685,366.0
16149.0,3095998.1,3098337.121845003,3098659.482587253,1.0,0.0,7.255914069056231,2661.382587253116,322.36074224999174
16155.0,3096336.1,3098659.482587253,3098758.4417408984,1.0,1.0,23.47819783890871,2422.3417408983223,98.95915364520624
16154.0,3096247.7,3098644.6918521645,3098759.041685701,0.0,1.0,20.961918159685634,2511.341685700696,114.34983353642747
16153.0,3096220.4,3098528.238990219,3098820.7551598777,2.0,1.0,7.8896116850920865,2600.3551598777995,292.51616965886205
16158.0,3096392.0,3098820.7551598777,3098900.394467049,1.0,0.0,30.496939842275204,2508.3944670488127,79.63930717110634
16157.0,3096386.15,3098759.041685701,3099059.931135504,1.0,0.0,7.886257518345416,2673.781135504134,300.88944980315864
16156.0,3096356.25,3098758.4417408984,3099084.202716053,2.0,1.0,7.374093044013361,2727.952716052998,325.7609751545824
16162.0,3096645.5,3099084.202716053,3099162.847760977,1.0,0.0,31.008981155808137,2517.3477609772235,78.64504492422566
16159.0,3096397.85,3098900.394467049,3099240.9624387585,1.0,0.0,7.348149781924458,2843.1124387583695,340.56797170965
16160.0,3096457.0,3099059.931135504,3099299.305169466,2.0,0.0,10.873907634936794,2842.3051694659516,239.37403396191075
15497.0,2757457.95,2758048.8177698967,3102746.0595511147,0.0,1.0,0.0017141644848772733,345288.1095511145,344697.241781218
15643.0,2967495.0500000007,2972835.8555444223,3103751.488998326,0.0,0.0,0.04079578124870836,136256.43899832526,130915.63345390372
16176.0,3103280.7,3103751.488998326,3104021.3459059773,0.0,0.0,1.7445875387194798,740.645905977115,269.856907651294
16178.0,3103584.25,3104021.3459059773,3104273.188208636,0.0,0.0,1.7355936685896707,688.9382086358964,251.84230265859514
16182.0,3104170.5500000007,3104273.188208636,3104565.0671480284,0.0,0.0,0.3516465040224308,394.5171480276622,291.8789393925108
16110.0,3092899.5500000007,3094728.6929166806,3104924.795021472,0.0,1.0,0.17939629261071066,12025.245021471288,10196.10210479144
16164.0,3096722.2,3099162.847760977,3105026.2838296825,1.0,0.0,0.41624872043944044,8304.08382968232,5863.436068705283
16141.0,3095578.85,3105026.2838296825,3105244.720531667,2.0,0.0,43.25021273370084,9665.870531667024,218.4367019846104
15525.0,2881637.85,2882105.118577567,3111281.491194726,0.0,1.0,0.0020389038024762347,229643.64119472587,229176.37261715904
15950.0,3041071.8000000007,3041272.1849056343,3112997.7214673697,0.0,1.0,0.002793773532262694,71925.92146736896,71725.53656173544
15957.0,3041829.7,3041829.7,3113694.142026184,0.0,0.0,0.0,71864.44202618394,71864.44202618394
16187.0,3105737.7,3113694.142026184,3113985.928327535,0.0,0.0,27.268045104767957,8248.228327534627,291.7863013506867
15908.0,3038319.0500000007,3040727.1582023576,3114129.8737508245,2.0,0.0,0.0328067999169159,75810.82375082374,73402.71554846689
16188.0,3105887.2,3113985.928327535,3114279.80984689,0.0,0.0,27.55780065823767,8392.609846889973,293.8815193553455
16192.0,3108214.2,3114279.80984689,3115479.170386364,0.0,0.0,5.05736986273523,7264.970386364032,1199.360539474059
16193.0,3109184.0,3115479.170386364,3116678.3865944287,0.0,0.0,5.249404022419472,7494.386594428681,1199.216208064463
15130.0,2650527.1,2651730.9771244978,3122935.0439872285,131.0,236.0,0.0025548954458586527,472407.94398722844,471204.0668627308
16032.0,3081692.9,3081720.278695666,3128856.5611826307,0.0,1.0,0.000580841216612615,47163.66118263081,47136.28248696448
16072.0,3087943.95,3087943.95,3129047.380322778,0.0,2.0,0.0,41103.430322777946,41103.430322777946
16197.0,3130673.65,3130673.65,3131023.65,0.0,0.0,0.0,350.0,350.0
16198.0,3130943.4,3131023.65,3131163.65,0.0,0.0,0.5732142857142857,220.25,140.0
16199.0,3131103.3000000007,3131163.65,3131272.65,0.0,0.0,0.5536697247629524,169.3499999991618,109.0
15646.0,2967816.8000000007,2999950.836660435,3131298.355065084,0.0,0.0,0.24464898195820664,163481.55506508332,131347.5184046491
16201.0,3131270.35,3131272.65,3131357.197252385,1.0,0.0,0.027203722592211252,86.84725238475949,84.54725238494575
16175.0,3102672.95,3131382.1614170535,3131475.1818681597,1.0,0.0,308.6333282161551,28802.23186815949,93.02045110613108
16203.0,3131382.15,3131382.15,3131491.15,0.0,0.0,0.0,109.0,109.0
16177.0,3103493.9,3131475.1818681597,3131621.812503495,1.0,1.0,190.82834773382288,28127.91250349488,146.63063533511013
16179.0,3103689.5500000007,3131621.812503495,3131734.770802811,1.0,0.0,247.2794179146917,28045.220802810043,112.9582993160002
16180.0,3103745.45,3131734.770802811,3131912.490131124,1.0,2.0,157.49170936261078,28167.040131123737,177.7193283131346
16181.0,3103996.35,3131912.490131124,3132046.4645720283,1.0,0.0,208.36914819489812,28050.114572028164,133.9744409043342
16183.0,3104452.65,3132046.4645720283,3132159.2846102132,1.0,0.0,244.58256721011924,27706.63461021334,112.82003818498924
16184.0,3105243.7,3132159.2846102132,3132295.0574124707,2.0,1.0,198.2398842971308,27051.357412470505,135.7728022574447
16074.0,3088071.35,3089678.935890501,3132889.0133549566,0.0,2.0,0.0372039576143596,44817.663354956545,43210.07746445574
16204.0,3132508.6,3132889.0133549566,3133451.0133549566,0.0,0.0,0.6768920906700088,942.4133549565449,562.0
16206.0,3133266.5,3133451.0133549566,3133602.0133549566,0.0,0.0,1.2219427480572058,335.51335495663807,151.0
15906.0,3038020.7,3038198.083794692,3135462.517779866,0.0,1.0,0.001823727208641531,97441.81777986558,97264.4339851737
16210.0,3135029.95,3135462.517779866,3135540.517779866,0.0,0.0,5.545740767507455,510.56777986558154,78.0
16209.0,3134820.0,3135462.517779866,3135592.517779866,0.0,0.0,4.942444460505906,772.5177798657678,130.0
16214.0,3135490.8000000007,3135540.517779866,3135646.517779866,0.0,0.0,0.4690356591039882,155.71777986502275,106.0
16216.0,3135693.6,3135693.6,3135833.6,0.0,0.0,0.0,140.0,140.0
16217.0,3135803.45,3135833.6,3135911.6,0.0,0.0,0.3865384615372675,108.14999999990687,78.0
15629.0,2964288.6,2965285.3900615205,3136085.720552868,3.0,0.0,0.005835996093525752,171797.12055286812,170800.3304913477
16218.0,3136092.7,3136116.970552868,3136194.970552868,0.0,0.0,0.3111609342054297,102.27055286802351,78.0
16186.0,3105363.3000000007,3136085.720552868,3136253.7729306947,1.0,2.0,182.8145543086545,30890.472930694,168.0523778265342
16211.0,3135232.75,3136253.7729306947,3136368.7729306947,0.0,0.0,8.878460266910817,1136.022930694744,115.0
16205.0,3132884.3000000007,3135462.543114589,3139080.543114589,0.0,0.0,0.712615565115621,6196.2431145883165,3618.0
16223.0,3136866.85,3139080.543114589,3139159.543114589,0.0,0.0,28.021431830240108,2292.6931145889685,79.0
16224.0,3136943.5500000007,3139080.543114589,3139160.543114589,0.0,0.0,26.712413932353957,2216.9931145883165,80.0
16225.0,3136964.35,3139080.543114589,3139163.543114589,0.0,0.0,25.496302585409257,2199.1931145889685,83.0
16221.0,3136702.4,3139080.543114589,3139169.543114589,0.0,0.0,26.72070915268713,2467.1431145891547,89.0
16220.0,3136383.9,3139080.543114589,3139183.543114589,0.0,0.0,26.181001112516064,2799.6431145891547,103.0
15469.0,2753635.3000000003,2753642.9643954043,3141078.65926068,0.0,1.0,1.9782367772575602e-05,387443.3592606797,387435.69486527564
16227.0,3137037.15,3139418.8358091884,3141098.8358091884,0.0,0.0,1.4176701245169776,4061.6858091885224,1680.0
16244.0,3141037.25,3141078.65926068,3141156.65926068,0.0,0.0,0.5308879574354833,119.4092606799677,78.0
16245.0,3141154.25,3141156.65926068,3141245.65926068,0.0,0.0,0.027070344718738218,91.4092606799677,89.0
16228.0,3137327.0500000007,3141098.8358091884,3141337.8358091884,0.0,0.0,15.781530582375249,4010.785809187684,239.0
16233.0,3139717.1,3141337.8358091884,3141383.4507650374,1.0,0.0,35.530798594938496,1666.3507650373504,45.61495584901422
16234.0,3139855.5500000007,3141383.4507650374,3141861.1835483485,0.0,0.0,3.198233025682683,2005.633548347745,477.73278331104666
16226.0,3137031.95,3139080.543114589,3142126.0527633573,0.0,1.0,0.6726601951228219,5094.102763357107,3045.5096487682313
16235.0,3140439.9,3141861.1835483485,3142336.9572976646,0.0,0.0,2.9873097252456047,1897.0572976646945,475.7737493161112
16236.0,3140697.3000000007,3142126.0527633573,3142595.82554829,0.0,0.0,3.0413698051107625,1898.5255482890643,469.7727849325165
16282.0,3142594.65,3142595.9515079306,3142705.9515079306,0.0,0.0,0.01183189027942717,111.30150793073699,110.0
16285.0,3142854.65,3142854.65,3142913.65,0.0,0.0,0.0,59.0,59.0
16284.0,3142812.4,3142812.4,3142925.4,0.0,0.0,0.0,113.0,113.0
16287.0,3142919.0,3142919.0,3142999.697807184,1.0,0.0,0.0,80.69780718395486,80.69780718395486
16286.0,3142893.0,3142919.052644277,3143017.052644277,0.0,0.0,0.26584330894889274,124.05264427699149,98.0
16229.0,3138735.6,3139080.543114589,3143533.1907497426,2.0,1.0,0.0774692144659404,4797.590749742463,4452.647635153495
16293.0,3143526.75,3143533.2201111754,3143581.2201111754,0.0,0.0,0.1347939828216719,54.47011117544025,48.0
16289.0,3143206.3000000007,3143533.1907497426,3143611.1907497426,0.0,0.0,4.1909070479719395,404.8907497418113,78.0
16291.0,3143290.8000000007,3143533.1907497426,3143634.1907497426,0.0,0.0,2.3999084132852606,343.3907497418113,101.0
16288.0,3143047.7,3143047.7,3143647.7,0.0,0.0,0.0,600.0,600.0
16292.0,3143475.4,3143533.1907497426,3143649.1907497426,0.0,0.0,0.49819611847111633,173.7907497426495,116.0
16231.0,3139553.95,3141337.8358091884,3145137.8358091884,0.0,0.0,0.46944363399690603,5583.885809188243,3800.0
16262.0,3141763.95,3142595.82554829,3145234.305220915,1.0,0.0,0.3152859417188293,3470.3552209148183,2638.4796726251952
16219.0,3136318.25,3136368.7729306947,3146154.7729306947,0.0,0.0,0.005162776486280808,9836.522930694744,9786.0
15476.0,2755787.45,2756447.654551686,3146207.528320142,0.0,2.0,0.0016938751167540854,390420.0783201419,389759.8737684563
16240.0,3140984.6,3146207.528320142,3146273.528320142,0.0,0.0,79.13527757790871,5288.928320141975,66.0
16266.0,3141890.7,3146154.7729306947,3146276.0935920216,0.0,1.0,35.14712897258287,4385.393592021428,121.32066132687032
16249.0,3141313.5,3146273.528320142,3146505.528320142,0.0,0.0,21.379432414405464,5192.028320142068,232.0
16279.0,3142465.95,3146273.528320142,3146511.4264417817,0.0,0.0,16.005079375573146,4045.476441781502,237.8981216396205
15566.0,2912774.8000000007,2923790.3928274363,3146581.528262859,0.0,0.0,0.04944358672936746,233806.72826285847,222791.13543542288
16189.0,3107926.9,3146581.528262859,3146670.8962786063,0.0,1.0,432.53313771973893,38743.996278606355,89.36801574705169
16190.0,3107961.35,3146581.528262859,3146718.3892374085,0.0,1.0,282.1854687944144,38757.03923740843,136.86097454931587
16096.0,3091948.6,3094728.58571509,3147175.9653531783,0.0,2.0,0.05300523561468735,55227.36535317823,52447.3796380884
16304.0,3147199.9,3147199.9,3147294.9,0.0,0.0,0.0,95.0,95.0
16230.0,3139418.75,3139418.75,3147298.495912609,0.0,0.0,0.0,7879.745912609156,7879.745912609156
16305.0,3147227.2,3147294.9,3147324.581249197,1.0,0.0,2.280901304056963,97.38124919682741,29.68124919710681
16307.0,3147372.15,3147372.15,3147461.15,0.0,0.0,0.0,89.0,89.0
16303.0,3147129.7,3147199.9168712175,3147799.9168712175,0.0,0.0,0.1170281186955981,670.2168712173589,600.0
16264.0,3141845.85,3145234.305220915,3147841.6973120663,1.0,0.0,1.2995572213378528,5995.847312066238,2607.392091151327
16251.0,3141366.15,3146505.528320142,3147870.528320142,0.0,0.0,3.7651123224484695,6504.378320142161,1365.0
16261.0,3141708.7,3142336.9572976646,3147943.8993596844,0.0,8.0,0.11204990005516352,6235.199359684251,5606.942062019836
16263.0,3141813.35,3145137.8358091884,3148019.4278602214,1.0,1.0,1.1536975915784633,6206.077860221267,2881.5920510329306
16208.0,3134500.85,3136116.970552868,3148381.970552868,0.0,0.0,0.13176686122039272,13881.120552868117,12265.0
16312.0,3148331.5500000007,3148381.970552868,3148459.970552868,0.0,0.0,0.6464173444546759,128.42055286746472,78.0
16313.0,3148456.35,3148459.970552868,3148505.970552868,0.0,0.0,0.07870767104601406,49.62055286811665,46.0
16276.0,3142308.65,3148019.4278602214,3148523.170541035,0.0,0.0,11.336696447871624,6214.5205410351045,503.74268081365153
16237.0,3140946.9,3146670.8962786063,3148677.5054414435,0.0,0.0,2.8525715842505415,7730.605441443622,2006.609162837267
16314.0,3148539.5500000007,3148677.5217983657,3148772.5217983657,0.0,0.0,1.4523347196316247,232.97179836500436,95.0
16316.0,3148620.15,3148772.5217983657,3148867.5217983657,0.0,0.0,1.603913667008869,247.37179836584255,95.0
16310.0,3147813.5,3147813.5,3148955.7455516206,0.0,1.0,0.0,1142.24555162061,1142.24555162061
16317.0,3148768.35,3148867.5217983657,3148978.5217983657,0.0,0.0,0.8934396249158224,210.1717983656563,111.0
16294.0,3143561.2,3148523.170541035,3149004.837773208,0.0,0.0,10.301656848544633,5443.6377732078545,481.66723217302933
16298.0,3144504.35,3149004.837773208,3149236.7453137883,0.0,0.0,19.406388261232212,4732.395313788205,231.90754058025777
16300.0,3144854.7,3149236.7453137883,3149338.6792831207,0.0,0.0,42.98905794102651,4483.979283120483,101.9339693323709
16273.0,3142124.0500000007,3142595.8653276237,3149932.289331525,0.0,1.0,0.06431134942201021,7808.2393315243535,7336.424003901426
16315.0,3148601.3000000007,3148978.5217983657,3149970.032516553,0.0,0.0,0.3804515588642777,1368.7325165523216,991.5107181873173
16319.0,3148876.25,3149970.032516553,3150293.8724344904,0.0,0.0,3.3775407414871563,1417.6224344903603,323.83991793729365
16360.0,3150130.75,3150293.96011622,3150340.96011622,0.0,0.0,3.4725556642589894,210.2101162201725,47.0
16359.0,3150012.45,3150293.901031878,3150372.901031878,0.0,0.0,3.5626712895906234,360.45103187765926,79.0
15718.0,2982386.5500000007,2983621.3526019934,3150583.1391585898,0.0,0.0,0.00739571986775577,168196.58915858902,166961.7865565964
16362.0,3150247.75,3150294.0522978157,3150620.0522978157,0.0,0.0,0.142031588391658,372.3022978156805,326.0
16320.0,3148880.15,3150293.8724344904,3150639.6311485274,0.0,0.0,4.088754316511902,1759.4811485274695,345.75871403701603
16363.0,3150610.45,3150620.0522978157,3150733.0522978157,0.0,0.0,0.08497608686278088,122.60229781549424,113.0
16274.0,3142195.5500000007,3147870.528320142,3150840.528320142,0.0,0.0,1.9107671111586946,8644.978320141323,2970.0
16353.0,3149322.8000000007,3149932.289331525,3150853.656381146,0.0,0.0,0.6615054573257156,1530.856381145306,921.3670496209525
16365.0,3150812.6,3150812.6,3150874.6738745673,1.0,0.0,0.0,62.073874567169696,62.073874567169696
16322.0,3148880.15,3150840.528320142,3151029.528320142,0.0,0.0,10.372372064244239,2149.378320142161,189.0
16321.0,3148880.15,3150840.528320142,3151035.9786441857,0.0,1.0,10.030059196548244,2155.8286441857927,195.45032404363155
16324.0,3148880.8000000007,3150639.6311485274,3151069.459783983,0.0,0.0,4.091935723785476,2188.659783982206,429.82863545557484
16367.0,3151029.0500000007,3151029.0500000007,3151138.0500000007,0.0,0.0,0.0,109.0,109.0
16323.0,3148880.8000000007,3151029.528320142,3151218.528320142,0.0,0.0,11.36893291080065,2337.728320141323,189.0
16352.0,3149318.9,3150840.5403146814,3151254.2058697254,1.0,0.0,3.6784312740743426,1935.3058697255328,413.66555504407734
16281.0,3142594.0,3148381.991373673,3151407.991373673,0.0,0.0,1.9127532629454995,8813.991373673081,3026.0
16327.0,3148881.45,3151218.528320142,3151433.528320142,0.0,0.0,10.870131721590148,2552.0783201418817,215.0
16325.0,3148880.8000000007,3151035.9786441857,3151465.7042146446,0.0,0.0,5.01524412867348,2584.9042146438733,429.7255704589188
16326.0,3148881.45,3151069.459783983,3151499.166629474,0.0,0.0,5.091866250074919,2617.716629473958,429.70684549119323
16331.0,3148882.1,3151433.528320142,3151602.528320142,0.0,0.0,15.097208994922928,2720.428320141975,169.0
16356.0,3149323.45,3150583.1391585898,3151610.5173130166,0.0,0.0,1.2261202490648395,2287.0673130163923,1027.3781544268131
16354.0,3149322.8000000007,3151036.005998264,3151615.632692548,0.0,1.0,2.9557058278343478,2292.8326925472356,579.6266942839138
16329.0,3148881.45,3151407.991373673,3151643.991373673,0.0,0.0,10.705683786749555,2762.541373672895,236.0
16330.0,3148882.1,3151407.991373673,3151643.991373673,0.0,0.0,10.702929549461814,2761.8913736729883,236.0
16328.0,3148881.45,3151254.2058697254,3151726.013512592,0.0,0.0,5.029074678209865,2844.563512591645,471.8076428663917
16332.0,3148882.1,3151465.7042146446,3151755.4972379943,0.0,0.0,8.91534304304723,2873.3972379942425,289.79302334971726
16333.0,3148882.1,3151499.166629474,3151796.9462445728,0.0,0.0,8.788602364897955,2914.846244572662,297.7796150986105
16267.0,3141938.15,3146207.6231517303,3151797.633269943,0.0,1.0,0.7637684121215098,9859.483269942924,5590.010118212551
16335.0,3148883.4,3151643.991373673,3151839.991373673,0.0,0.0,14.084649865679461,2956.5913736731745,196.0
16355.0,3149323.45,3151408.0310978806,3151891.0310978806,0.0,0.0,4.315902894162274,2567.5810978803784,483.0
16334.0,3148882.75,3151602.528320142,3151911.8603386525,0.0,2.0,8.792424183047473,3029.1103386525065,309.3320185104385
16357.0,3149323.45,3151615.6808234816,3152060.822511885,1.0,0.0,5.149440915552175,2737.3725118846633,445.1416884032078
16370.0,3152060.6,3152060.822511885,3152138.822511885,0.0,0.0,0.0028527164712357214,78.22251188475639,78.0
16371.0,3152137.3000000007,3152138.611373673,3152173.2210848047,1.0,0.0,0.03789033856606753,35.921084803994745,34.609711131546646
16338.0,3149106.35,3151643.991373673,3152174.991373673,0.0,0.0,4.778985637802238,3068.6413736729883,531.0
16268.0,3141994.0500000007,3146276.0935920216,3152231.6877078386,0.0,0.0,0.7189952016119653,10237.637707837857,5955.594115816988
16269.0,3142044.1,3146581.606911249,3152305.261293353,0.0,2.0,0.7927639595843105,10261.161293352954,5723.654382104054
16339.0,3149106.35,3151797.633269943,3152339.633269943,0.0,0.0,4.965467287717229,3233.283269942738,542.0
16342.0,3149107.0,3151839.991373673,3152387.01613352,2.0,1.0,4.996101775061858,3280.016133519821,547.0247598467395
16271.0,3142076.6,3146670.954374641,3152404.972923455,0.0,2.0,0.8012451190259308,10328.372923454735,5734.0185488136485
16358.0,3149323.45,3151891.0310978806,3152447.0310978806,0.0,0.0,4.617951614892767,3123.5810978803784,556.0
16343.0,3149107.0,3152174.991373673,3152599.018422746,1.0,0.0,7.235367131366114,3492.0184227460995,424.02704907301813
16207.0,3134372.8000000007,3134372.8000000007,3152733.081303907,1.0,0.0,0.0,18360.281303906348,18360.281303906348
16340.0,3149106.35,3151615.632692548,3152742.899759347,0.0,0.0,2.225987759646915,3636.549759346992,1127.2670667991042
16341.0,3149107.0,3151726.013512592,3152809.494810975,0.0,0.0,2.4172207831364427,3702.4948109751567,1083.4812983833253
16344.0,3149107.0,3151755.4972379943,3152860.9494471163,0.0,0.0,2.395849604478026,3753.949447116349,1105.4522091220133
16349.0,3149107.65,3152305.261293353,3152865.5324416277,0.0,1.0,5.707256750950215,3757.882441627793,560.2711482746527
16345.0,3149107.0,3151796.9462445728,3152902.2568750507,0.0,0.0,2.4336563590359686,3795.25687505072,1105.3106304779649
16373.0,3152848.4,3152860.9494471163,3152939.9494471163,0.0,0.0,0.15885376096762058,91.54944711644202,79.0
16346.0,3149107.0,3151911.8603386525,3153039.0423075804,0.0,0.0,2.4883829017602443,3932.0423075803556,1127.181968927849
16374.0,3153032.35,3153032.35,3153110.35,0.0,0.0,0.0,78.0,78.0
16347.0,3149107.65,3152060.822511885,3153166.3538757027,0.0,0.0,2.67126976993796,4058.703875702806,1105.5313638178632
16306.0,3147259.0500000007,3153032.361648856,3153198.361648856,0.0,0.0,34.778985836478626,5939.3116488554515,166.0
16348.0,3149107.65,3152231.6877078386,3153305.80793742,0.0,2.0,2.9084618479406745,4198.157937420066,1074.120229581371
16308.0,3147573.65,3153198.361648856,3153342.786495492,2.0,0.0,38.94559544207448,5769.136495491955,144.42484663566574
16350.0,3149107.65,3152339.633269943,3153348.5851595504,0.0,2.0,3.2033076138049905,4240.935159550514,1008.9518896075897
16275.0,3142224.8000000007,3147870.528320142,3153412.910665789,0.0,1.0,1.0186464895507261,11188.110665788408,5542.3823456470855
16376.0,3153471.75,3153471.75,3153549.75,0.0,0.0,0.0,78.0,78.0
16290.0,3143265.45,3153342.786495492,3153562.786495492,0.0,0.0,45.80607497950762,10297.336495491676,220.0
16377.0,3153592.65,3153592.65,3153669.65,0.0,0.0,0.0,77.0,77.0
16295.0,3144122.15,3153562.786495492,3153698.899637924,0.0,2.0,69.35874322493079,9576.749637924135,136.1131424321793
16361.0,3150199.65,3153592.685753036,3153712.685753036,0.0,0.0,28.27529794196598,3513.035753035918,120.0
16272.0,3142113.0,3147841.6973120663,3153757.508350682,0.0,1.0,0.9683705707758539,11644.50835068198,5915.811038615648
16382.0,3153723.3000000007,3153757.508350682,3153842.508350682,0.0,0.0,0.40245118448510764,119.20835068123415,85.0
16383.0,3153747.35,3153757.508350682,3153859.508350682,0.0,0.0,0.09959167335182428,112.15835068188608,102.0
16372.0,3152202.3000000007,3153712.685753036,3153907.685753036,0.0,0.0,7.7455679642824595,1705.3857530350797,195.0
16384.0,3153785.0500000007,3153842.508350682,3153916.508350682,0.0,0.0,0.7764641983950561,131.45835068123415,74.0
16385.0,3153799.35,3153842.556433526,3153920.556433526,0.0,0.0,0.5539286349458286,121.20643352577463,78.0
16270.0,3142065.5500000007,3146633.3215194736,3153977.987559377,0.0,1.0,0.621916843414809,11912.43755937647,7344.666039903648
16280.0,3142519.25,3147943.8993596844,3153987.3724024985,0.0,0.0,0.8976046258921547,11468.122402498499,6043.473042814061
16351.0,3149160.95,3153698.899637924,3154006.673411569,0.0,0.0,14.744432523212259,4845.723411568906,307.7737736450508
16393.0,3153995.65,3154006.697598277,3154053.697598277,0.0,0.0,0.2350552824940136,58.04759827721864,47.0
16381.0,3153651.8000000007,3153907.685753036,3154054.685753036,0.0,0.0,1.7407194084019026,402.8857530350797,147.0
16400.0,3154113.95,3154113.95,3154346.95,0.0,0.0,0.0,233.0,233.0
16387.0,3153879.3000000007,3153987.3724024985,3154918.9641640238,0.0,0.0,0.11600832785469384,1039.6641640230082,931.5917615252547
16368.0,3151142.15,3154006.673411569,3155205.8345805174,0.0,0.0,2.38877265687439,4063.684580517467,1199.1611689482816
16369.0,3151553.6,3152387.01613352,3155472.01613352,0.0,0.0,0.2701510967649036,3918.4161335197277,3085.0
16163.0,3096719.6,3105244.720531667,3156406.4236838277,1.0,0.0,0.16663089784779764,59686.82368382765,51161.703152160626
16296.0,3144334.0500000007,3156406.4476307835,3156533.4476307835,0.0,0.0,95.05824906128187,12199.397630782798,127.0
16191.0,3108057.5500000007,3156406.4236838277,3156552.4236838277,0.0,0.0,331.1566690673082,48494.873683827,146.0
15533.0,2889774.5500000007,2897372.1283856086,3156572.1283856086,0.0,0.0,0.029311645006202952,266797.5783856078,259200.0
16222.0,3136797.95,3156572.1283856086,3156645.1283856086,0.0,0.0,270.87915596723786,19847.178385608364,73.0
16297.0,3144409.45,3156533.4476307835,3156666.8863046733,0.0,1.0,90.85819933134437,12257.436304673087,133.43867388973013
16299.0,3144713.65,3156572.1524104527,3156688.1524104527,0.0,0.0,102.2284690556277,11974.502410452813,116.0
16161.0,3096522.65,3096526.467464647,3157531.0443625827,2.0,0.0,6.257669245489794e-05,61008.394362582825,61004.57689793594
16406.0,3155551.1,3156645.1283856086,3159283.7306136214,0.0,0.0,0.4146242180779065,3732.6306136213243,2638.6022280128673
16423.0,3158691.9,3159283.7306136214,3161844.567905711,0.0,0.0,0.23110824551394613,3152.6679057111032,2560.8372920895927
16424.0,3159672.1,3161844.567905711,3162218.3530738107,0.0,0.0,5.8120762703231525,2546.2530738105997,373.7851680996828
15406.0,2741567.4,2741567.4,3162563.424227639,0.0,1.0,0.0,420996.0242276392,420996.0242276392
16425.0,3159872.3000000007,3162218.3530738107,3162800.0609495672,0.0,0.0,4.0330433394231795,2927.7609495664947,581.7078757565469
16388.0,3153888.4,3162800.0609495672,3162911.6860874817,1.0,0.0,79.83560975663245,9023.28608748177,111.6251379144378
16394.0,3154044.4,3162911.6860874817,3163070.131313755,1.0,2.0,55.96436254996758,9025.73131375527,158.44522627349943
16428.0,3160319.5,3163070.131313755,3163358.008157679,0.0,0.0,9.55488908473718,3038.50815767888,287.87684392370284
15537.0,2890183.4,2937404.552856717,3163611.158020343,1.0,0.0,0.2087523165937595,273427.75802034326,226206.60516362637
16433.0,3160417.0,3163358.008157679,3163631.8975231927,0.0,0.0,10.737942132808364,3214.897523192689,273.889365513809
16434.0,3160417.65,3163631.8975231927,3163945.682053801,0.0,0.0,10.243486245036177,3528.032053801231,313.78453060844913
16437.0,3160419.6,3163945.682053801,3164259.5107016675,0.0,0.0,11.235692081566638,3839.9107016674243,313.82864786637947
16438.0,3160990.3000000007,3164259.5107016675,3164377.4263132587,0.0,0.0,27.725003140390164,3387.1263132579625,117.9156115911901
16436.0,3160418.95,3164889.1209144713,3165202.9548900356,0.0,0.0,14.2437443442333,4784.004890035372,313.8339755642228
16169.0,3099250.7,3122935.0439872285,3165400.0439872285,0.0,0.0,0.5577379956959461,66149.34398722835,42465.0
16278.0,3142462.0500000007,3147870.635024722,3166300.635024722,0.0,0.0,0.2934663605383318,23838.585024721455,18430.0
15704.0,2981894.5,3163611.158020343,3167169.800810118,1.0,0.0,51.06347244024186,185275.3008101182,3558.64278977504
15705.0,2982048.5500000007,3167169.800810118,3167297.800810118,0.0,0.0,1446.2597719540427,185249.25081011746,128.0
15534.0,2889798.6,2908407.2112918915,3167607.2112918915,0.0,0.0,0.07179248183600088,277808.61129189143,259200.0
15708.0,2982060.25,3167297.800810118,3167739.5764134484,0.0,1.0,419.3023548918174,185679.32641344843,441.7756033302285
16309.0,3147641.25,3163945.696865038,3167747.696865038,0.0,0.0,4.2883868661330915,20106.446865038015,3802.0
16318.0,3148830.1,3167739.6213193415,3167866.369499711,1.0,0.0,149.18968670188056,19036.26949971076,126.74818036938086
16336.0,3148928.25,3167747.696865038,3167895.696865038,0.0,0.0,127.15842476377037,18967.446865038015,148.0
16337.0,3149007.5500000007,3167866.369499711,3168032.7544295625,1.0,0.0,113.34451693748446,19025.204429561738,166.38492985162884
16364.0,3150656.6,3167895.696865038,3168076.696865038,0.0,0.0,95.2436290886073,17420.09686503792,181.0
16386.0,3153869.5500000007,3168032.7544295625,3168228.6464473456,0.0,0.0,72.30107990026204,14359.09644734487,195.89201778313145
16395.0,3154050.9,3168076.696865038,3168316.521005037,0.0,0.0,58.48367418355226,14265.621005036868,239.82413999876007
16170.0,3099318.3000000007,3128856.5611826307,3168348.5116975927,1.0,0.0,0.7479565024634341,69030.21169759193,39491.950514961965
16426.0,3160015.3000000007,3168348.5382297644,3168418.640591101,1.0,1.0,118.87243269568195,8403.340591100045,70.10236133635044
16396.0,3154052.85,3168228.6464473456,3168480.523319993,0.0,0.0,56.28065926950519,14427.673319993075,251.87687264755368
16402.0,3154528.0,3168316.521005037,3168590.350974287,0.0,0.0,50.354316741866846,14062.350974286906,273.8299692501314
16407.0,3156307.7,3168418.640591101,3168656.500267364,0.0,0.0,50.916325042394256,12348.800267363898,237.8596762632951
16408.0,3156341.5,3168480.523319993,3168726.4185357266,0.0,0.0,49.36665109073216,12384.91853572661,245.89521573344246
16409.0,3156342.15,3168590.350974287,3168836.2374236705,0.0,0.0,49.812427667294344,12494.087423670571,245.88644938357174
16410.0,3156342.8000000007,3168656.500267364,3168876.376602374,0.0,0.0,56.00284481186704,12533.576602373272,219.87633500993252
16411.0,3156344.1,3168726.4185357266,3168964.2493357942,0.0,0.0,52.063561709439156,12620.14933579415,237.8308000676334
16416.0,3156529.35,3168876.376602374,3169416.027838512,0.0,0.0,22.879641100683358,12886.677838511765,539.6512361378409
16414.0,3156528.0500000007,3168836.2374236705,3169465.7888859264,0.0,0.0,19.550724859832055,12937.738885925617,629.551462255884
16417.0,3157307.4,3168964.2493357942,3169671.847806819,0.0,0.0,16.473819281882083,12364.447806818876,707.5984710245393
16418.0,3157308.0500000007,3169416.027838512,3170039.695825608,0.0,0.0,19.41414035837783,12731.645825607236,623.6679870961234
16419.0,3157308.7,3169465.7888859264,3170107.5238807453,0.0,0.0,18.944095279324035,12798.823880745098,641.7349948189221
16420.0,3157319.1,3169671.847806819,3170313.519789239,0.0,0.0,19.250876063232216,12994.419789238833,641.6719824201427
16429.0,3160320.15,3170313.519789239,3170457.519789239,0.0,0.0,69.39840131415986,10137.36978923902,144.0
16430.0,3160320.8000000007,3170457.519789239,3170609.228045852,1.0,1.0,66.81719252167403,10288.428045851178,151.7082566129975
16212.0,3135328.95,3136253.7729306947,3170666.6863112706,0.0,0.0,0.026874299204686595,35337.73631127039,34412.91338057583
16431.0,3160321.45,3170609.228045852,3170749.307169865,2.0,1.0,73.44262122098776,10427.8571698647,140.07912401296198
16422.0,3157321.0500000007,3170039.695825608,3170787.356846932,0.0,0.0,17.011246357455523,13466.306846931111,747.6610213238746
16432.0,3160321.45,3170749.307169865,3170878.8080717414,1.0,0.0,80.52343280057387,10557.358071741182,129.5009018764831
16435.0,3160418.3000000007,3170787.356846932,3170944.356846932,0.0,0.0,66.04494806962491,10526.056846931111,157.0
16283.0,3142638.2,3156688.1524104527,3171062.1524104527,0.0,0.0,0.9774559907090952,28423.952410452534,14374.0
16427.0,3160074.45,3170107.5238807453,3171628.0811059857,1.0,1.0,6.598287597600219,11553.631105985492,1520.5572252403945
16441.0,3166168.2,3167169.800810118,3171720.6329061026,0.0,0.0,0.22009179617982982,5552.432906102389,4550.8320959843695
16238.0,3140956.65,3171062.1524104527,3171984.0276714517,1.0,0.0,32.65680692833643,31027.377671451773,921.8752609989606
16439.0,3161036.45,3170878.8080717414,3172436.959919723,1.0,1.0,6.316687352705205,11400.50991972303,1558.1518479818478
16241.0,3141004.75,3171984.0276714517,3172549.0276714517,0.0,0.0,54.830579949472,31544.27767145168,565.0
16239.0,3140965.75,3171720.6329061026,3172607.4895802066,2.0,0.0,34.67852676101763,31641.739580206573,886.8566741039976
16242.0,3141013.85,3172549.0276714517,3173125.0276714517,0.0,0.0,54.748572346270116,32111.177671451587,576.0
16243.0,3141028.8000000007,3172607.4895802066,3173205.4895802066,0.0,0.0,52.80717321104653,32176.689580205828,598.0
16440.0,3162687.45,3164377.4263132587,3173650.782486271,0.0,0.0,0.18223998752218104,10963.332486270927,9273.356173012406
16194.0,3130599.5500000007,3136085.720552868,3173689.87635112,2.0,1.0,0.1458926662867013,43090.326351119205,37604.15579825174
16366.0,3150897.75,3152809.494810975,3173840.494810975,0.0,0.0,0.09090127958609466,22942.744810975157,21031.0
15568.0,2913008.8000000007,2916002.123381675,3174350.039576798,0.0,0.0,0.011586404201587219,261341.23957679747,258347.916195123
16246.0,3141236.8000000007,3174350.039576798,3174821.7513235537,0.0,0.0,70.19803896034703,33584.95132355299,471.71174675552174
16076.0,3089498.1,3090669.237470002,3175198.237470002,0.0,0.0,0.013854860107203687,85700.13747000182,84529.0
16247.0,3141242.65,3174821.7513235537,3175271.4410107685,0.0,0.0,74.67171758269599,34028.79101076862,449.6896872147918
15657.0,2970908.85,3002549.813174746,3175297.813174746,0.0,0.0,0.18316254413796923,204388.9631747459,172748.0
16166.0,3096743.65,3114129.8737508245,3176362.8737508245,0.0,0.0,0.2793730617329162,79619.22375082457,62233.0
15138.0,2663577.8000000003,2663694.3883516933,3179079.9238126064,0.0,1.0,0.00022621580093189566,515502.1238126061,515385.5354609131
16112.0,3093013.3000000007,3094728.9170762803,3179961.205051934,0.0,1.0,0.020128722541974453,86947.90505193314,85232.28797565354
15755.0,3020116.45,3033994.937092354,3180205.619996186,1.0,0.0,0.09492115635272878,160089.1699961857,146210.68290383182
16311.0,3148260.7,3173125.0276714517,3180683.027424674,0.0,0.0,3.289802657224307,32422.32742467383,7557.999753222335
15633.0,2966308.8000000007,3089812.6128339237,3184716.1481174547,0.0,2.0,1.3013615611362264,218407.34811745398,94903.53528353106
15660.0,2971636.2,2972835.8555444223,3188185.635614383,1.0,0.0,0.005570730297622634,216549.43561438285,215349.78006996075
15582.0,2917315.0500000007,2943661.2956347223,3196261.2956347223,0.0,0.0,0.10430025983658588,278946.2456347216,252600.0
16443.0,3193318.0500000007,3196261.2956347223,3196483.1725681243,0.0,1.0,13.265216846088668,3165.1225681235082,221.87693340191618
15627.0,2928590.6,3087749.624134142,3197306.7506599864,1.0,0.0,1.4527491654921814,268716.1506599863,109557.12652584445
16445.0,3195353.85,3196261.3197611324,3198280.3197611324,0.0,0.0,0.4494649634137012,2926.4697611322626,2019.0
16442.0,3191070.35,3193677.7915992728,3199116.9968717787,0.0,0.0,0.479379149827772,8046.646871778648,5439.205272505991
16195.0,3130626.2,3165400.0439872285,3199978.5762002114,1.0,0.0,1.0056483535230027,69352.37620021123,34578.532212982886
16248.0,3141258.9,3199978.5762002114,3200472.3239699067,0.0,0.0,118.92646368095075,59213.423969906755,493.747769695241
16451.0,3196652.5500000007,3199171.3073346284,3200673.3073346284,0.0,0.0,1.6769356422288129,4020.7573346276768,1502.0
16444.0,3193535.15,3196261.2956347223,3201582.3801401407,0.0,0.0,0.5123289494738282,8047.230140140746,5321.0845054183155
15329.0,2700421.1,2701592.7086087167,3206464.681257966,0.0,0.0,0.0023206053656905754,506043.5812579659,504871.97264924925
16461.0,3205917.0,3206464.755103918,3206553.755103918,0.0,0.0,6.154551729413398,636.7551039177924,89.0
16462.0,3206219.9,3206464.8184220893,3206553.8184220893,0.0,0.0,2.751892383027236,333.918422089424,89.0
16454.0,3204321.25,3206464.681257966,3206564.663529706,1.0,0.0,21.438113184058437,2243.4135297061875,99.98227174021304
16463.0,3206294.0,3206464.8895875234,3206564.8895875234,0.0,0.0,1.7088958752341568,270.8895875234157,100.0
16455.0,3204425.25,3206464.681257966,3206595.681257966,0.0,0.0,15.568177541724996,2170.4312579659745,131.0
16460.0,3205787.0,3206464.7097563134,3206596.7097563134,0.0,0.0,5.134164820555739,809.7097563133575,132.0
16453.0,3204014.45,3206464.681257966,3206615.064454355,0.0,1.0,16.293251618554308,2600.614454354625,150.38319638883695
16456.0,3204489.6,3206464.681257966,3206762.555772328,0.0,0.0,6.630581546048779,2272.955772327725,297.87451436184347
16458.0,3205544.5500000007,3206595.681257966,3206821.9673208105,0.0,1.0,4.6451436060702305,1277.4173208097927,226.28606284456328
16466.0,3206749.0,3206762.555772328,3206852.555772328,0.0,0.0,0.15061969253131086,103.55577232781798,90.0
16467.0,3206832.2,3206832.2,3206893.2,0.0,0.0,0.0,61.0,61.0
16468.0,3206876.4,3206876.4,3206924.0239662,1.0,0.0,0.0,47.62396620027721,47.62396620027721
15751.0,2987896.6,3034127.022836632,3206927.022836632,0.0,0.0,0.26753716919347226,219030.422836632,172800.0
16470.0,3207030.45,3207030.45,3207123.45,0.0,0.0,0.0,93.0,93.0
16471.0,3207142.25,3207142.25,3207209.25,0.0,0.0,0.0,67.0,67.0
16459.0,3205777.25,3206615.064454355,3207314.064454355,0.0,0.0,1.1985900634546658,1536.8144543548115,699.0
16464.0,3206327.8000000007,3206615.103761724,3207419.103761724,0.0,0.0,0.35734298721822305,1091.3037617234513,804.0
16465.0,3206418.15,3206832.2372756824,3207485.2372756824,0.0,0.0,0.6341305906316737,1067.0872756824829,653.0
16473.0,3207493.25,3207493.25,3207582.25,0.0,0.0,0.0,89.0,89.0
16474.0,3207549.8000000007,3207582.25,3207671.25,0.0,0.0,0.3646067415646623,121.44999999925494,89.0
16469.0,3207005.75,3207493.28193164,3207691.28193164,0.0,0.0,2.462282483030882,685.5319316401146,198.0
16475.0,3207651.85,3207671.25,3207747.25,0.0,0.0,0.2552631578935114,95.39999999990687,76.0
16476.0,3207696.7,3207747.25,3207837.25,0.0,0.0,0.5616666666645971,140.54999999981374,90.0
16477.0,3207846.85,3207846.85,3207942.85,0.0,0.0,0.0,96.0,96.0
16478.0,3207985.95,3207985.95,3208080.95,0.0,0.0,0.0,95.0,95.0
16479.0,3208101.0,3208101.0,3208190.0,0.0,0.0,0.0,89.0,89.0
16480.0,3208160.8000000007,3208190.0,3208299.0,0.0,0.0,0.2678899082500453,138.19999999925494,109.0
15919.0,3039393.5,3041891.2345302086,3208671.4332389194,0.0,2.0,0.014976205506092724,169277.93323891936,166780.19870871073
16481.0,3208613.2,3208613.2,3208702.2,0.0,0.0,0.0,89.0,89.0
16482.0,3208750.35,3208750.35,3208844.35,0.0,0.0,0.0,94.0,94.0
16483.0,3208907.65,3208907.65,3209002.65,0.0,0.0,0.0,95.0,95.0
16484.0,3209118.25,3209118.25,3209212.25,0.0,0.0,0.0,94.0,94.0
16485.0,3209178.0500000007,3209212.25,3209302.25,0.0,0.0,0.37999999999172157,124.19999999925494,90.0
16457.0,3204644.3000000007,3206564.663529706,3209394.6409872933,0.0,1.0,0.6785790906415056,4750.340987292584,2829.9774575871415
16486.0,3209430.9,3209430.9,3209524.9,0.0,0.0,0.0,94.0,94.0
16487.0,3209670.1,3209670.1,3209759.1,0.0,0.0,0.0,89.0,89.0
16488.0,3209839.75,3209839.75,3209934.75,0.0,0.0,0.0,95.0,95.0
16489.0,3209931.4,3209934.75,3210029.75,0.0,0.0,0.035263157895717184,98.35000000009313,95.0
16196.0,3130635.95,3167607.2112918915,3210103.2112918915,0.0,0.0,0.8699939121774128,79467.26129189134,42496.0
16490.0,3210051.0,3210051.0,3210145.0,0.0,0.0,0.0,94.0,94.0
16200.0,3131256.7,3167739.5764134484,3210178.5764134484,0.0,0.0,0.859654478509113,78921.87641344825,42439.0
16491.0,3210116.0,3210145.0,3210212.0,0.0,0.0,0.43283582089552236,96.0,67.0
16492.0,3210249.9,3210249.9,3210343.9,0.0,0.0,0.0,94.0,94.0
16493.0,3210553.45,3210553.45,3210647.45,0.0,0.0,0.0,94.0,94.0
16494.0,3210585.3000000007,3210647.45,3210741.45,0.0,0.0,0.6611702127600129,156.1499999994412,94.0
16202.0,3131284.0,3168348.5116975927,3210787.5116975927,0.0,0.0,0.8733596856097617,79503.51169759268,42439.0
16496.0,3210740.0,3210741.489997101,3210808.489997101,0.0,0.0,0.022238762701736456,68.48999710101634,67.0
16495.0,3210656.15,3210741.45,3210836.45,0.0,0.0,0.8978947368450463,180.3000000002794,95.0
15897.0,3037291.4,3037305.024149822,3211561.7446065107,0.0,0.0,7.818435803484892e-05,174270.34460651083,174256.72045668866
15644.0,2967705.0,2999833.9305170598,3211634.8858456784,0.0,0.0,0.15169398300026682,243929.8858456784,211800.95532861864
15901.0,3037479.9,3039053.8346433705,3212787.363851215,0.0,0.0,0.009059475453857848,175307.46385121532,173733.52920784475
15896.0,3037278.4,3055846.2992394,3215356.2992394,0.0,0.0,0.11640586320230667,178077.89923939994,159510.0
15535.0,2889973.45,2908407.2112918915,3221514.324093628,141.0,159.0,0.058873658688053575,331540.874093628,313107.1128017367
16375.0,3153406.1,3221514.350704499,3221873.350704499,0.0,0.0,189.71657577854864,68467.25070449896,359.0
16378.0,3153596.5500000007,3221873.350704499,3222041.503595304,0.0,1.0,406.0400054829456,68444.95359530346,168.15289080515504
16379.0,3153597.2,3222041.503595304,3222165.503595304,0.0,0.0,551.9701902847098,68568.30359530402,124.0
16380.0,3153598.5,3222165.503595304,3222306.503595304,0.0,0.0,486.2908056404554,68708.00359530421,141.0
16389.0,3153904.65,3222306.503595304,3222432.4468075996,0.0,1.0,543.11663446267,68527.79680759972,125.94321229541674
16390.0,3153905.95,3222432.4468075996,3222593.130248186,0.0,1.0,426.46894140088875,68687.18024818599,160.68344058655202
16391.0,3153907.25,3222593.130248186,3222717.130248186,0.0,0.0,553.9183890982756,68809.88024818618,124.0
16392.0,3153908.5500000007,3222717.130248186,3222868.130248186,0.0,0.0,455.6859619085128,68959.58024818543,151.0
16397.0,3154053.5,3222868.130248186,3222994.130248186,0.0,0.0,546.1478591125887,68940.63024818618,126.0
16398.0,3154054.15,3222994.130248186,3223090.130248186,0.0,0.0,718.1247942519403,69035.98024818627,96.0
16399.0,3154054.8000000007,3223090.130248186,3223186.130248186,0.0,0.0,719.1180234185982,69131.33024818543,96.0
16401.0,3154527.35,3223186.130248186,3223292.130248186,0.0,0.0,647.7243419640197,68764.78024818609,106.0
16403.0,3154528.65,3223292.130248186,3223422.130248186,0.0,0.0,528.9498480629713,68893.48024818627,130.0
16404.0,3154529.3000000007,3223422.130248186,3223521.130248186,0.0,0.0,695.8871742240952,68991.83024818543,99.0
16405.0,3154529.95,3223521.130248186,3223650.130248186,0.0,0.0,534.8153507611318,69120.18024818599,129.0
16165.0,3096730.0,3099240.9624387585,3223664.6770035946,0.0,0.0,0.020180738435115773,126934.67700359458,124423.71456483612
16412.0,3156526.1,3223650.130248186,3223963.130248186,0.0,0.0,214.4537707609779,67437.03024818609,313.0
16413.0,3156526.75,3223963.130248186,3224276.0198677117,1.0,1.0,215.52770063273218,67749.2698677117,312.889619525522
16415.0,3156528.7,3224276.0198677117,3224603.6366361966,1.0,1.0,206.7883160590626,68074.93663619645,327.61676848493516
15661.0,2971642.0500000007,2972835.8631469873,3224835.8631469873,0.0,0.0,0.004737353757883068,253193.81314698653,252000.0
16421.0,3157319.75,3224603.6366361966,3224919.6604267186,1.0,0.0,212.9076628220176,67599.91042671865,316.02379052201286
16452.0,3199171.3000000007,3199171.3000000007,3225052.3000000007,0.0,0.0,0.0,25881.0,25881.0
16302.0,3146768.3000000007,3221514.324093628,3225633.8060694966,0.0,2.0,18.144520241012046,78865.50606949581,4119.481975868344
16232.0,3139683.3000000007,3225633.8060694966,3225823.7244002926,0.0,0.0,452.5656144366112,86140.42440029187,189.91833079606295
15626.0,2928574.35,3087552.864966225,3240309.0281069586,1.0,0.0,1.0407338839727103,311734.6781069585,152756.16314073373
15880.0,3036272.2,3167607.2112918915,3241273.206310245,1.0,1.0,1.7828444624846183,205001.00631024502,73665.99501835369
16117.0,3093332.45,3094729.067102177,3242010.326661943,0.0,1.0,0.009482653165456822,148677.8766619428,147281.25955976592
15881.0,3036340.45,3167739.5764134484,3242158.5764134484,0.0,0.0,1.7656663810780613,205818.12641344825,74419.0
16446.0,3195929.1,3210103.2112918915,3243215.4891761695,1.0,0.0,0.4280621025659316,47286.38917616941,33112.27788427798
15879.0,3036254.65,3156572.1283856086,3244641.827312194,0.0,1.0,1.366162026804532,208387.1773121939,88069.69892658526
15709.0,2982064.15,3244641.827312194,3244835.694155464,0.0,1.0,1354.422823846742,262771.54415546404,193.8668432701379
15783.0,3022721.0,3244835.694155464,3245107.5284083346,0.0,0.0,817.0960495591486,222386.5284083346,271.83425287064165
15791.0,3022743.1,3245107.5284083346,3245307.9273431078,1.0,0.0,1109.6088342985838,222564.82734310767,200.39893477316946
15792.0,3022743.1,3245307.9273431078,3246507.2392626773,0.0,0.0,185.57709942797698,223764.13926267717,1199.3119195695035
16447.0,3195936.25,3210178.5764134484,3246581.798334411,2.0,1.0,0.3912380734972013,50645.54833441088,36403.221920962445
15805.0,3023794.8000000007,3246507.2392626773,3247706.65821295,0.0,0.0,185.6836088941534,223911.85821294924,1199.418950272724
15820.0,3024186.1,3247706.65821295,3247865.2694677683,1.0,0.0,1409.235167258765,223679.16946776817,158.61125481827185
15822.0,3024192.6,3247706.6800726564,3247934.899624766,0.0,1.0,979.381818983809,223742.29962476576,228.21955210948363
15826.0,3025007.0500000007,3247865.2694677683,3248319.825119754,1.0,1.0,490.2770837724398,223312.7751197531,454.5556519855745
16448.0,3195944.7,3210787.5116975927,3256535.7944769366,0.0,1.0,0.3244452205820121,60591.094476936385,45748.28277934389
16508.0,3254046.9,3256535.9106504656,3256619.53623235,0.0,1.0,29.76374686288776,2572.6362323500216,83.62558188429102
16500.0,3250994.5,3256535.7944769366,3256653.7944769366,0.0,0.0,46.960122685903144,5659.294476936571,118.0
16503.0,3251638.65,3256535.7944769366,3257143.7944769366,0.0,0.0,8.05451394233004,5505.144476936664,608.0
16502.0,3251573.0,3256535.7944769366,3257236.7944769366,0.0,0.0,7.079592691778275,5663.794476936571,701.0
16507.0,3252673.45,3256535.8530726666,3257242.0178893395,1.0,0.0,5.469549008210347,4568.567889339291,706.1648166729137
16501.0,3251080.3000000007,3256535.7944769366,3257304.7944769366,0.0,0.0,7.094271101346978,6224.494476935826,769.0
16505.0,3252066.35,3256535.7944769366,3257327.7944769366,0.0,0.0,5.643237975929897,5261.444476936478,792.0
16506.0,3252627.3000000007,3256535.813535464,3257335.2090708516,1.0,0.0,4.8893362077239,4707.909070850816,799.3955353875645
16504.0,3252033.85,3256535.7944769366,3257368.7944769366,0.0,0.0,5.404495170391931,5334.944476936478,833.0
16510.0,3254100.2,3256536.1021072003,3258024.6700092885,1.0,0.0,1.636406443927101,3924.470009288285,1488.5679020881653
16514.0,3257627.1,3257627.1,3258478.1,0.0,0.0,0.0,851.0,851.0
16509.0,3254093.7,3256536.0031695813,3258486.29879066,0.0,2.0,1.252273318559776,4392.598790660035,1950.295621078927
16515.0,3258188.0500000007,3258188.0500000007,3259041.5128608234,1.0,2.0,0.0,853.4628608226776,853.4628608226776
16516.0,3258672.3000000007,3258672.3000000007,3259407.6631952785,1.0,0.0,0.0,735.3631952777505,735.3631952777505
16518.0,3259740.9,3259740.9,3260550.9,0.0,0.0,0.0,810.0,810.0
16517.0,3259247.5500000007,3259247.5500000007,3260694.546242146,0.0,0.0,0.0,1446.9962421450764,1446.9962421450764
16497.0,3245530.6,3246507.2793830154,3260867.2793830154,0.0,0.0,0.06801388461109054,15336.67938301526,14360.0
16498.0,3245585.2,3246507.3473829445,3261196.3473829445,0.0,0.0,0.06277809128901604,15611.147382944357,14689.0
16520.0,3260331.75,3260550.911685976,3261309.911685976,0.0,0.0,0.2887505744086954,978.1616859761998,759.0
16519.0,3260270.65,3260550.9,3261381.4782836386,2.0,1.0,0.3374155158165807,1110.8282836386934,830.5782836386934
16499.0,3245685.95,3246507.4350172924,3261487.4350172924,0.0,0.0,0.05483878620108154,15801.485017292202,14980.0
15918.0,3039386.35,3040930.1004639496,3261726.1924528736,0.0,0.0,0.006991747227242397,222339.84245287348,220796.09198892396
16521.0,3260821.2,3261309.911685976,3262320.911685976,0.0,0.0,0.4833943481464031,1499.7116859760135,1011.0
16265.0,3141880.3000000007,3142126.092262837,3262730.91728992,2.0,0.0,0.002037996927412848,120850.6172899194,120604.82502708305
16522.0,3263654.5500000007,3263654.5500000007,3263771.5500000007,0.0,0.0,0.0,117.0,117.0
16524.0,3263743.6,3263771.5817925213,3263878.5817925213,0.0,0.0,0.2615120796373584,134.98179252119735,107.0
16523.0,3263698.1,3263771.5500000007,3263886.5500000007,0.0,0.0,0.638695652179582,188.45000000065193,115.0
16525.0,3263788.45,3263878.5817925213,3263973.5817925213,0.0,0.0,0.9487557107484654,185.13179252110422,95.0
16526.0,3263924.95,3263924.95,3264052.95,0.0,0.0,0.0,128.0,128.0
16527.0,3263966.5500000007,3263973.5817925213,3264110.5817925213,0.0,0.0,0.05132695270471112,144.03179252054542,137.0
16472.0,3207230.65,3207691.28193164,3270023.28193164,0.0,0.0,0.007389975159471985,62792.63193164021,62332.0
15688.0,2979692.3000000007,3020810.8256898015,3274102.076427643,1.0,1.0,0.16233693651092082,294409.77642764244,253291.2507378417
16528.0,3270611.5,3274102.076427643,3274162.2932378366,1.0,0.0,57.966810537350845,3550.793237836566,60.21681019337848
16035.0,3082015.95,3083503.0247038864,3280618.0571160144,132.0,125.0,0.0075441973434933075,198602.10711601423,197115.03241212806
16449.0,3195954.45,3196483.1725681243,3281322.730748923,0.0,0.0,0.006232028778336208,85368.28074892284,84839.55818079878
16450.0,3196324.3000000007,3198280.3197611324,3283096.080945842,0.0,0.0,0.0230619843978272,86771.78094584122,84815.76118470961
16136.0,3094092.95,3122935.0439872285,3295735.0439872285,0.0,0.0,0.16691026612979368,201642.09398722835,172800.0
16185.0,3105295.7,3132295.0574124707,3300113.013273614,2.0,0.0,0.160884794919147,194817.3132736138,167817.9558611433
16537.0,3300720.15,3300902.6871160143,3300950.6871160143,0.0,0.0,3.802856583633305,230.53711601439863,48.0
16535.0,3300347.7,3300902.6871160143,3300982.6871160143,0.0,0.0,6.937338950176491,634.9871160141192,80.0
16532.0,3300182.6,3300902.6871160143,3301002.6871160143,0.0,0.0,7.200871160142124,820.0871160142124,100.0
16536.0,3300531.65,3300902.6871160143,3301026.6871160143,0.0,0.0,2.992234806567731,495.03711601439863,124.0
16534.0,3300267.75,3300902.696468883,3301070.696468883,0.0,0.0,3.779443267161869,802.946468883194,168.0
16533.0,3300218.35,3300902.6871160143,3301262.436003954,1.0,0.0,1.9022633257691803,1044.0860039540567,359.7488879398443
16260.0,3141633.3000000007,3172607.535954199,3301534.788518242,2.0,0.0,0.2402458389378299,159901.48851824133,128927.25256404327
16547.0,3302395.2,3302395.2,3322970.200763819,0.0,0.0,0.0,20575.00076381862,20575.00076381862
16575.0,3314415.0,3322970.200763819,3323021.200763819,0.0,0.0,167.7490345846825,8606.200763818808,51.0
16581.0,3314701.0,3322970.200763819,3323025.200763819,0.0,0.0,150.3491047967056,8324.200763818808,55.0
16577.0,3314491.7,3322970.200763819,3323028.200763819,0.0,0.0,146.1810476520452,8536.500763818622,58.0
16578.0,3314528.75,3322970.200763819,3323032.200763819,0.0,0.0,136.1524316744969,8503.450763818808,62.0
16572.0,3314204.4,3322970.200763819,3323034.200763819,0.0,0.0,136.96563693467033,8829.800763818901,64.0
16576.0,3314447.5,3322970.200763819,3323037.200763819,0.0,0.0,127.20448901222102,8589.700763818808,67.0
16582.0,3314706.85,3322970.200763819,3323039.200763819,0.0,0.0,119.75870672201036,8332.350763818715,69.0
16574.0,3314394.2,3322970.200763819,3323040.200763819,0.0,0.0,122.51429662598031,8646.000763818622,70.0
16573.0,3314332.45,3322970.200763819,3323048.200763819,0.0,0.0,110.74039440793105,8715.750763818622,78.0
16579.0,3314549.5500000007,3322970.200763819,3323050.200763819,0.0,0.0,105.25813454772579,8500.650763818063,80.0
16580.0,3314554.1,3322970.200763819,3323050.200763819,0.0,0.0,105.20125954773394,8496.100763818715,80.0
16667.0,3322876.7,3322970.200763819,3323052.200763819,0.0,0.0,1.1402532173002637,175.50076381862164,82.0
16553.0,3306544.15,3322970.200763819,3323074.200763819,0.0,0.0,157.94279580595096,16530.0507638189,104.0
16554.0,3306613.0500000007,3323074.200763819,3323192.200763819,0.0,0.0,139.5012776594751,16579.150763818063,118.0
16551.0,3303431.3000000007,3322970.200763819,3323321.200763819,0.0,0.0,55.666383942501604,19889.900763818063,351.0
16511.0,3255879.25,3257627.120909354,3327604.120909354,0.0,0.0,0.024977791407950953,71724.87090935418,69977.0
16550.0,3303181.0500000007,3322970.200763819,3328986.200763819,0.0,0.0,3.2894200072835877,25805.150763818063,6016.0
16555.0,3306724.85,3323192.200763819,3331942.200763819,0.0,0.0,1.8819829444364244,25217.350763818715,8750.0
16556.0,3307969.6,3331942.200763819,3332212.0714312373,0.0,0.0,88.82996063683528,24242.47143123718,269.870667418465
16563.0,3309196.8000000007,3332212.0714312373,3338084.1178561053,0.0,1.0,3.9194634657122447,28887.31785610458,5872.046424868051
16569.0,3312949.9,3337950.006310245,3338433.689568807,0.0,0.0,51.6869374072962,25483.789568807,483.6832585618831
16586.0,3314841.4,3338433.689568807,3338743.5136859696,0.0,0.0,76.147363171265,23902.11368596973,309.82411716273054
16589.0,3314842.0500000007,3338743.5136859696,3338991.366927689,0.0,0.0,96.43393614773602,24149.316927688196,247.85324171930552
16590.0,3314842.0500000007,3338991.366927689,3339301.247928148,0.0,0.0,77.93093765639959,24459.19792814739,309.8810004591942
16595.0,3314842.7,3339301.247928148,3339559.058318181,0.0,0.0,94.87029566587118,24716.358318180777,257.81039003282785
16598.0,3314843.35,3339559.058318181,3339832.8547071735,0.0,0.0,90.27039549031895,24989.504707173444,273.79638899257407
16599.0,3314843.35,3339832.8547071735,3340106.705218247,0.0,0.0,91.25235738726529,25263.355218247045,273.8505110736005
16600.0,3314844.0,3340106.705218247,3340380.505028747,0.0,0.0,92.26706611711779,25536.505028747022,273.7998104998842
16603.0,3314844.0,3340380.505028747,3340658.3063007286,0.0,0.0,91.92364328138181,25814.306300728582,277.8012719815597
16609.0,3315902.85,3340658.3063007286,3340804.2307897694,0.0,0.0,169.645660323655,24901.380789769348,145.92448904085904
16610.0,3316005.5500000007,3340804.2307897694,3341084.065278902,0.0,0.0,88.61910076425605,25078.51527890144,279.83448913274333
16612.0,3316446.25,3341084.065278902,3341361.8571636365,0.0,0.0,88.69163079572309,24915.60716363648,277.7918847342953
16615.0,3316615.25,3341361.8571636365,3341607.6975539345,0.0,0.0,100.6612751209612,24992.44755393453,245.8403902980499
16618.0,3316617.2,3341607.6975539345,3341793.5799042745,0.0,0.0,134.4425520132557,25176.379904274363,185.8823503400199
16619.0,3316617.85,3341793.5799042745,3342053.4017189895,0.0,0.0,96.89613603806342,25435.551718989387,259.82181471493095
16621.0,3317067.0,3342053.4017189895,3343406.4583875416,0.0,0.0,18.46663358581074,26339.458387541585,1353.0566685521044
16531.0,3299234.9,3300113.013273614,3343496.013273614,0.0,0.0,0.02024095322163258,44261.113273614086,43383.0
16512.0,3255963.75,3280618.0571160144,3346685.4898085115,1.0,1.0,0.3731688384315604,90721.73980851145,66067.43269249704
16539.0,3301340.25,3346685.4898085115,3346903.4898085115,0.0,0.0,208.0056871950067,45563.239808511455,218.0
16540.0,3301347.4,3346903.4898085115,3346970.4898085115,0.0,0.0,679.9416389330082,45623.08980851155,67.0
16541.0,3301353.25,3346970.4898085115,3347182.4898085115,0.0,0.0,215.17565947411063,45829.239808511455,212.0
16542.0,3301393.5500000007,3347182.4898085115,3347343.4898085115,0.0,0.0,284.4033528478926,45949.93980851071,161.0
16543.0,3301455.95,3347343.4898085115,3348830.4898085115,0.0,0.0,30.859139077680744,47374.53980851127,1487.0
16570.0,3313134.5,3338084.1178561053,3349860.302877025,0.0,1.0,2.1186502939435305,36725.80287702521,11776.18502091989
16544.0,3301468.95,3348830.4898085115,3350320.4898085115,0.0,0.0,31.78626832785991,48851.53980851127,1490.0
16545.0,3301485.2,3350320.4898085115,3351809.4898085115,0.0,0.0,32.797373947959215,50324.28980851127,1489.0
15900.0,3037463.65,3039984.9887929605,3352334.4874808015,0.0,0.0,0.008072171729273131,314870.8374808016,312349.498687841
16623.0,3317603.9,3322970.200763819,3356620.796731487,0.0,0.0,0.1594711953682754,39016.89673148701,33650.59596766811
16250.0,3141320.65,3141337.874024515,3365530.5540778777,1.0,0.0,7.682688172974099e-05,224209.90407787776,224192.68005336262
16672.0,3359026.45,3365530.5540778777,3365756.4438919025,0.0,0.0,28.793259695913775,6729.993891902268,225.88981402479112
16513.0,3255998.85,3327604.120909354,3366154.120909354,0.0,0.0,1.8574648744320128,110155.27090935409,38550.0
16625.0,3320891.6,3322970.232248854,3367635.4459901275,1.0,0.0,0.04653805668309172,46743.84599012742,44665.21374127362
16558.0,3308478.5500000007,3322970.200763819,3369158.2383478205,0.0,0.0,0.31375333358691115,60679.68834781973,46188.037584001664
16624.0,3318126.5,3322970.2129118294,3371204.6393322074,2.0,1.0,0.10042024486027651,53078.139332207385,48234.42642037803
16546.0,3302122.85,3351809.4898085115,3371486.4898085115,0.0,0.0,2.5251125582411627,69363.63980851136,19677.0
16560.0,3308903.65,3331942.200763819,3376824.393711511,0.0,0.0,0.513311610924829,67920.74371151114,44882.19294769224
16548.0,3302408.85,3366154.120909354,3377563.4509188356,0.0,1.0,5.587117811158094,75154.6009188355,11409.330009481404
16562.0,3309057.0500000007,3377563.4509188356,3377623.4509188356,0.0,0.0,1141.7733486472473,68566.40091883484,60.0
16701.0,3377203.0500000007,3377563.4509188356,3377641.4509188356,0.0,0.0,4.620524600446702,438.40091883484274,78.0
16700.0,3377190.0500000007,3377563.4509188356,3377657.4509188356,0.0,0.0,3.9723502003706677,467.40091883484274,94.0
16704.0,3377652.85,3377652.85,3377704.85,0.0,0.0,0.0,52.0,52.0
16705.0,3377657.4,3377657.4509188356,3377709.4509188356,0.0,0.0,0.000979208378479458,52.05091883568093,52.0
16702.0,3377368.15,3377563.4509188356,3377889.4509188356,0.0,0.0,0.5990825731155857,521.3009188356809,326.0
16607.0,3315099.45,3322970.200763819,3382246.9504992184,1.0,0.0,0.13277972896544074,67147.50049921824,59276.749735399615
16549.0,3302423.15,3371486.4898085115,3382361.514012759,0.0,1.0,6.350637801940374,79938.36401275918,10875.024204247631
16530.0,3298300.2,3298300.2,3383107.312655858,0.0,0.0,0.0,84807.11265585804,84807.11265585804
16171.0,3100917.95,3197306.7506599864,3383273.1597832255,2.0,0.0,0.5183129636928666,282355.2097832253,185966.4091232391
16565.0,3311081.15,3383273.1597832255,3383512.9860760393,0.0,0.0,301.01791149016555,72431.83607603936,239.82629281375557
15828.0,3025265.1,3383273.1597832255,3383608.957605504,0.0,1.0,1066.141696077913,358343.8576055039,335.7978222784586
16529.0,3271910.85,3274102.076427643,3383777.059762267,0.0,2.0,0.01997927294830358,111866.20976226684,109674.98333462374
16718.0,3382594.15,3383608.957605504,3383816.856633925,0.0,0.0,4.881252275260619,1222.7066339249723,207.89902842091396
16583.0,3314761.45,3383816.856633925,3383912.867367203,2.0,0.0,719.2467370702423,69151.4173672027,96.01073327800259
16585.0,3314840.75,3383912.867367203,3384037.8129849513,0.0,1.0,552.8174465972729,69197.0629849513,124.94561774842441
16587.0,3314842.0500000007,3383912.944606056,3384044.9314963864,1.0,1.0,523.3163265921937,69202.88149638567,131.98689033044502
16588.0,3314842.0500000007,3384044.9314963864,3384168.9314963864,0.0,0.0,558.0877540031103,69326.88149638567,124.0
16591.0,3314842.7,3384168.9314963864,3384292.9314963864,0.0,0.0,559.0825120676309,69450.23149638623,124.0
16592.0,3314842.7,3384292.9314963864,3384410.9314963864,0.0,0.0,588.5612838676799,69568.23149638623,118.0
16593.0,3314842.7,3384410.9314963864,3384539.8521782057,0.0,1.0,539.6204124477482,69697.15217820555,128.92068181931973
16594.0,3314842.7,3384539.8521782057,3384657.8521782057,0.0,0.0,590.6538320186911,69815.15217820555,118.0
16596.0,3314843.35,3384657.8521782057,3384801.0317954607,0.0,1.0,487.60084372812616,69957.68179546064,143.1796172549948
16597.0,3314843.35,3384801.0317954607,3384919.0317954607,0.0,0.0,592.8617101310224,70075.68179546064,118.0
16601.0,3314844.0,3384919.0317954607,3385069.1148556657,0.0,1.0,466.9083352894895,70225.11485566571,150.08306020498276
16602.0,3314844.0,3385069.1148556657,3385208.1148556657,0.0,0.0,505.2166536378828,70364.11485566571,139.0
16604.0,3314844.65,3385208.1148556657,3385350.673297051,0.0,1.0,493.5762777144807,70506.02329705097,142.55844138516113
16608.0,3315741.65,3385350.673297051,3385466.673297051,0.0,0.0,600.0777870435428,69725.02329705097,116.0
16616.0,3316615.9,3385466.673297051,3385592.673297051,0.0,0.0,546.4347087067537,68976.77329705097,126.0
16617.0,3316616.5500000007,3385592.673297051,3385707.673297051,0.0,0.0,599.7923764960881,69091.12329705013,115.0
16631.0,3320892.25,3343496.052824676,3386575.913521406,2.0,1.0,0.5246953555351661,65683.66352140578,43079.86069672974
16723.0,3389441.25,3389441.25,3389481.3575711544,1.0,0.0,0.0,40.10757115436718,40.10757115436718
16552.0,3304059.85,3383608.957605504,3391064.4580935617,0.0,1.0,10.669854791496041,87004.6080935616,7455.500488057733
16724.0,3389500.4,3391064.4580935617,3391416.676816585,1.0,1.0,4.440587598911598,1916.2768165851012,352.2187230233103
16557.0,3308414.85,3377563.4509188356,3393652.3447087947,0.0,0.0,4.297908968855907,85237.49470879463,16088.89378995914
16638.0,3322104.5,3349785.8921069587,3394607.4392315648,2.0,0.0,0.6175911784125399,72502.93923156476,44821.54712460609
16725.0,3394949.35,3394949.35,3395092.8893100913,1.0,0.0,0.0,143.53931009117514,143.53931009117514
16646.0,3322120.75,3352334.4874808015,3395284.786202158,2.0,0.0,0.7034581453511115,73164.03620215785,42950.29872135632
16726.0,3395197.65,3395197.65,3395299.0765380813,1.0,0.0,0.0,101.42653808137402,101.42653808137402
16719.0,3382640.95,3395284.8326056837,3395454.3984063324,0.0,1.0,74.56623067455976,12813.448406332172,169.5658006486483
16584.0,3314817.35,3391064.4580935617,3395563.7787505733,0.0,0.0,16.94636010766219,80746.42875057319,4499.320657011587
16727.0,3395278.9,3395284.786202158,3395864.786202158,0.0,0.0,0.010148624410242613,585.8862021579407,580.0
16647.0,3322120.75,3352334.4874808015,3396745.4093415583,2.0,1.0,0.6803222318944823,74624.65934155835,44410.92186075682
16605.0,3314886.9,3393652.3447087947,3399998.075490871,0.0,0.0,12.412352085794549,85111.17549087107,6345.730782076251
16538.0,3300825.45,3300902.71977312,3401761.329889507,0.0,2.0,0.0007661197495229047,100935.87988950685,100858.61011638725
16699.0,3376780.5500000007,3382361.54202086,3402772.54202086,0.0,0.0,0.27343060216840837,25991.992020859383,20411.0
16622.0,3317293.2,3343496.013273614,3403219.4368426264,2.0,1.0,0.43873595496975437,85926.23684262624,59723.42356901243
16720.0,3382783.95,3403219.445235952,3403343.445235952,0.0,0.0,164.80238093509368,20559.495235951617,124.0
15532.0,2889742.7,2897372.047556367,3405898.143131176,0.0,5.0,0.015002863417938859,516155.4431311758,508526.09557480924
16721.0,3382912.0,3405898.1589851496,3406205.0795458034,0.0,1.0,74.89286131950755,23293.079545803368,306.9205606537871
16620.0,3316742.0,3405898.143131176,3408358.849217561,0.0,0.0,36.23193506305832,91616.84921756107,2460.706086385064
16606.0,3315035.75,3391064.4580935617,3409840.5755892,1.0,1.0,4.049224133329115,94804.82558920002,18776.11749563832
15750.0,2987825.1,3248319.825119754,3409848.825119754,0.0,0.0,1.612680850619726,422023.72511975374,161529.0
15844.0,3029867.1,3409848.825119754,3410086.719253529,0.0,0.0,1597.2723626682327,380219.61925352877,237.89413377502933
16661.0,3322296.25,3408358.849217561,3410095.863173915,0.0,0.0,49.546291152551746,87799.61317391507,1737.0139563539997
16213.0,3135369.9,3410086.719253529,3410210.719253529,0.0,0.0,2215.458219786524,274840.81925352896,124.0
16215.0,3135643.5500000007,3410210.719253529,3410320.719253529,0.0,0.0,2496.065175032074,274677.1692535281,110.0
16649.0,3322121.4,3367635.512920734,3411933.7535037673,1.0,0.0,1.0274474182653315,89812.3535037674,44298.2405830333
16665.0,3322384.0,3410095.863173915,3412056.688358933,0.0,0.0,44.73211780636338,89672.6883589332,1960.825185018126
16650.0,3322121.4,3369158.2383478205,3412373.142913318,2.0,0.0,1.0884401763870766,90251.74291331787,43214.9045654973
16636.0,3322103.85,3346903.5681860046,3412612.2913099206,0.0,2.0,0.3774189636775671,90508.44130992051,65708.72312391596
16611.0,3316428.7,3395563.7787505733,3413484.3430690076,0.0,0.0,4.4158809591263415,97055.64306900743,17920.564318434335
16559.0,3308641.7,3382361.514012759,3413742.514012759,0.0,0.0,2.349186259608008,105100.8140127589,31381.0
16722.0,3383152.5,3413484.3513868037,3413857.3762915307,1.0,0.0,81.31320724819113,30704.876291530672,373.02490472700447
16614.0,3316528.8000000007,3399998.075490871,3416080.5792264086,0.0,0.0,5.190067222333516,99551.77922640787,16082.50373553764
16730.0,3414624.85,3416217.7417805535,3416318.4447064004,1.0,0.0,15.817730886736012,1693.5947064002976,100.70292584691197
16736.0,3416170.5500000007,3416217.7051197537,3416529.5352463536,0.0,1.0,0.15122053878227187,358.9852463528514,311.83012659987435
16683.0,3375101.6,3413484.3430690076,3417574.1218801304,0.0,0.0,9.38504130458596,42472.52188013028,4089.7788111227565
16686.0,3375198.45,3416080.5792264086,3420157.7104891096,0.0,0.0,10.02718004210759,44959.26048910944,4077.1312627010047
16763.0,3419021.45,3420158.7197699123,3420195.912170581,1.0,0.0,30.57801457994489,1174.4621705808677,37.19240066874772
16759.0,3418651.6,3420157.962175463,3420224.962175463,0.0,0.0,22.48301754422041,1573.3621754627675,67.0
16740.0,3417742.9,3420157.7578584226,3420235.7578584226,0.0,0.0,30.959716133624077,2492.857858422678,78.0
16758.0,3418578.8000000007,3420157.8516319105,3420235.8516319105,0.0,0.0,20.24425169115122,1657.051631909795,78.0
16761.0,3418965.5500000007,3420158.3011110993,3420241.3011110993,0.0,0.0,14.370495314440545,1275.7511110985652,83.0
16760.0,3418958.4,3420158.1217152043,3420257.1217152043,0.0,0.0,12.118401163680987,1298.7217152044177,99.0
16688.0,3375327.8000000007,3417574.1218801304,3420828.607734845,0.0,0.0,12.98095114438094,45500.807734844275,3254.485854714643
16762.0,3418972.7,3420158.506964147,3420970.506964147,0.0,0.0,1.4603534041218038,1997.8069641469046,812.0
16653.0,3322149.35,3369186.2209093543,3421017.6912850398,1.0,0.0,0.9074963640510479,98868.34128503967,51831.47037568549
16780.0,3420797.9,3420828.626944638,3421057.312815425,1.0,0.0,0.1343631092388412,259.4128154250793,228.6858707871288
16782.0,3421421.25,3421421.25,3421535.25,0.0,0.0,0.0,114.0,114.0
16783.0,3421431.65,3421535.25,3421577.8611571877,1.0,0.0,2.431288114135842,146.21115718781948,42.61115718772635
16764.0,3419050.0500000007,3421017.6912850398,3421607.387147383,0.0,0.0,3.336705258912429,2557.337147382088,589.6958623430692
16784.0,3421955.5500000007,3421955.5500000007,3422309.266632697,2.0,0.0,0.0,353.7166326963343,353.7166326963343
16787.0,3422212.95,3422309.266632697,3422500.266632697,0.0,0.0,0.5042755638580789,287.31663269689307,191.0
16788.0,3422484.65,3422500.266632697,3422598.266632697,0.0,0.0,0.15935339486910677,113.61663269717246,98.0
16786.0,3422157.7,3422309.266632697,3422616.266632697,0.0,0.0,0.49370238663483085,458.56663269689307,307.0
16789.0,3422738.8000000007,3422738.8000000007,3422826.86869214,0.0,2.0,0.0,88.06869213934988,88.06869213934988
16790.0,3422842.8000000007,3422842.8000000007,3423014.265583276,2.0,0.0,0.0,171.46558327507228,171.46558327507228
16561.0,3308965.4,3409848.825119754,3423223.1771679763,0.0,1.0,7.5430514133327415,114257.77716797637,13374.352048222441
16785.0,3422101.8000000007,3423223.2094416814,3423620.198848987,1.0,1.0,2.824784291580297,1518.3988489862531,396.9894073056057
16793.0,3423615.65,3423620.2449610145,3423719.2449610145,0.0,0.0,0.04641374762198239,103.59496101457626,99.0
16792.0,3423464.2,3423620.198848987,3423853.198848987,0.0,0.0,0.6695229570249439,388.99884898681194,233.0
16794.0,3423683.25,3423719.2449610145,3423912.2449610145,0.0,0.0,0.18650238867607835,228.99496101448312,193.0
16791.0,3423006.6,3423014.265583276,3424286.0878840466,2.0,0.0,0.006027243956233893,1279.4878840465099,1271.8223007707857
16800.0,3424067.4,3424067.4,3425254.9736206713,2.0,0.0,0.0,1187.5736206714064,1187.5736206714064
16690.0,3375713.25,3383273.1597832255,3425808.097030285,0.0,0.0,0.17773412334699443,50094.847030284815,42534.93724705931
16799.0,3424021.25,3425808.1880243407,3425910.1880243407,0.0,0.0,17.519000238633954,1888.938024340663,102.0
16744.0,3418403.3000000007,3425808.097030285,3426015.998818796,0.0,0.0,35.6168029303948,7612.698818795383,207.9017885113135
16796.0,3423813.9,3425808.097030285,3426150.097030285,0.0,0.0,5.83098546866932,2336.1970302849077,342.0
16747.0,3418404.6,3426015.998818796,3426201.922062862,0.0,0.0,40.93839292138859,7797.322062862106,185.92324406607077
16781.0,3420840.8000000007,3421017.709162769,3426233.709162769,0.0,0.0,0.03391663396628888,5392.909162768163,5216.0
16797.0,3423872.4,3425910.1880243407,3426259.9260827866,0.0,0.0,5.826612160527957,2387.5260827867314,349.7380584459752
16807.0,3426257.25,3426257.25,3426356.25,0.0,0.0,0.0,99.0,99.0
16748.0,3418464.4,3426201.922062862,3426387.793082556,0.0,0.0,41.62844791834492,7923.393082556315,185.87101969402283
16808.0,3426323.5500000007,3426323.5500000007,3426395.5500000007,0.0,0.0,0.0,72.0,72.0
16809.0,3426359.95,3426359.95,3426446.95,0.0,0.0,0.0,87.0,87.0
16811.0,3426446.4,3426446.4,3426497.0786909144,1.0,0.0,0.0,50.67869091453031,50.67869091453031
16750.0,3418465.7,3426387.793082556,3426605.6510796286,0.0,0.0,36.36356337161907,8139.95107962843,217.85799707239494
16656.0,3322150.0,3376824.393711511,3426637.3515307945,1.0,0.0,1.0975938009917898,104487.35153079452,49812.957819283474
16755.0,3418492.35,3426605.6510796286,3426823.5207736306,0.0,0.0,37.23923658494266,8331.170773630496,217.86969400197268
16814.0,3426822.75,3426823.5697125522,3426921.5697125522,0.0,0.0,0.008364413798387562,98.81971255224198,98.0
16813.0,3426814.3000000007,3426814.3000000007,3426929.3000000007,0.0,0.0,0.0,115.0,115.0
16756.0,3418493.0,3426823.5207736306,3427041.4152525086,0.0,0.0,38.231903885433645,8548.415252508596,217.89447887800634
16810.0,3426375.5500000007,3426814.3052224484,3427255.3052224484,0.0,0.0,0.994909801468667,879.7552224476822,441.0
16802.0,3424688.15,3424688.15,3427289.2700154977,0.0,2.0,0.0,2601.120015497785,2601.120015497785
16815.0,3427255.65,3427289.2700154977,3427361.2700154977,0.0,0.0,0.4669446596914592,105.62001549778506,72.0
16258.0,3141620.3000000007,3156552.4236838277,3427529.2565378835,0.0,0.0,0.05510479817242983,285908.9565378828,270976.8328540558
16765.0,3419104.65,3427041.4152525086,3427784.8607118665,0.0,0.0,10.675652332806257,8680.210711866617,743.4454593579285
16766.0,3419105.3000000007,3427255.3052224484,3427998.844783737,0.0,0.0,10.96109157705754,8893.544783736113,743.5395612884313
16767.0,3419105.95,3427529.2565378835,3428272.923065716,0.0,0.0,11.326725383802401,9166.973065715749,743.6665278323926
16768.0,3419105.95,3427784.8607118665,3428528.354343994,0.0,0.0,11.673147336892928,9422.404343993869,743.4936321275309
16805.0,3425363.5,3425363.5,3428540.8184872842,0.0,1.0,0.0,3177.3184872842394,3177.3184872842394
16769.0,3419106.6,3427998.844783737,3428722.482340524,0.0,0.0,12.288257706271533,9615.88234052388,723.6375567871146
16774.0,3419124.8000000007,3428272.923065716,3429016.393713661,0.0,0.0,12.304619006816658,9891.593713660259,743.4706479450688
16775.0,3419134.5500000007,3428528.354343994,3429333.9666590984,0.0,0.0,11.660452761048747,10199.416659097653,805.612315104343
16777.0,3419136.5,3428722.482340524,3429527.947984056,0.0,0.0,11.90116849489415,10391.447984056082,805.4656435321085
16822.0,3429303.8000000007,3429333.976002651,3429660.976002651,0.0,0.0,0.09228135366989614,357.17600265005603,327.0
16823.0,3429325.25,3429334.0039247684,3429671.0039247684,0.0,0.0,0.02597603788848093,345.7539247684181,337.0
16779.0,3419137.8000000007,3429016.393713661,3429821.8124671904,0.0,0.0,12.265164761027949,10684.012467189692,805.4187535294332
16743.0,3418402.65,3429990.2312064203,3430111.3266482446,0.0,1.0,95.68965628973864,11708.676648244727,121.0954418242909
16745.0,3418403.3000000007,3430111.3266482446,3430278.9655956454,0.0,1.0,69.84073110562193,11875.66559564462,167.6389474007301
16657.0,3322150.0,3378085.083805168,3430287.3152444935,2.0,0.0,1.0715075249260415,108137.31524449354,52202.23143932549
16746.0,3418403.95,3430278.9655956454,3430402.276478135,1.0,0.0,96.30144035860486,11998.32647813484,123.31088248966262
16749.0,3418465.0500000007,3430402.276478135,3430500.6781361555,1.0,0.0,121.3112331466378,12035.62813615473,98.40165802044794
16798.0,3423904.9,3429333.9666590984,3430533.1831859164,0.0,0.0,4.527177984699718,6628.283185916487,1199.216526817996
16751.0,3418466.35,3430500.6781361555,3430615.68370289,2.0,0.0,104.64126631324567,12149.333702889737,115.00556673435494
16648.0,3322120.75,3367635.4459901275,3432073.374259941,2.0,0.0,0.7063339435673539,109952.62425994081,64437.9282698133
16827.0,3431100.4,3432073.38981127,3432128.029059245,0.0,1.0,17.807525676743456,1027.6290592448786,54.63924797484651
16829.0,3431100.4,3432073.410749668,3432151.410749668,0.0,0.0,12.474496790613884,1051.010749667883,78.0
16826.0,3430995.75,3432073.374259941,3432166.374259941,0.0,0.0,11.587357633772196,1170.6242599408142,93.0
16832.0,3431101.0500000007,3432073.437155295,3432166.437155295,0.0,0.0,10.455775863380842,1065.3871552944183,93.0
16833.0,3431101.0500000007,3432166.437155295,3432352.3584118336,0.0,0.0,5.730313871205539,1251.3084118328989,185.92125653848052
16812.0,3426520.5,3432166.374259941,3432570.374259941,0.0,0.0,13.974936286982214,6049.874259940814,404.0
16816.0,3427678.8000000007,3429527.947984056,3432599.780314186,0.0,0.0,0.6019690482185452,4920.980314185377,3071.8323301300406
15583.0,2917322.2,2927913.0705681914,3432896.6145256893,0.0,0.0,0.02097270434832734,515574.4145256891,504983.5439574979
16801.0,3424510.7,3426150.097030285,3433301.319688553,0.0,0.0,0.229247096423319,8790.619688552804,7151.222658268176
16668.0,3322918.3000000007,3385707.673297051,3433332.0789672146,0.0,0.0,1.3184284908858648,110413.77896721382,47624.40567016369
16752.0,3418467.0,3433332.0789672146,3433441.0789672146,0.0,0.0,136.3768712588492,14974.078967214562,109.0
16753.0,3418491.0500000007,3433441.0789672146,3433550.0789672146,0.0,0.0,137.1562290570075,15059.028967213817,109.0
16754.0,3418491.7,3433550.0789672146,3433659.0789672146,0.0,0.0,138.15026575426032,15167.378967214376,109.0
16757.0,3418493.0,3433659.0789672146,3433783.0789672146,0.0,0.0,122.30708844527872,15290.078967214562,124.0
16770.0,3419122.85,3433783.0789672146,3434155.0789672146,0.0,0.0,39.40921765380234,15032.228967214469,372.0
16732.0,3415135.75,3416318.4447064004,3434318.4447064004,0.0,0.0,0.06570526146668837,19182.69470640039,18000.0
16771.0,3419123.5,3434155.0789672146,3434495.6177097824,1.0,0.0,44.140583987204856,15372.11770978244,340.5387425678782
16564.0,3310516.95,3377623.4509188356,3434671.916739316,0.0,0.0,1.1763068463577144,124154.966739316,57048.465820480604
16772.0,3419124.15,3434671.916739316,3435016.759869371,2.0,1.0,45.086491173078535,15892.609869371168,344.84313005488366
16825.0,3429990.2,3429990.2,3435307.6543539134,2.0,0.0,0.0,5317.454353913199,5317.454353913199
16773.0,3419124.15,3435016.759869371,3435369.9064371204,2.0,0.0,45.002872237037444,16245.756437120494,353.1465677493252
16703.0,3377452.65,3435369.9064371204,3435473.9064371204,0.0,0.0,556.896696510774,58021.25643712049,104.0
16843.0,3436256.85,3436256.85,3436324.85,0.0,0.0,0.0,68.0,68.0
16844.0,3436564.3000000007,3436564.3000000007,3436653.3000000007,0.0,0.0,0.0,89.0,89.0
16848.0,3436590.3000000007,3436653.45033803,3436731.45033803,0.0,0.0,0.809619718320811,141.15033802902326,78.0
16845.0,3436569.5,3436653.3000000007,3436742.3000000007,0.0,0.0,0.9415730337162366,172.80000000074506,89.0
16846.0,3436576.65,3436653.3232666273,3436752.3232666273,0.0,0.0,0.7744774406804054,175.67326662736014,99.0
16847.0,3436582.5,3436653.383029622,3436752.383029622,0.0,0.0,0.7159901982022807,169.8830296220258,99.0
16853.0,3436691.0500000007,3436731.755040677,3436783.755040677,0.0,0.0,0.7827892437702618,92.70504067605361,52.0
16854.0,3436699.5,3436731.9077580357,3436798.9077580357,0.0,0.0,0.4836978811298066,99.40775803569704,67.0
16851.0,3436675.45,3436731.552253648,3436804.552253648,0.0,0.0,0.7685240225751616,129.1022536479868,73.0
16852.0,3436680.0,3436731.645594755,3436804.645594755,0.0,0.0,0.7074739007559949,124.64559475518763,73.0
16850.0,3436667.0,3436731.4917913866,3436820.4917913866,0.0,0.0,0.7246268695126172,153.49179138662294,89.0
16849.0,3436661.15,3436731.45033803,3436836.45033803,0.0,0.0,0.6695270288558234,175.30033802986145,105.0
16855.0,3436880.85,3436880.85,3436938.85,0.0,0.0,0.0,58.0,58.0
16856.0,3436898.4,3436938.85,3436987.6866740915,1.0,0.0,0.828270981854276,89.28667409159243,48.83667409140617
16626.0,3320891.6,3331942.200763819,3437892.0185148576,0.0,0.0,0.10430032819674544,117000.41851485753,105949.81775103882
16566.0,3311245.6,3383512.9860760393,3438301.598826903,0.0,0.0,1.319022009275093,127055.99882690283,54788.61275086366
16869.0,3438181.5,3438181.5,3438332.5,0.0,0.0,0.0,151.0,151.0
16821.0,3428256.0,3432896.6145256893,3438352.058975346,1.0,0.0,0.8506391309660115,10096.05897534592,5455.444449656643
16872.0,3438203.6,3438301.598826903,3438384.598826903,0.0,0.0,1.180708757865366,180.99882690282539,83.0
16873.0,3438208.15,3438301.598826903,3438384.598826903,0.0,0.0,1.1258894807591766,176.44882690301165,83.0
16870.0,3438189.95,3438301.598826903,3438405.598826903,0.0,0.0,1.0735464125262717,215.64882690273225,104.0
16871.0,3438193.85,3438301.598826903,3438405.598826903,0.0,0.0,1.0360464125271671,211.74882690282539,104.0
16858.0,3436917.25,3438301.6233235677,3438516.6233235677,0.0,0.0,6.438945691012452,1599.3733235676773,215.0
16874.0,3438308.9,3438332.5,3438570.5,0.0,0.0,0.09915966386593753,261.60000000009313,238.0
16875.0,3438318.0,3438332.5273400345,3438658.5273400345,0.0,0.0,0.044562392743830025,340.5273400344886,326.0
16776.0,3419135.85,3438301.598826903,3438704.598826903,0.0,0.0,47.55768939678121,19568.748826902825,403.0
16857.0,3436911.4,3438301.598826903,3438753.414290434,0.0,0.0,3.076917323806281,1842.0142904343084,451.8154635312967
16828.0,3431100.4,3438704.598826903,3438782.598826903,0.0,0.0,97.4897285500386,7682.198826903012,78.0
16778.0,3419137.15,3438352.058975346,3438786.058975346,0.0,0.0,44.27398381416132,19648.908975346014,434.0
16859.0,3436922.45,3438516.6233235677,3438813.6233235677,0.0,0.0,5.36758694803869,1891.173323567491,297.0
16882.0,3438809.4,3438813.7903821636,3438854.743350904,1.0,0.0,0.10720546760665894,45.34335090406239,40.952968740370125
16881.0,3438802.25,3438813.700870484,3438865.700870484,0.0,0.0,0.22020904777141717,63.45087048411369,52.0
16879.0,3438784.7,3438786.058975346,3438871.058975346,0.0,0.0,0.015987945243935375,86.3589753457345,85.0
16880.0,3438793.8000000007,3438813.6503545386,3438881.6503545386,0.0,0.0,0.2919169784975512,87.85035453783348,68.0
16834.0,3431101.0500000007,3438782.598826903,3438968.490838618,0.0,0.0,41.322640795748804,7867.440838617273,185.89201171509922
16860.0,3436927.0,3438753.414290434,3439139.168973208,0.0,0.0,4.734652285492935,2212.1689732079394,385.7546827737242
16861.0,3436939.35,3438813.6233235677,3439149.124422669,1.0,0.0,5.5864893694486915,2209.774422668852,335.50109910126776
16883.0,3438942.0,3439149.1882865163,3439576.1882865163,0.0,0.0,0.485218469593325,634.1882865163498,427.0
16890.0,3439185.75,3439576.194358979,3439623.194358979,0.0,0.0,8.307326786784811,437.44435897888616,47.0
16892.0,3439382.0500000007,3439576.222098405,3439643.222098405,0.0,0.0,2.8980910209591375,261.1720984042622,67.0
16884.0,3438948.5,3439576.1882865163,3440023.1882865163,0.0,0.0,1.4042243546227064,1074.6882865163498,447.0
16885.0,3438955.65,3440023.1882865163,3440459.1882865163,0.0,0.0,2.4484823085239515,1503.538286516443,436.0
16886.0,3438960.85,3440459.1882865163,3440884.1882865163,0.0,0.0,3.5255018506264864,1923.3382865162566,425.0
16659.0,3322150.65,3382341.487014062,3440900.487014062,0.0,0.0,1.0278665450923319,118749.83701406186,58559.0
16627.0,3320891.6,3335237.6197731197,3441416.701289674,0.0,0.0,0.13511154521413846,120525.10128967371,106179.08151655411
16864.0,3437014.75,3439149.124422669,3441519.2023524293,1.0,2.0,0.9005503135016242,4504.4523524292745,2370.0779297603294
16867.0,3437729.75,3441519.2023524293,3441679.1148152314,0.0,0.0,23.697042031789696,3949.3648152314126,159.91246280213818
16862.0,3436950.4,3438968.490838618,3441887.3848043447,0.0,1.0,0.6913888830201702,4936.984804344829,2918.8939657267183
16893.0,3439517.9,3441679.1148152314,3442125.4537139973,1.0,0.0,4.842093801833884,2607.5537139973603,446.33889876585454
16658.0,3322150.65,3378085.083805168,3443030.8767240057,0.0,1.0,0.8612479930003945,120880.22672400577,64945.79291883763
16863.0,3436988.75,3438968.490838618,3443133.8184911595,0.0,0.0,0.47529054224824024,6145.068491159473,4165.327652541455
16865.0,3437038.8000000007,3439139.168973208,3443344.119730679,0.0,0.0,0.49949906535183086,6305.319730678108,4204.950757470913
16733.0,3415537.45,3423223.1771679763,3444944.084366074,1.0,1.0,0.35384006284273656,29406.634366073646,21720.907198097557
16900.0,3446703.65,3446703.65,3446911.5079510068,0.0,0.0,0.0,207.8579510068521,207.8579510068521
16901.0,3446779.7,3446911.5079510068,3447159.3985550455,0.0,0.0,0.5317182210987839,379.6985550452955,247.8906040387228
16902.0,3446859.65,3447159.3985550455,3447389.286786566,0.0,0.0,1.3038882115146104,529.6367865661159,229.888231520541
16903.0,3446896.0500000007,3447389.286786566,3447699.074057533,0.0,0.0,1.592178997625604,803.024057532195,309.7872709669173
16645.0,3322120.75,3351809.5379733,3448688.4837880945,0.0,3.0,0.3064524260003489,126567.73378809448,96878.9458147944
16899.0,3446504.75,3449521.4234497542,3449646.4234497542,0.0,0.0,24.133387598033995,3141.6734497542493,125.0
16628.0,3320891.6,3343406.4583875416,3449762.8171183495,0.0,1.0,0.21169264025414294,128871.21711834939,106356.3587308079
16904.0,3447886.0,3449646.4234497542,3449794.644459972,0.0,1.0,11.877016943590812,1908.644459972158,148.22101021790877
16629.0,3320892.25,3343406.4583875416,3449828.0719474815,0.0,0.0,0.2115567283224934,128935.82194748148,106421.6135599399
16907.0,3449249.7,3449794.644459972,3449911.4827189846,1.0,0.0,4.664092606121066,661.7827189844102,116.83825901243836
16909.0,3449635.8000000007,3449911.4827189846,3450044.061304733,0.0,1.0,2.0793910074338244,408.2613047324121,132.57858574856073
16910.0,3449782.0500000007,3450044.061304733,3450177.061304733,0.0,0.0,1.970009810018136,395.0113047324121,133.0
16630.0,3320892.25,3343496.013273614,3451474.118674857,0.0,0.0,0.2093365427150176,130581.86867485708,107978.10540124308
16632.0,3320892.25,3344264.017856105,3452743.790470427,0.0,0.0,0.21544816414023027,131851.5404704269,108479.77261432167
16795.0,3423752.15,3443133.8184911595,3452885.5882456065,0.0,0.0,1.9875026768675559,29133.43824560661,9751.769754447043
16643.0,3322119.45,3349860.302877025,3453387.313695692,0.0,0.0,0.2679576340286174,131267.8636956918,103527.01081866678
16731.0,3415088.3000000007,3430615.68370289,3453936.6228898102,1.0,1.0,0.6658129665548652,38848.3228898095,23320.939186920412
16735.0,3415608.95,3434495.6177097824,3454078.767839567,1.0,0.0,0.9644346075383031,38469.81783956662,19583.150129784364
16644.0,3322120.1,3350320.5760142906,3454163.3028756566,0.0,1.0,0.271569101338596,132043.20287565654,103842.72686136607
16651.0,3322121.4,3352334.4874808015,3457077.6665847073,0.0,0.0,0.2884492120563772,134956.26658470742,104743.1791039058
16633.0,3320892.25,3346685.4898085115,3457241.5952254976,0.0,1.0,0.23330452634186682,136349.34522549761,110556.10541698616
16640.0,3322104.5,3346970.5366264326,3457800.2356923986,0.0,2.0,0.22436257461668502,135695.73569239862,110829.69906596607
16729.0,3414459.75,3414459.75,3457901.657334066,0.0,0.0,0.0,43441.907334065996,43441.907334065996
16634.0,3322103.2,3346685.4898085115,3458155.716126668,0.0,1.0,0.22052785412266887,136052.51612666762,111470.22631815635
16635.0,3322103.85,3346685.4898085115,3458399.557092861,0.0,0.0,0.22004068427607185,136295.7070928607,111714.06728434935
16642.0,3322105.15,3349860.302877025,3461341.142718174,0.0,1.0,0.24896792055544392,139235.99271817412,111480.83984114882
16256.0,3141604.7,3148677.5054414435,3462725.554042113,0.0,0.0,0.022521411844328414,321120.8540421128,314048.0486006695
16639.0,3322104.5,3349785.8921069587,3465034.6785657723,0.0,0.0,0.24018814390597643,142930.17856577225,115248.78645881359
16637.0,3322103.85,3349785.8921069587,3467385.03807347,0.0,1.0,0.2353932239851606,145281.1880734698,117599.14596651122
16734.0,3415594.0,3423620.198848987,3468307.7315417947,0.0,0.0,0.17960711557205264,52713.731541794725,44687.53269280773
15659.0,2971614.75,2972835.8555444223,3469168.8156227055,0.0,2.0,0.0024602547939385102,497554.0656227055,496332.9600782832
16914.0,3469339.25,3469339.25,3469581.291121949,2.0,0.0,0.0,242.04112194897607,242.04112194897607
16915.0,3469536.2,3469581.291121949,3470749.291121949,0.0,0.0,0.03860541262738853,1213.0911219487898,1168.0
16916.0,3470152.4,3470749.291121949,3470816.291121949,0.0,0.0,8.908822715657749,663.8911219490692,67.0
16671.0,3323603.4,3409840.5755892,3470981.2411608906,2.0,1.0,1.4104716522603542,147377.84116089065,61140.66557169054
16698.0,3376525.75,3470981.2411608906,3472222.340388206,0.0,0.0,76.10631695034945,95696.59038820583,1241.0992273152806
16943.0,3472413.1,3472431.3737919163,3472490.7750620865,1.0,0.0,0.30763301632834206,77.67506208643317,59.40127017023042
16937.0,3472396.2,3472431.289747598,3472503.289747598,0.0,0.0,0.4873576055267929,107.08974759792909,72.0
16940.0,3472412.45,3472431.289747598,3472503.289747598,0.0,0.0,0.2616631610823485,90.83974759792909,72.0
16935.0,3472396.2,3472431.289747598,3472513.289747598,0.0,0.0,0.4279237511942572,117.08974759792909,82.0
16936.0,3472396.2,3472431.289747598,3472513.289747598,0.0,0.0,0.4279237511942572,117.08974759792909,82.0
16941.0,3472413.1,3472431.289747598,3472513.289747598,0.0,0.0,0.2218261902197832,100.18974759802222,82.0
16942.0,3472413.1,3472431.327993185,3472513.327993185,0.0,0.0,0.22229259981342206,100.22799318470061,82.0
16924.0,3471429.65,3472222.502874719,3472525.2649919773,1.0,1.0,2.61873209864867,1095.6149919773452,302.76211725827307
16934.0,3472392.3000000007,3472431.289747598,3472526.289747598,0.0,0.0,0.4104183957617926,133.9897475973703,95.0
16938.0,3472412.45,3472431.289747598,3472534.289747598,0.0,0.0,0.1829101708536805,121.83974759792909,103.0
16939.0,3472412.45,3472431.289747598,3472534.289747598,0.0,0.0,0.1829101708536805,121.83974759792909,103.0
16923.0,3471420.5500000007,3472222.4121204624,3472575.533111842,0.0,4.0,2.2707857647576484,1154.9831118411385,353.12099137948826
16652.0,3322149.35,3356620.796731487,3472871.8813869916,0.0,0.0,0.2965258073388182,150722.5313869915,116251.08465550467
16925.0,3471452.4,3472525.2649919773,3472894.2649919773,0.0,0.0,2.9074932031906373,1441.8649919773452,369.0
16927.0,3471598.65,3472222.6229469553,3472923.6229469553,0.0,0.0,0.8901183266124918,1324.9729469553567,701.0
16945.0,3472792.7,3472871.8813869916,3473289.519576958,1.0,0.0,0.189593262526563,496.8195769577287,417.6381899663247
16738.0,3417653.2,3472222.340388206,3473547.690073087,0.0,0.0,41.17339069885045,55894.490073086694,1325.3496848810464
16641.0,3322104.5,3349860.302877025,3473811.3452498238,0.0,2.0,0.22392553015848063,151706.84524982376,123951.04237279855
16950.0,3473964.0,3473964.0,3474116.0,0.0,0.0,0.0,152.0,152.0
16952.0,3474368.95,3474368.95,3474431.7724230867,1.0,0.0,0.0,62.82242308650166,62.82242308650166
16954.0,3474871.4,3474871.4,3474938.4,0.0,0.0,0.0,67.0,67.0
16955.0,3475020.9,3475020.9,3475087.9,0.0,0.0,0.0,67.0,67.0
16956.0,3475123.6,3475123.6,3475207.6,0.0,0.0,0.0,84.0,84.0
16960.0,3475204.2,3475207.63664737,3475276.63664737,0.0,0.0,0.04980648362307229,72.43664736999199,69.0
16957.0,3475150.9,3475207.6,3475303.6,0.0,0.0,0.5906250000019403,152.70000000018626,96.0
16959.0,3475177.5500000007,3475207.6065282105,3475316.6065282105,0.0,0.0,0.2757479652266847,139.05652820970863,109.0
16961.0,3475225.0,3475276.63664737,3475344.63664737,0.0,0.0,0.7593624613261508,119.63664737017825,68.0
16253.0,3141485.75,3241273.206310245,3476207.2729830574,0.0,1.0,0.42474664370075,334721.5229830574,234934.06667281222
16824.0,3429870.6,3458155.716126668,3476255.3294799365,1.0,0.0,1.5627469810872807,46384.72947993642,18099.61335326871
16868.0,3437735.6,3476255.3294799365,3476335.3294799365,0.0,0.0,481.4966184992052,38599.72947993642,80.0
16877.0,3438628.0500000007,3476335.3294799365,3476483.259280438,0.0,0.0,254.8998197259003,37855.209280437324,147.92980050155893
16964.0,3475853.5500000007,3475853.5500000007,3476554.5500000007,0.0,0.0,0.0,701.0,701.0
16930.0,3471882.7,3476255.3294799365,3477330.8159526736,0.0,0.0,4.065722434247139,5448.115952673368,1075.486472737044
16967.0,3477029.4,3477330.8159526736,3477410.395310994,2.0,0.0,3.7876147663918918,380.99531099386513,79.57935832021758
16965.0,3476564.65,3477330.8159526736,3477461.916298294,0.0,2.0,5.844118480754879,897.2662982940674,131.10034562041983
16974.0,3477543.5500000007,3477543.5500000007,3477655.5500000007,0.0,0.0,0.0,112.0,112.0
16976.0,3477897.15,3477897.15,3477954.15,0.0,0.0,0.0,57.0,57.0
16977.0,3477910.8000000007,3477954.15,3478273.15,0.0,0.0,0.13589341692527213,362.3499999991618,319.0
16252.0,3141479.9,3240309.0281069586,3478607.7547771507,0.0,1.0,0.41472789002242233,337127.8547771508,238298.7266701921
16978.0,3477962.8000000007,3478607.7547771507,3478684.974301852,2.0,0.0,8.352224125261229,722.1743018510751,77.21952470112592
16932.0,3472236.95,3478607.7547771507,3478917.5594922933,0.0,0.0,20.563937428190503,6680.609492293093,309.80471514258534
16947.0,3473052.0500000007,3478917.5594922933,3479187.4093824136,0.0,0.0,21.73619373970126,6135.359382412862,269.8498901203275
16948.0,3473419.3000000007,3479187.4093824136,3479293.3570904806,0.0,0.0,54.442984068746185,5874.057090479881,105.94770806701854
16962.0,3475394.65,3479293.3570904806,3479639.1646430013,0.0,0.0,11.274210357935694,4244.51464300137,345.80755252065137
16988.0,3479528.0,3479639.2790373936,3479737.2790373936,0.0,0.0,1.1355003815676485,209.27903739362955,98.0
16987.0,3479315.45,3479639.199510451,3479738.199510451,0.0,0.0,3.270197075260145,422.7495104507543,99.0
16991.0,3479919.3000000007,3479919.3000000007,3480002.3000000007,0.0,0.0,0.0,83.0,83.0
16992.0,3480037.6,3480037.6,3480084.6,0.0,0.0,0.0,47.0,47.0
16966.0,3476725.2,3479639.1646430013,3480838.472336947,0.0,0.0,2.429705619092777,4113.2723369468,1199.3076939457096
17002.0,3480747.4,3480838.472336947,3482716.472336947,0.0,0.0,0.048494322123045656,1969.0723369470797,1878.0
16995.0,3480322.3000000007,3482716.5038180575,3482809.5038180575,0.0,0.0,25.744127075878843,2487.2038180567324,93.0
16568.0,3312431.85,3410320.719253529,3482819.719253529,0.0,0.0,1.3502099236338263,170387.86925352877,72499.0
17004.0,3481696.4,3482716.472336947,3482856.472336947,0.0,0.0,7.2862309781934265,1160.0723369470797,140.0
17005.0,3482091.6,3482716.472336947,3482902.3340254114,0.0,0.0,3.3620287328151197,810.7340254113078,185.86168846441433
17006.0,3482166.35,3482809.5038180575,3482902.5038180575,0.0,0.0,6.915632452229939,736.1538180573843,93.0
17008.0,3482279.45,3482902.5038180575,3483027.021421632,1.0,0.0,5.003740838020624,747.5714216316119,124.51760357432067
17007.0,3482226.15,3482902.3340254114,3483154.1861011945,0.0,0.0,2.684845948992365,928.0361011945643,251.85207578307018
16996.0,3480413.95,3483027.021421632,3483278.840843649,0.0,0.0,10.376766814483096,2864.890843648929,251.81942201731727
16654.0,3322150.0,3369186.2209093543,3483833.062632691,0.0,1.0,0.41027053342525577,161683.06263269112,114646.84172333684
17013.0,3483695.15,3483833.153115479,3483862.6019099904,1.0,0.0,4.686205930245616,167.45190999051556,29.448794511612505
17016.0,3483829.0500000007,3483833.2493152097,3483880.2493152097,0.0,0.0,0.08934713210514252,51.1993152089417,47.0
17012.0,3483649.65,3483833.0880902377,3483947.0880902377,0.0,0.0,1.609106054717446,297.43809023778886,114.0
16997.0,3480454.25,3483833.062632691,3484066.9522191975,0.0,0.0,14.446186695013436,3612.7022191975266,233.88958650641143
17018.0,3483901.2,3484066.9522191975,3484338.774148705,0.0,0.0,0.6097823656012779,437.5741487047635,271.8219295074232
16571.0,3313618.1,3482819.719253529,3484668.719253529,0.0,0.0,91.50979948811724,171050.61925352877,1849.0
16742.0,3418047.75,3473547.690073087,3485028.4260807945,0.0,0.0,4.834179623660598,66980.67608079454,11480.73600770766
16917.0,3470312.95,3476207.2729830574,3487594.640207785,0.0,1.0,0.5176194696046746,17281.690207784995,11387.367224727757
17028.0,3486635.75,3487594.640207785,3487642.6258257865,1.0,0.0,19.98286669474361,1006.8758257864974,47.98561800131574
17029.0,3486735.85,3487594.640207785,3487688.904665406,0.0,1.0,9.110434934457011,953.0546654057689,94.26445762068033
17030.0,3487261.7,3487594.6540256636,3487948.6399885365,2.0,0.0,0.9405853920343794,686.9399885362945,353.9859628728591
16655.0,3322150.0,3371486.57687412,3488224.288075054,0.0,2.0,0.4226275842362538,166074.28807505406,116737.7112009339
16933.0,3472238.9,3476255.395617206,3488603.395617206,0.0,0.0,0.32527499329496345,16364.495617206208,12348.0
16803.0,3424991.0500000007,3485028.4260807945,3488700.6938407705,0.0,0.0,16.34885580380079,63709.64384076977,3672.2677599759772
16613.0,3316467.0500000007,3484668.719253529,3492712.719253529,0.0,0.0,20.91020254270613,176245.66925352812,8044.0
16669.0,3323446.75,3382361.514012759,3492901.7584941178,0.0,0.0,0.5329711752419217,169455.00849411776,110540.24448135868
17035.0,3489727.8000000007,3492948.3871385735,3493020.0900658066,0.0,1.0,44.91569957944691,3292.2900658058934,71.70292723318562
17033.0,3489514.6,3492948.349706718,3493066.8923925334,2.0,0.0,28.96635657532729,3552.2923925332725,118.54268581513315
17034.0,3489625.75,3492948.319253529,3493250.1377677117,0.0,0.0,11.008500464347676,3624.3877677116543,301.818514182698
16662.0,3322304.7,3492712.719253529,3494042.641565209,0.0,1.0,128.1338148528942,171737.9415652086,1329.9223116799258
17000.0,3480502.35,3494042.641565209,3494409.641565209,0.0,0.0,36.894527425636774,13907.291565208696,367.0
17001.0,3480601.15,3494409.641565209,3494657.4840605073,0.0,0.0,55.71478591102467,14056.33406050736,247.84249529847875
17040.0,3493939.15,3494657.4840605073,3494724.4840605073,0.0,0.0,10.721403888169565,785.3340605073608,67.0
17041.0,3494116.6,3494724.4840605073,3494778.1926454334,1.0,0.0,11.318191707036952,661.5926454332657,53.708584926091135
16804.0,3425026.15,3488700.6938407705,3494778.3806860046,0.0,0.0,10.476772736440271,69752.23068600474,6077.68684523413
17009.0,3482365.9,3494657.4840605073,3494805.0765106105,0.0,1.0,83.28057466291854,12439.176510610618,147.59245010325685
16918.0,3470605.45,3476207.2729830574,3494953.3868898964,0.0,0.0,0.2988258265631038,24347.93688989617,18746.11390683893
17010.0,3482644.1,3494953.3868898964,3495115.718415335,0.0,1.0,75.8280737931113,12471.618415334728,162.33152543846518
17046.0,3494384.4,3494953.3868898964,3495170.570308892,1.0,0.0,2.6198449795456624,786.1703088921495,217.18341899570078
17052.0,3494964.85,3495170.570308892,3495229.6977288486,1.0,1.0,3.4792708534100076,264.84772884845734,59.12741995649412
17053.0,3494965.5,3495170.6061590556,3495246.380285196,0.0,2.0,2.706809956152676,280.8802851960063,75.77412614040077
17054.0,3494966.15,3495229.6977288486,3495288.3734736973,1.0,0.0,4.491595795295161,322.2234736974351,58.67574484879151
17050.0,3494918.0500000007,3495115.718415335,3495307.602446167,0.0,0.0,1.030145210505626,389.5524461660534,191.88403083197773
17055.0,3494977.2,3495246.380285196,3495380.3019533255,0.0,0.0,2.0099830666349843,403.1019533253275,133.92166812950745
17057.0,3495131.9,3495307.602446167,3495413.5539609143,0.0,0.0,1.6583287797790045,281.65396091435105,105.95151474745944
17058.0,3495149.45,3495380.3019533255,3495516.218509619,0.0,0.0,1.698482948807466,366.76850961893797,135.91655629361048
17059.0,3495223.5500000007,3495413.5539609143,3495919.190298427,0.0,0.0,0.37577196656433676,695.6402984261513,505.6363375126384
17042.0,3494169.25,3494778.1926454334,3495943.351621061,1.0,0.0,0.5226262322746869,1774.1016210610978,1165.158975627739
17060.0,3495231.35,3495943.351621061,3496260.456381204,0.0,1.0,2.2453198770651728,1029.1063812039793,317.10476014297456
17047.0,3494533.9,3494735.784060507,3496420.7368235886,0.0,0.0,0.11981585770865091,1886.8368235887028,1684.9527630815282
16891.0,3439242.3000000007,3440884.1882865163,3497179.1882865163,0.0,0.0,0.029165792459643035,57936.888286515605,56295.0
17036.0,3489773.3000000007,3492948.4592984067,3498508.83856888,2.0,0.0,0.571032863759238,8735.538568879478,5560.379270473495
17021.0,3484329.5500000007,3488224.288075054,3500394.684923929,0.0,0.0,0.32001734400413634,16065.134923928417,12170.396848875098
17067.0,3500380.0,3500394.684923929,3500607.753221784,1.0,0.0,0.06892120543987151,227.753221783787,213.0682978546247
17066.0,3500111.5500000007,3500111.5500000007,3500621.5500000007,0.0,0.0,0.0,510.0,510.0
16660.0,3322150.65,3382361.514012759,3500982.8870555763,0.0,1.0,0.5075886618765206,178832.2370555764,118621.37304281723
16670.0,3323458.45,3383107.312655858,3509056.8777711135,0.0,1.0,0.4735932402884751,185598.42777111335,125949.5651152553
17015.0,3483790.0500000007,3509056.8777711135,3509289.8777711135,0.0,0.0,108.44132090606347,25499.82777111279,233.0
16980.0,3478716.15,3488603.395617206,3513334.791504943,1.0,1.0,0.3997851824493617,34618.641504942905,24731.395887736697
17022.0,3485767.35,3513334.791504943,3513520.699948787,0.0,0.0,148.28504254499686,27753.34994878713,185.90844384441152
16973.0,3477340.75,3488603.395617206,3514634.395617206,0.0,0.0,0.4326628103878497,37293.645617206115,26031.0
17062.0,3495373.0500000007,3495516.218509619,3515656.314923289,0.0,0.0,0.007108630796881559,20283.264923288487,20140.096413670108
16984.0,3478754.5,3492948.319253529,3516258.016323635,0.0,1.0,0.6089233682805837,37503.51632363489,23309.697070105933
17063.0,3495388.65,3495943.385549027,3521638.463005404,1.0,0.0,0.02158917598006409,26249.81300540408,25695.07745637698
16820.0,3428217.0,3494778.3806860046,3522400.7229369255,0.0,0.0,2.409693576357947,94183.72293692548,27622.342250920832
15694.0,2980088.15,3018478.7654664186,3523337.3270279267,0.0,0.0,0.07604231836274694,543249.1770279268,504858.5615615081
17085.0,3523142.35,3523337.3270279267,3523550.3270279267,0.0,0.0,0.9153851076365916,407.977027926594,213.0
17083.0,3523130.0,3523337.3270279267,3523670.3270279267,0.0,0.0,0.622603687467529,540.3270279266872,333.0
16817.0,3428192.95,3494042.641565209,3523690.143043056,0.0,0.0,2.221087386214032,95497.19304305594,29647.50147784734
16876.0,3438513.65,3523690.143043056,3523798.082567817,0.0,0.0,789.1131004301268,85284.43256781716,107.93952476093546
16994.0,3480315.15,3523798.082567817,3523921.9139173,0.0,1.0,351.1463999176637,43606.76391729992,123.83134948275983
17003.0,3481515.0500000007,3523921.9139173,3524014.9139173,0.0,0.0,455.98778405697936,42499.86391729908,93.0
17014.0,3483741.3000000007,3524014.9139173,3524121.9139173,0.0,0.0,376.38891511494467,40380.61391729908,107.0
15696.0,2980109.6,3021442.642760226,3526287.9476923347,0.0,0.0,0.081872689230584,546178.3476923346,504845.3049321086
17087.0,3524606.8000000007,3526287.9476923347,3526354.9476923347,0.0,0.0,25.09175660199861,1748.147692333907,67.0
17091.0,3524721.2,3526287.9476923347,3526365.9476923347,0.0,0.0,20.086508876082892,1644.7476923344657,78.0
17088.0,3524669.85,3526287.9476923347,3526403.9476923347,0.0,0.0,13.949118037366887,1734.0976923345588,116.0
16982.0,3478731.75,3487948.6399885365,3529771.3635380347,0.0,0.0,0.2203799563083944,51039.613538034726,41822.723549498245
15697.0,2980125.85,3025324.542861953,3530205.3496466596,0.0,0.0,0.08952349198971754,550079.4996466595,504880.80678470666
16898.0,3445787.15,3523798.082567817,3530439.5862804037,0.0,0.0,11.745974397330436,84652.43628040375,6641.503712586593
16567.0,3311575.8000000007,3383608.957605504,3531132.179107602,0.0,0.0,0.4882835181610963,219556.37910760147,147523.22150209825
16905.0,3448313.0500000007,3530439.5862804037,3531245.0265799873,0.0,0.0,101.96477171909719,82931.97657998651,805.440299583599
16931.0,3471923.0,3531132.179107602,3531282.31354204,0.0,1.0,394.37441070265993,59359.313542040065,150.1344344378449
16944.0,3472591.2,3531245.0265799873,3531369.0265799873,0.0,0.0,473.0147304837667,58777.82657998707,124.0
16946.0,3472944.15,3531282.31354204,3531387.31354204,0.0,0.0,555.6015575432396,58443.16354204016,105.0
16949.0,3473427.1,3531369.0265799873,3531504.0265799873,0.0,0.0,429.19945614805306,58076.926579987165,135.0
17032.0,3488658.5500000007,3514634.395617206,3531622.6468945835,1.0,0.0,1.5290476455217294,42964.09689458273,16988.251277377363
16958.0,3475161.3000000007,3531504.0265799873,3531665.0265799873,0.0,0.0,349.9548234781771,56503.72657998651,161.0
16970.0,3477322.5500000007,3480838.472336947,3532071.799796774,0.0,1.0,0.06862568783382529,54749.24979677331,51233.327459827065
16951.0,3474270.15,3531387.31354204,3532379.31354204,0.0,0.0,57.57778582866951,58109.16354204016,992.0
16963.0,3475533.1,3531665.0265799873,3532406.0265799873,0.0,0.0,75.75158782724314,56872.926579987165,741.0
16174.0,3101432.1,3184716.1481174547,3533528.1087842034,110.0,119.0,0.23876488626782882,432096.0087842033,348811.9606667487
16908.0,3449521.4,3449521.4,3533860.818923504,0.0,1.0,0.0,84339.41892350418,84339.41892350418
16985.0,3478832.5,3493250.1377677117,3535149.262848076,0.0,0.0,0.3441035520445359,56316.762848075945,41899.12508036429
16979.0,3478036.9,3497179.1882865163,3535395.8992009987,0.0,1.0,0.5008879055382656,57358.999200998805,38216.71091448236
16981.0,3478723.3000000007,3487594.640207785,3535651.9646747694,0.0,0.0,0.18459912835720005,56928.66467476869,48057.32446698425
16972.0,3477334.25,3483278.840843649,3535787.4700840516,0.0,0.0,0.11321169357578814,58453.2200840516,52508.629240402486
17037.0,3492678.15,3494805.0765106105,3535856.4664618494,0.0,0.0,0.051811315357092554,43178.31646184949,41051.389951238874
16971.0,3477328.4,3482809.5038180575,3536161.416516518,0.0,0.0,0.10273490753810793,58833.01651651831,53351.91269846074
16819.0,3428209.85,3533528.1087842034,3536305.1087842034,0.0,0.0,37.925192216133716,108095.25878420332,2777.0
17038.0,3492936.85,3495115.718415335,3536963.9757296895,0.0,0.0,0.05206592950735226,44027.125729689375,41848.25731435465
16968.0,3477310.2,3477410.395310994,3538497.6780106653,0.0,0.0,0.0016401991800189277,61187.47801066516,61087.282699671574
16969.0,3477316.7,3478684.974301852,3538551.0915463213,0.0,0.0,0.02285557114492902,61234.3915463211,59866.11724446947
16837.0,3432269.1,3432570.374259941,3539024.48844485,0.0,0.0,0.002830085640630222,106755.38844484976,106454.11418490903
16975.0,3477620.9,3532379.31354204,3539579.31354204,0.0,0.0,7.605335214172245,61958.41354204016,7200.0
17081.0,3523070.2,3539579.31354204,3539801.2027660683,0.0,0.0,74.4025024844858,16731.002766068093,221.8892240282148
17024.0,3485920.1,3530205.3496466596,3540185.3496466596,0.0,0.0,4.437399764194336,54265.249646659475,9980.0
17082.0,3523099.45,3540185.3496466596,3540301.3496466596,0.0,0.0,147.29223833327052,17201.89964665938,116.0
17043.0,3494225.8000000007,3516258.0336937215,3540336.2464441773,1.0,0.0,0.9150277855778011,46110.4464441766,24078.21275045583
16896.0,3440797.1,3536305.1087842034,3540416.9100862653,0.0,2.0,23.22777823342543,99619.8100862652,4111.801302061882
16836.0,3431663.95,3522400.7229369255,3540535.5730292136,0.0,0.0,5.0034476422560195,108871.6230292134,18134.850092288107
17115.0,3533336.3000000007,3540416.9253084264,3541620.9253084264,0.0,0.0,5.880918030253847,8284.625308425631,1204.0
17125.0,3537184.3000000007,3541620.9253084264,3541884.9253084264,0.0,0.0,16.805398895551633,4700.625308425631,264.0
17126.0,3537247.35,3541884.9253084264,3541994.9131079167,0.0,1.0,42.16445214756521,4747.56310791662,109.98779949033633
17101.0,3529075.5500000007,3529771.369767892,3543397.3674870543,1.0,1.0,0.05106560137705755,14321.817487053573,13625.997719162144
17023.0,3485839.5,3513520.699948787,3543445.757281284,0.0,0.0,0.9250174407762046,57606.25728128385,29925.057332496624
17039.0,3492973.9,3502226.9084280995,3544097.264053709,0.0,0.0,0.22099187575182894,51123.36405370897,41870.3556256094
17152.0,3543809.1,3544097.2829592363,3544191.4241491617,1.0,0.0,3.0611782097151354,382.3241491615772,94.1411899253726
16691.0,3376308.65,3420157.7104891096,3547027.4862629003,0.0,0.0,0.3456225899483954,170718.83626290038,126869.77577379066
16694.0,3376437.35,3420828.607734845,3547437.894298932,0.0,0.0,0.3506161272962784,171000.54429893196,126609.28656408703
17048.0,3494551.45,3523798.1006265767,3548613.558954535,1.0,0.0,1.1785658052354302,54062.108954534866,24815.45832795836
17192.0,3547022.7,3548613.558954535,3548655.212735649,1.0,0.0,38.19242604111614,1632.512735649012,41.65378111414611
17191.0,3546990.2,3548613.558954535,3548690.558954535,0.0,0.0,21.08258382512813,1700.358954534866,77.0
17163.0,3544976.5,3548613.558954535,3548706.558954535,0.0,0.0,39.10816080145217,3730.058954535052,93.0
17161.0,3544843.9,3548613.558954535,3548796.701065843,1.0,0.0,20.58324504186103,3952.8010658430867,183.14211130794138
17164.0,3545074.65,3548706.558954535,3548799.558954535,0.0,0.0,39.05278445736715,3724.9089545351453,93.0
17166.0,3545146.15,3548799.558954535,3548892.558954535,0.0,0.0,39.28396725306608,3746.4089545351453,93.0
17167.0,3545227.4,3548892.558954535,3548972.2709763767,0.0,1.0,45.98000238678264,3744.870976376813,79.71202184166759
17170.0,3545395.75,3548972.2709763767,3549076.2709763767,0.0,0.0,34.389624772853075,3680.52097637672,104.0
17084.0,3523130.65,3540301.3496466596,3551344.3496466596,0.0,0.0,1.5548944713084905,28213.69964665966,11043.0
17049.0,3494634.0,3531132.179107602,3552958.868724347,1.0,0.0,1.6721811574945273,58324.86872434709,21826.689616744872
17228.0,3551894.45,3552958.868724347,3553005.868724347,0.0,0.0,22.647206900998,1111.418724346906,47.0
17229.0,3551978.3000000007,3552958.868724347,3553026.868724347,0.0,0.0,14.420128299210987,1048.5687243463472,68.0
17056.0,3495100.7,3495288.3734736973,3553130.714114894,0.0,3.0,0.003244569144622232,58030.01411489397,57842.34064119682
17069.0,3506504.3000000007,3532406.0265799873,3553468.0265799873,0.0,0.0,1.2297847583319017,46963.72657998651,21062.0
16953.0,3474465.8000000007,3540416.9100862653,3554450.9100862653,0.0,0.0,4.699380795658013,79985.11008626455,14034.0
17128.0,3537685.45,3554450.9100862653,3554653.0564404507,1.0,0.0,82.93723700248937,16967.60644045053,202.1463541854173
17068.0,3505990.15,3532406.0265799873,3554749.2358953566,0.0,1.0,1.1822776310749812,48759.08589535672,22343.20931536937
17020.0,3484318.5,3526287.9476923347,3554788.7060600664,0.0,0.0,1.472573015455339,70470.20606006635,28500.7583677317
17120.0,3534303.5,3554788.7060600664,3554850.7060600664,0.0,0.0,330.4065493559089,20547.206060066354,62.0
17139.0,3541188.3000000007,3554850.7060600664,3554923.7060600664,0.0,0.0,187.15624739815902,13735.406060065608,73.0
17070.0,3506549.15,3535395.8992009987,3556310.8992009987,0.0,0.0,1.3792373512311167,49761.749200998805,20915.0
17044.0,3494312.25,3509289.8777711135,3557781.289273119,0.0,0.0,0.30887176320891546,63469.039273119066,48491.41150200553
17155.0,3544063.25,3557781.289273119,3557967.1975462036,0.0,0.0,73.78928890851364,13903.94754620362,185.90827308455482
17162.0,3544971.3000000007,3557967.1975462036,3558113.137073126,0.0,0.0,89.04988127788786,13141.83707312541,145.93952692253515
17165.0,3545139.65,3558113.137073126,3558321.0018326268,0.0,0.0,62.41311468233048,13181.351832626853,207.86475950060412
17169.0,3545304.1,3558321.0018326268,3558466.9322960433,0.0,0.0,89.19934555045558,13162.832296043169,145.93046341650188
17172.0,3545568.0,3558466.9322960433,3558652.8006244777,0.0,0.0,69.39822617813412,13084.800624477677,185.86832843441516
17173.0,3545786.4,3558652.8006244777,3558838.6900263363,0.0,0.0,69.21535330055988,13052.290026336443,185.8894018586725
17176.0,3546011.3000000007,3558838.6900263363,3559024.609399893,0.0,0.0,68.99436987634328,13013.30939989211,185.9193735565059
17178.0,3546188.1,3559024.609399893,3559210.47474317,0.0,0.0,69.063490662369,13022.374743170105,185.86534327734262
17185.0,3546709.4,3559210.47474317,3559396.3977510747,0.0,0.0,67.23791145627345,12686.997751074843,185.92300790455192
17186.0,3546771.8000000007,3559396.3977510747,3559542.3122896547,0.0,0.0,86.52049257005994,12770.512289653998,145.91453857999295
17187.0,3546831.6,3559542.3122896547,3559728.187184837,0.0,0.0,68.38315780718504,12896.587184837088,185.8748951824382
17188.0,3546892.7,3559728.187184837,3559874.0902622943,0.0,0.0,87.97269672814825,12981.390262294095,145.90307745710015
17201.0,3547324.3000000007,3559874.0902622943,3560059.999827201,0.0,0.0,67.50481218429846,12735.699827200267,185.90956490673125
17202.0,3547393.85,3560059.999827201,3560245.8659381736,0.0,0.0,68.14663394484278,12852.015938173514,185.86611097259447
17093.0,3524811.5500000007,3554450.9100862653,3560303.9100862653,0.0,0.0,5.063960376945935,35492.360086264554,5853.0
17203.0,3547477.0500000007,3560245.8659381736,3560431.772574913,0.0,0.0,68.68402420757644,12954.722574912477,185.90663673961535
17129.0,3539016.0,3554749.2358953566,3560443.839623032,2.0,1.0,2.762832437118291,21427.839623032138,5694.603727675509
17011.0,3483215.45,3500111.593315019,3560493.593315019,0.0,0.0,0.27982086242619686,77278.14331501862,60382.0
17211.0,3548212.2,3560431.772574913,3560617.6442669085,0.0,0.0,65.74197740246535,12405.444266908336,185.87169199530035
17140.0,3541255.25,3554923.7060600664,3560734.912655027,0.0,1.0,2.3520857220803455,19479.662655027118,5811.206594960764
17157.0,3544199.1,3560734.912655027,3560815.9926637895,1.0,0.0,203.94438663024235,16616.892663789447,81.08000876242295
17158.0,3544320.65,3560815.9926637895,3560911.408642319,1.0,1.0,172.87820046504436,16590.758642319124,95.41597852949053
17160.0,3544635.25,3560911.408642319,3561004.408642319,0.0,0.0,175.0124585195595,16369.158642319031,93.0
17065.0,3497137.15,3531622.6468945835,3561763.6468945835,0.0,0.0,1.1441391093388928,64626.49689458357,30141.0
17071.0,3510037.0500000007,3538221.5687842034,3562398.5687842034,0.0,0.0,1.1657574878687444,52361.518784202635,24177.0
17174.0,3545928.1,3562398.5687842034,3562491.5687842034,0.0,0.0,177.10181488390631,16563.468784203287,93.0
17179.0,3546274.5500000007,3562491.5687842034,3562553.5687842034,0.0,0.0,261.5648191000425,16279.018784202635,62.0
17086.0,3523147.5500000007,3551344.3496466596,3562624.3496466596,0.0,0.0,2.4997162807321653,39476.79964665882,11280.0
17180.0,3546348.0,3562553.5687842034,3562650.5687842034,0.0,0.0,167.06771942477712,16302.56878420338,97.0
17182.0,3546411.0500000007,3562650.5687842034,3562730.5687842034,0.0,0.0,202.99398480253294,16319.518784202635,80.0
17184.0,3546492.95,3562730.5687842034,3562810.240392899,1.0,0.0,203.8068397264239,16317.290392898954,79.67160869576037
17134.0,3540825.6,3562624.3496466596,3562956.1922181584,0.0,0.0,65.6900335246365,22130.5922181583,331.84257149882615
17074.0,3511525.5500000007,3538886.202998723,3563027.356690286,1.0,0.0,1.1333614519128803,51501.80669028545,24141.15369156329
17135.0,3540873.0500000007,3562956.1922181584,3563082.1922181584,0.0,0.0,175.26303347744167,22209.14221815765,126.0
17159.0,3544360.95,3563027.356690286,3563213.271304244,0.0,0.0,100.40311674748007,18852.32130424399,185.9146139579825
17147.0,3543454.2,3563082.1922181584,3563231.718344884,0.0,0.0,131.26797736276717,19777.518344883807,149.52612672559917
17051.0,3494959.65,3516305.9064371204,3564433.8898458127,0.0,0.0,0.4435310795354287,69474.23984581279,48127.98340869229
17076.0,3511758.25,3539024.48844485,3566436.48844485,0.0,0.0,0.994682564017578,54678.23844484985,27412.0
16993.0,3480233.25,3523337.3270279267,3566537.3270279267,0.0,0.0,0.9977795608316363,86304.07702792669,43200.0
17190.0,3546957.7,3566537.3270279267,3566618.3270279267,0.0,0.0,241.7237904682284,19660.6270279265,81.0
17193.0,3547040.25,3566537.3270279267,3566626.991049226,1.0,0.0,217.44593589955528,19586.741049225908,89.66402129922062
17194.0,3547103.3000000007,3566618.3270279267,3566708.2200356065,1.0,0.0,217.09171304435048,19604.920035605785,89.89300767984241
17099.0,3528500.3000000007,3539579.3445133353,3567048.031029258,0.0,1.0,0.4033336106883879,38547.73102925718,27468.686515922658
17197.0,3547196.9,3567048.031029258,3567101.3505009557,1.0,0.0,372.3054711001816,19904.450500955805,53.319471697788686
17200.0,3547252.15,3567101.3505009557,3567182.6910625063,1.0,0.0,244.0258601929358,19930.54106250638,81.34056155057624
17077.0,3516687.85,3539579.31354204,3567605.5038093193,1.0,0.0,0.8167882728165831,50917.65380931925,28026.19026727928
17205.0,3547708.45,3567605.5038093193,3567687.5310782283,1.0,0.0,242.56633280589418,19979.081078228075,82.0272689089179
17208.0,3547956.1,3567687.5310782283,3567794.6345633427,0.0,1.0,184.22772197516508,19838.534563342575,107.1034851144068
17209.0,3548065.3000000007,3567794.6345633427,3567892.6303466293,0.0,1.0,201.32840313785942,19827.330346628558,97.99578328663483
17210.0,3548140.0500000007,3567892.6303466293,3567986.6303466293,0.0,0.0,210.1338334747719,19846.580346628558,94.0
17207.0,3547824.8000000007,3568009.031253529,3568089.9584821127,1.0,0.0,249.4121151398237,20265.15848211199,80.92722858395427
17073.0,3511269.45,3538551.0915463213,3568586.7937093936,0.0,1.0,0.9083071006031879,57317.343709393404,30035.702163072303
17045.0,3494374.0,3516258.016323635,3569085.3272210136,0.0,0.0,0.41425573158827533,74711.3272210136,52827.31089737872
17109.0,3532891.7,3552958.868724347,3572075.103799539,1.0,0.0,1.0497448187582141,39183.403799538966,19116.23507519206
17118.0,3534084.45,3554653.0564404507,3572724.828681271,1.0,0.0,1.1381621108521036,38640.37868127087,18071.77224082034
17078.0,3519373.65,3531245.0265799873,3573421.728880764,0.0,0.0,0.28146763337086994,54048.07888076408,42176.70230077673
17106.0,3529548.75,3543445.757281284,3573554.6462182994,0.0,1.0,0.4615582896584076,44005.8962182994,30108.888937015552
17064.0,3496756.25,3531245.0265799873,3574445.0265799873,0.0,0.0,0.7983513097219272,77688.77657998726,43200.0
17154.0,3543873.45,3544191.4241491617,3574922.6675583846,0.0,0.0,0.010346934060795442,31049.217558384407,30731.243409222923
17079.0,3520117.9,3532071.799796774,3575193.2495359406,0.0,0.0,0.2772147010149477,55075.34953594068,43121.449739166535
17080.0,3520153.65,3532406.0265799873,3575359.187417276,0.0,0.0,0.28524970784805875,55205.5374172763,42953.160837288946
17108.0,3532855.3000000007,3548613.558954535,3576119.4160100278,1.0,0.0,0.5729055787188245,43264.116010027006,27505.8570554927
17144.0,3542180.85,3556310.952897645,3576298.356116888,1.0,0.0,0.7069504098481936,34117.50611688802,19987.403219243046
16921.0,3471063.7,3547437.894298932,3576552.055139065,0.0,0.0,2.623266207750457,105488.3551390646,29114.16084013274
17111.0,3533053.5500000007,3535856.4664618494,3577026.347325594,0.0,0.0,0.0680817238972623,43972.79732559342,41169.880863744766
16919.0,3470648.35,3547027.4862629003,3577332.4249640857,0.0,0.0,2.520352772068553,106684.0749640856,30304.938701185398
17138.0,3541010.2,3541884.9253084264,3578067.8665952724,0.0,0.0,0.024175074698645008,37057.666595272254,36182.941286846064
17072.0,3510568.1,3529771.3635380347,3578122.7316683084,0.0,0.0,0.397160706731091,67554.63166830828,48351.36813027365
17119.0,3534098.75,3536161.416516518,3578211.5431876285,0.0,0.0,0.049052563685505736,44112.7931876285,42050.12667111028
17150.0,3543758.4,3554782.259280438,3578559.604758684,0.0,0.0,0.463628679262113,34801.20475868415,23777.34547824599
16983.0,3478749.3000000007,3492901.7584941178,3579170.320648726,0.0,3.0,0.1640511692863658,100421.02064872533,86268.56215460831
17089.0,3524688.7,3539801.2027660683,3579495.5930892886,0.0,0.0,0.38072137254184335,54806.89308928838,39694.39032322029
17092.0,3524747.2,3540336.2464441773,3580224.655272122,0.0,0.0,0.39081645275496496,55477.45527212182,39888.40882794466
17141.0,3541634.85,3556310.8992009987,3580362.8992009987,0.0,0.0,0.6101799933892658,38728.04920099862,24052.0
16697.0,3376519.9,3452885.5882456065,3580503.289317703,0.0,0.0,0.5983941694927145,203983.38931770297,127617.70107209636
16840.0,3432618.15,3432618.15,3580741.6053043604,0.0,0.0,0.0,148123.45530436048,148123.45530436048
17017.0,3483868.0500000007,3524121.9139173,3582033.9139173,0.0,0.0,0.6950867508858108,98165.86391729908,57912.0
17177.0,3546181.6,3563213.271304244,3583750.271304244,0.0,0.0,0.8293164193525872,37568.67130424408,20537.0
17094.0,3525713.1,3535149.262848076,3584198.2399611026,0.0,0.0,0.1923824594003562,58485.13996110251,49048.97711302666
17095.0,3526247.4,3535395.8992009987,3584523.2777665923,0.0,0.0,0.18621997485137462,58275.87776659243,49127.37856559362
17171.0,3545446.45,3561763.6468945835,3584709.2960558226,1.0,0.0,0.7111237855997141,39262.84605582245,22945.649161239155
17090.0,3524710.15,3540416.9100862653,3584850.9100862653,0.0,0.0,0.353485170956146,60140.76008626539,44434.0
17075.0,3511673.1,3531132.179107602,3585042.7964101206,0.0,0.0,0.36095077521386737,73369.69641012046,53910.61730251834
17183.0,3546422.75,3563231.718344884,3585962.152348726,1.0,1.0,0.7394917467058842,39539.40234872606,22730.434003842063
17105.0,3529409.0,3530439.657664797,3586192.7056855783,0.0,1.0,0.018486122308732502,56783.70568557829,55753.04802078148
17100.0,3529021.6,3535651.9646747694,3587944.9570798194,0.0,0.0,0.1267926039384398,58923.35707981931,52292.99240504997
17204.0,3547666.85,3567182.6910625063,3588526.6910625063,0.0,0.0,0.9143478758670444,40859.841062506195,21344.0
17102.0,3529166.5500000007,3535787.4700840516,3588980.645370983,0.0,0.0,0.12446935247494974,59814.09537098231,53193.17528693145
17175.0,3546004.15,3562810.240392899,3589262.240392899,0.0,0.0,0.6353429000793601,43258.090392899234,26452.0
17189.0,3546903.75,3566436.48844485,3592963.48844485,0.0,0.0,0.7363342422757888,46059.73844484985,26527.0
17263.0,3592195.75,3593073.2927663983,3593261.1864373097,0.0,0.0,4.670422170909207,1065.4364373097196,187.89367091143504
17264.0,3592411.5500000007,3593261.1864373097,3593449.0916361767,0.0,0.0,4.521622831258113,1037.5416361759417,187.9051988669671
17267.0,3593255.25,3593449.0916361767,3593595.0183517863,0.0,0.0,1.3283492016311185,339.76835178630427,145.92671560961753
17103.0,3529237.4,3529771.421562836,3593617.6556940023,0.0,1.0,0.008364182635095353,64380.25569400238,63846.234131166246
16998.0,3480462.7,3576552.055139065,3594799.5710768257,0.0,0.0,5.265886900266779,114336.87107682554,18247.515937760938
17145.0,3543218.9,3560303.9100862653,3596288.174369981,0.0,0.0,0.4747911462510298,53069.27436998114,35984.26428371575
17265.0,3592921.8000000007,3596288.174369981,3596383.4215267855,1.0,1.0,35.34356806988508,3461.621526784729,95.2471568044275
17266.0,3593014.1,3596383.4215267855,3596456.55012201,2.0,0.0,46.07392657329219,3442.450122009963,73.12859522458166
17104.0,3529272.5,3530205.3496466596,3596605.8317751866,0.0,1.0,0.014048838453520755,67333.33177518658,66400.48212852702
17124.0,3536424.45,3536963.9757296895,3597448.318642148,0.0,0.0,0.00892008912901907,61023.86864214763,60484.34291245835
17268.0,3593407.35,3597448.318642148,3597514.773050768,1.0,0.0,60.80813487113683,4107.423050767742,66.45440862001851
17269.0,3593422.95,3597514.773050768,3597598.2363170283,1.0,0.0,49.02543638777166,4175.286317028105,83.4632662604563
17276.0,3594314.75,3597448.318642148,3597634.1982804956,0.0,0.0,16.85805217828653,3319.4482804955915,185.87963834777474
17270.0,3593486.0,3597598.2363170283,3597663.7103059883,2.0,0.0,62.80717552643089,4177.710305988323,65.47398896003142
17275.0,3594274.45,3597663.7103059883,3597737.8138248525,1.0,0.0,45.73683352611023,3463.3638248522766,74.10351886413991
17237.0,3561610.0,3580362.8992009987,3598370.180569624,1.0,1.0,1.0414064631473174,36760.18056962406,18007.28136862535
17234.0,3557797.75,3579170.338869548,3599637.771723554,1.0,1.0,1.0442242083801294,41840.021723554004,20467.432854006067
17284.0,3598985.0,3599637.771723554,3599845.6173192672,0.0,0.0,3.140656992581269,860.6173192672431,207.84559571323916
17285.0,3599267.1,3599845.6173192672,3600279.3564436836,0.0,0.0,1.3337909510597772,1012.2564436835237,433.73912441637367
17291.0,3599867.0500000007,3600279.3564436836,3600465.258210207,0.0,0.0,2.2178726506684336,598.2082102061249,185.90176652325317
17181.0,3546397.4,3560303.9100862653,3601461.942781323,0.0,0.0,0.33788082606619013,55064.542781323195,41158.0326950578
17294.0,3600086.75,3600465.258210207,3601574.4928934863,0.0,0.0,0.34123365948838136,1487.7428934862837,1109.2346832794137
17232.0,3556051.85,3576298.356116888,3602014.4656448937,2.0,0.0,0.7873082860702155,45962.61564489361,25716.10952800559
17286.0,3599464.7,3602014.482713101,3602121.482713101,0.0,0.0,23.82974498225028,2656.78271310078,107.0
17297.0,3600911.6,3602014.4656448937,3602160.3712973474,0.0,0.0,7.558758871551619,1248.7712973472662,145.90565245365724
17296.0,3600732.85,3601574.4928934863,3602272.1798275746,0.0,0.0,1.2063331737549823,1539.3298275745474,697.6869340883568
17287.0,3599493.95,3602272.1798275746,3602366.1798275746,0.0,0.0,29.555636463558024,2872.2298275744542,94.0
17289.0,3599648.0,3602366.1798275746,3602470.088500353,0.0,1.0,26.159316204254722,2822.088500353042,103.90867277840152
17206.0,3547719.5,3560493.593315019,3602483.3722420954,0.0,0.0,0.30421911335145385,54763.872242095415,41989.77892707661
17295.0,3600405.9,3601474.1100862655,3602571.504744437,0.0,0.0,0.9734055823138241,2165.6047444371507,1097.3946581715718
17293.0,3599934.65,3602470.088500353,3602574.088500353,0.0,0.0,24.379216349549377,2639.438500353135,104.0
17298.0,3600921.35,3602574.088500353,3602684.5484850723,1.0,0.0,14.9623278018104,1763.1984850722365,110.4599847192876
17299.0,3601315.25,3602684.5484850723,3602753.0393641493,1.0,0.0,19.992420940209275,1437.7893641493283,68.49087907699868
17300.0,3601330.2,3602753.0393641493,3602931.6273065163,1.0,0.0,7.967163657810447,1601.427306516096,178.58794236695394
17301.0,3601365.3000000007,3602931.6273065163,3603041.140409666,1.0,1.0,14.302647459204522,1675.8404096653685,109.5131031498313
17306.0,3603145.65,3603145.65,3603228.6420828784,1.0,0.0,0.0,82.9920828784816,82.9920828784816
16913.0,3449850.3000000007,3540535.5730292136,3604524.585277166,0.0,0.0,1.4172007012362402,154674.28527716547,63989.01224795263
17307.0,3603904.2,3603904.2,3604693.3556793653,0.0,3.0,0.0,789.1556793651544,789.1556793651544
17198.0,3547200.8000000007,3580224.655272122,3605210.655272122,0.0,0.0,1.3216943597262971,58009.85527212126,24986.0
17244.0,3572913.5,3585962.152348726,3606597.152348726,0.0,0.0,0.6323553355331261,33683.65234872606,20635.0
17246.0,3573087.0500000007,3585962.169424505,3606647.169424505,0.0,0.0,0.6224374872856769,33560.11942450423,20685.0
17199.0,3547217.7,3582033.9139173,3607069.9139173,0.0,0.0,1.3906460264139495,59852.21391729964,25036.0
17271.0,3593577.0,3607069.9139173,3607299.758218232,0.0,0.0,58.704583331291765,13722.758218232077,229.84430093225092
17272.0,3593625.75,3607299.758218232,3607445.664711142,0.0,0.0,93.7176128733195,13819.914711141959,145.90649290988222
17273.0,3593682.3000000007,3607445.664711142,3607693.488681506,0.0,0.0,55.53685824228008,14011.188681505155,247.82397036394104
17247.0,3573568.7,3588526.6910625063,3607812.260539946,2.0,0.0,0.775605360267109,34243.56053994596,19285.569477439858
17127.0,3537288.95,3541994.9131079167,3609413.1827951623,1.0,0.0,0.06980249018177954,72124.23279516213,67418.2696872456
17239.0,3562329.5500000007,3583750.271304244,3610054.271304244,0.0,0.0,0.8143522393644856,47724.72130424343,26304.0
17117.0,3533734.1,3553468.0265799873,3611037.105369366,0.0,0.0,0.3427869091354658,77303.00536936568,57569.07878937852
17240.0,3563157.65,3584709.2960558226,3611079.2960558226,0.0,0.0,0.8172789554729892,47921.646055822726,26370.0
17241.0,3564079.35,3584709.3033403056,3611282.3033403056,0.0,0.0,0.7763501802696527,47202.95334030548,26573.0
17250.0,3575801.45,3592963.48844485,3612403.25877607,1.0,0.0,0.8828313376360964,36601.8087760699,19439.770331220236
16173.0,3101341.75,3180683.027424674,3612568.0531780063,0.0,0.0,0.18370925754205045,511226.3031780063,431885.0257533323
17282.0,3598243.35,3602121.482713101,3614691.1987318816,0.0,0.0,0.3085298591715594,16447.848731881473,12569.7160187806
16254.0,3141491.6,3200472.3239699067,3614976.2184316413,0.0,0.0,0.14229232766678246,473484.61843164125,414503.8944617347
17243.0,3571876.75,3584850.9100862653,3615544.3143469607,2.0,1.0,0.4227018930865029,43667.564346960746,30693.404260695446
16168.0,3098063.8000000007,3098079.774311428,3616099.6633859514,0.0,1.0,3.0837255024613836e-05,518035.8633859507,518019.88907452347
17235.0,3559491.0,3575359.187417276,3616641.515706542,0.0,0.0,0.38438208489811027,57150.51570654195,41282.328289265744
16897.0,3443253.45,3612568.0531780063,3617113.7321006614,0.0,2.0,37.247374057627475,173860.2821006612,4545.678922655061
17236.0,3559735.4,3576119.4160100278,3617168.0603308757,0.0,0.0,0.39913659223348996,57432.66033087578,41048.64432084793
17238.0,3562219.7,3577026.347325594,3618875.8412922495,0.0,0.0,0.35380708157168056,56656.14129224932,41849.49396665534
17249.0,3575483.6,3589262.240392899,3619615.01613105,1.0,1.0,0.45394992905312737,44131.41613104986,30352.775738150813
16839.0,3432508.95,3432896.6803186093,3620581.9050014857,0.0,1.0,0.0020658542475268933,188072.95500148553,187685.22468287637
17248.0,3575198.9,3579170.320648726,3621174.6849464295,0.0,0.0,0.09454780985563707,45975.78494642954,42004.364297703374
17256.0,3586489.4,3602014.4656448937,3622964.1743564676,1.0,1.0,0.7410635564740256,36474.77435646765,20949.708711573854
17233.0,3557231.6,3575193.2495359406,3623560.3641476114,0.0,0.0,0.37136078263404204,66328.76414761133,48367.11461167084
17253.0,3581351.8000000007,3599637.771723554,3623950.041310348,1.0,0.0,0.7521293583173255,42598.24131034734,24312.26958679408
17261.0,3589363.0500000007,3606597.152348726,3625096.735442718,1.0,1.0,0.9315940938324365,35733.68544271728,18499.58309399197
17288.0,3599566.1,3607812.260539946,3625568.172573711,1.0,1.0,0.4644177400893377,26002.0725737107,17755.912033764645
17304.0,3602515.15,3610054.271304244,3626012.2882005875,2.0,0.0,0.47243472376394147,23497.138200587593,15958.016896343324
17257.0,3588602.5500000007,3605210.655272122,3626181.3772388943,1.0,1.0,0.7919663089538095,37578.8272388936,20970.72196677234
17274.0,3593765.5,3626181.3772388943,3626305.3772388943,0.0,0.0,261.4183648297931,32539.877238894347,124.0
17245.0,3572958.35,3578211.5431876285,3626396.754014721,0.0,0.0,0.1090208613277405,53438.40401472105,48185.21082709264
17251.0,3579426.5,3598370.180569624,3626498.7037375737,0.0,1.0,0.6734687227095157,47072.2037375737,28128.523167949636
17226.0,3549031.85,3574445.0265799873,3626958.116979245,1.0,1.0,0.48393984027164255,77926.266979245,52513.09039925784
17227.0,3549094.9,3576119.4160100278,3627503.389585055,1.0,0.0,0.5259327788375219,78408.48958505504,51383.973575027194
17221.0,3548929.15,3573554.6462182994,3627592.6462182994,0.0,0.0,0.45570702502497307,78663.4962182995,54038.0
17255.0,3586285.95,3587944.9570798194,3628911.722467765,0.0,0.0,0.0404964137175294,42625.772467765026,40966.76538794581
17305.0,3602994.2,3611037.105369366,3631042.6890994855,1.0,1.0,0.4020330262723829,28048.489099485334,20005.583730119746
17259.0,3588819.65,3588980.645370983,3631186.177592549,0.0,0.0,0.003814556114065103,42366.5275925491,42205.532221565954
17242.0,3564910.0500000007,3578122.7316683084,3631765.8762969575,0.0,0.0,0.24630699336837825,66855.82629695674,53643.14462864911
17279.0,3597162.4,3606647.169424505,3632151.2370170685,1.0,1.0,0.3718924203004629,34988.83701706864,25504.067592563573
17312.0,3613266.8,3615084.9792400138,3632210.4775092485,2.0,0.0,0.10616796144730099,18943.677509248722,17125.498269234784
17309.0,3604756.35,3611282.3033403056,3632337.2176136198,1.0,0.0,0.30994917650064857,27580.86761361966,21054.914273314178
17156.0,3544160.75,3560443.839623032,3632390.7047391655,0.0,0.0,0.22632104396416322,88229.95473916549,71946.86511613335
17283.0,3598664.5500000007,3607693.488681506,3632709.6989685325,1.0,1.0,0.3609235203058539,34045.14896853175,25016.210287026595
17252.0,3580293.6,3580741.6053043604,3632748.1731488383,0.0,0.0,0.008614398583271742,52454.573148838244,52006.56784447795
17292.0,3599930.75,3609526.5189799876,3632952.553485539,0.0,1.0,0.40961986023343844,33021.80348553881,23426.034505551215
17230.0,3552318.25,3573421.728880764,3633573.188062746,0.0,0.0,0.3508390181677483,81254.93806274608,60151.45918198209
17328.0,3631708.6,3632151.2370170685,3633757.3637070525,1.0,0.0,0.2755928407321737,2048.7637070524506,1606.1266899839975
17096.0,3526602.95,3614976.2184316413,3634585.0446753437,0.0,0.0,4.506810725604935,107982.09467534348,19608.826243702322
17317.0,3616115.75,3618875.8412922495,3634712.633301443,2.0,0.0,0.17428348434753946,18596.883301442955,15836.79200919345
17308.0,3604165.5,3611079.2960558226,3634901.2960558226,0.0,0.0,0.2902273552104203,30735.796055822633,23822.0
17027.0,3486521.35,3604524.585277166,3635341.689449714,0.0,0.0,3.829147431129645,148820.33944971394,30817.104172547814
17112.0,3533141.95,3635341.689449714,3635571.5987404576,0.0,0.0,444.5220074369337,102429.64874045737,229.90929074352607
17318.0,3616679.3,3619615.01613105,3636820.198099609,2.0,0.0,0.17062976354536105,20140.898099609185,17205.181968559045
17254.0,3582318.35,3584198.2399611026,3637899.9233191465,0.0,0.0,0.03500616449150706,55581.57331914641,53701.6833580439
17195.0,3547168.95,3566626.991049226,3638372.0877216137,0.0,0.0,0.2712107440328316,91203.13772161352,71745.0966723878
17314.0,3614159.9,3615544.3143469607,3638759.1256729476,2.0,0.0,0.05963496009166842,24599.22567294771,23214.81132598687
17196.0,3547186.5,3566708.2200356065,3638960.9176163785,0.0,0.0,0.2701867292052731,91774.41761637852,72252.69758077199
17019.0,3483959.0500000007,3484338.774148705,3638966.704894336,0.0,0.0,0.0024557280620204755,155007.6548943352,154627.930745631
17338.0,3639816.05,3639816.05,3639929.81754646,0.0,2.0,0.0,113.76754646003246,113.76754646003246
17340.0,3640085.8,3640085.8,3640612.8,0.0,0.0,0.0,527.0,527.0
17341.0,3640393.9,3640612.8,3640799.6212227326,0.0,1.0,1.1717084215481062,405.7212227326818,186.8212227327749
17320.0,3619608.85,3622964.1743564676,3641025.707360646,2.0,0.0,0.18577184758852888,21416.85736064613,18061.533004178666
16887.0,3439129.85,3476483.259280438,3641220.20188987,1.0,1.0,0.22674579659401348,202090.35188987013,164736.94260943215
17342.0,3640488.15,3640799.6212227326,3641381.0195822194,1.0,1.0,0.5357277289320174,892.869582219515,581.3983594868332
17214.0,3548659.4,3568089.9584821127,3641496.3807083275,2.0,0.0,0.2646983450880381,92836.98070832761,73406.42222621478
17343.0,3642022.8,3642022.8,3642115.8,0.0,0.0,0.0,93.0,93.0
17344.0,3642097.55,3642115.8,3642230.0566519704,1.0,2.0,0.15972811810294194,132.50665197055787,114.25665197055787
17319.0,3617113.5,3620581.9050014857,3642643.2325285743,1.0,0.0,0.15721651370376277,25529.7325285743,22061.32752708858
17345.0,3642529.8,3642529.8,3642653.8,0.0,0.0,0.0,124.0,124.0
17346.0,3642754.05,3642754.05,3642871.392366333,2.0,0.0,0.0,117.34236633311957,117.34236633311957
17136.0,3540888.65,3642754.110979134,3642897.110979134,0.0,0.0,712.3458809729672,102008.46097913431,143.0
17213.0,3548659.4,3567986.6303466293,3643609.3235951005,2.0,0.0,0.25557447792987864,94949.92359510064,75622.69324847125
17348.0,3643327.35,3643609.3235951005,3643703.3235951005,0.0,0.0,2.999719096813351,375.973595100455,94.0
17349.0,3643427.45,3643609.35278589,3643713.35278589,0.0,0.0,1.7490652489404266,285.90278588980436,104.0
17316.0,3615963.65,3617113.7321006614,3643755.510692245,1.0,1.0,0.04316836793414381,27791.860692244954,26641.778591583483
17322.0,3626228.45,3626305.3772388943,3643949.3206326338,1.0,0.0,0.004359979919310833,17720.870632633567,17643.943393739406
17260.0,3589183.65,3596288.174369981,3644305.256309215,0.0,0.0,0.14795826991261116,55121.60630921507,48017.08193923393
17351.0,3644228.9,3644228.9,3644317.3638766077,2.0,0.0,0.0,88.46387660782784,88.46387660782784
17352.0,3645335.2,3645335.2,3645428.2,0.0,0.0,0.0,93.0,93.0
16920.0,3470870.0,3470981.2411608906,3646657.247764756,0.0,1.0,0.0006332177230177629,175787.24776475597,175676.00660386542
17354.0,3645922.15,3645922.15,3646977.14060784,2.0,1.0,0.0,1054.990607840009,1054.990607840009
17363.0,3647047.95,3647047.95,3647233.862412612,0.0,0.0,0.0,185.91241261176765,185.91241261176765
17325.0,3630307.2,3631042.6890994855,3648223.485944912,1.0,0.0,0.0428087885621631,17916.28594491165,17180.796845426317
17353.0,3645774.6,3648223.485944912,3648823.485944912,0.0,0.0,4.081476574852908,3048.8859449117444,600.0
17361.0,3646891.95,3648823.485944912,3648916.485944912,0.0,0.0,20.769203708727435,2024.5359449116513,93.0
17362.0,3647004.4,3648916.485944912,3649020.485944912,0.0,0.0,18.385441777999333,2016.0859449119307,104.0
16889.0,3439139.6,3494042.641565209,3650640.641565209,0.0,0.0,0.3505986127869366,211501.0415652087,156598.0
16674.0,3374891.65,3413742.514012759,3653392.514012759,0.0,0.0,0.1621150177874366,278500.8640127592,239650.0
17367.0,3650547.55,3654192.1921420437,3654278.6644974635,2.0,0.0,42.14806135847032,3731.1144974636845,86.47235541976988
17110.0,3532977.5,3634585.0446753437,3654615.6102787415,0.0,0.0,5.072624841812154,121638.11027874146,20030.565603397787
17278.0,3596709.35,3602014.4656448937,3654714.4186090752,0.0,0.0,0.1006664208694707,58005.068609075155,52699.952964181546
17370.0,3650884.9,3654278.6644974635,3654761.4804332214,1.0,0.0,7.029106220646867,3876.580433221534,482.8159357579425
17311.0,3612903.45,3614304.5531780063,3654871.5858821487,0.0,2.0,0.034537975410340066,41968.13588214852,40567.03270414239
16277.0,3142432.8000000007,3215356.2992394,3655461.266110395,0.0,0.0,0.1656956970012443,513028.46611039434,440104.96687099524
16906.0,3448606.2,3653392.514012759,3655559.7163491216,0.0,1.0,94.49339850586941,206953.51634912146,2167.202336362563
17290.0,3599753.3000000007,3602483.3722420954,3655989.0694383797,0.0,0.0,0.051023954179673016,56235.76943837898,53505.69719628431
17334.0,3635808.15,3636820.198099609,3656296.0580562185,1.0,0.0,0.05196423171371345,20487.908056218643,19475.85995660955
17262.0,3591478.15,3596456.55012201,3656488.264550606,0.0,0.0,0.08292950100453435,65010.11455060588,60031.71442859573
16928.0,3471603.2,3472894.2649919773,3656659.7939242297,2.0,0.0,0.0070256102952422255,185056.5939242295,183765.52893225243
17337.0,3639604.8,3639816.0893193725,3657104.770978498,1.0,0.0,0.012221251078517827,17499.970978497993,17288.681659125257
17148.0,3543468.5,3625568.172573711,3657250.3506261767,1.0,0.0,2.591351908879282,113781.85062617669,31682.178052465897
16888.0,3439133.1,3482819.719253529,3657260.386061858,0.0,1.0,0.250438272524666,218127.28606185783,174440.66680832906
17326.0,3630405.35,3631042.703556727,3657972.904694415,1.0,0.0,0.02366686952943333,27567.55469441507,26930.20113768801
17377.0,3657384.9,3657972.904694415,3659172.3905348503,0.0,0.0,0.490213952172995,1787.4905348503962,1199.4858404351398
17329.0,3632883.15,3632883.15,3659604.5456891404,1.0,1.0,0.0,26721.39568914054,26721.39568914054
17330.0,3633319.95,3633757.3637070525,3661480.436679146,1.0,1.0,0.015777966154497714,28160.4866791456,27723.072972093243
17277.0,3595003.1,3601461.942781323,3662008.925460938,0.0,0.0,0.1066748910593954,67005.8254609378,60546.9826796148
16255.0,3141597.5500000007,3146718.3892374085,3664895.0895328294,0.0,0.0,0.009882418940273287,523297.5395328286,518176.70029542083
17215.0,3548659.4,3572075.103799539,3665220.393338284,0.0,1.0,0.25138902799587326,116560.99333828408,93145.28953874484
17323.0,3626537.85,3626537.85,3666620.6559506874,0.0,2.0,0.0,40082.80595068727,40082.80595068727
17313.0,3613803.05,3615085.040212957,3667144.379084257,0.0,2.0,0.024625556927003817,53341.32908425713,52059.338871299755
16301.0,3144869.65,3149338.6792831207,3667387.2689647423,0.0,0.0,0.008626660456439625,522517.6189647424,518048.58968162164
17357.0,3646092.45,3657250.3506261767,3667436.3506261767,0.0,0.0,1.095415337343069,21343.900626176503,10186.0
17356.0,3646065.15,3648223.485944912,3669027.374515612,0.0,0.0,0.10374675568834178,22962.224515612237,20803.888570700306
17321.0,3620225.7,3621174.6849464295,3669178.971511566,0.0,0.0,0.01976875429950602,48953.271511565894,48004.28656513663
17219.0,3548852.45,3564433.8898458127,3670536.7429278013,0.0,0.0,0.14685222303845397,121684.29292780114,106102.85308198864
17302.0,3602282.45,3605210.655272122,3670568.866335879,2.0,1.0,0.044802408518576954,68286.4163358789,65358.21106375707
17216.0,3548659.4,3572724.828681271,3670659.1221965454,0.0,1.0,0.2457303546843659,121999.72219654545,97934.2935152743
17324.0,3629613.65,3629613.65,3671626.00680779,0.0,0.0,0.0,42012.35680779023,42012.35680779023
17218.0,3548660.0500000007,3563231.718344884,3671772.6009250158,0.0,0.0,0.13425050541785966,123112.550925015,108540.88258013176
17310.0,3610958.65,3612403.25877607,3671855.1127017015,0.0,2.0,0.02429880114213504,60896.46270170156,59451.85392563138
17220.0,3548903.15,3567605.5038093193,3672213.2660783166,0.0,0.0,0.17878552608004958,123310.1160783167,104607.76226899726
16257.0,3141610.5500000007,3155205.8345805174,3673310.319503729,0.0,0.0,0.026240430214634375,531699.7695037285,518104.48492321186
16259.0,3141626.15,3156645.1283856086,3674722.328100731,0.0,0.0,0.02898984628906116,533096.1781007312,518077.1997151226
17378.0,3657653.35,3657972.9135909625,3674988.2598481467,2.0,0.0,0.018780904374926525,17334.909848146606,17015.346257184166
17315.0,3614652.6,3615544.3143469607,3675865.2725952175,0.0,0.0,0.014782827940012433,61212.67259521736,60320.958248256706
17376.0,3656823.95,3657972.904694415,3676694.2086127843,1.0,0.0,0.06137151020168188,19870.25861278409,18721.303918369114
17366.0,3650035.35,3655559.7163491216,3676705.8625541646,2.0,0.0,0.2612469570367436,26670.51255416451,21146.146205042955
17369.0,3650702.9,3656296.0580562185,3678277.0987993525,1.0,1.0,0.25445374136644217,27574.198799352627,21981.040743133985
17222.0,3548950.6,3568586.7937093936,3678543.76065118,0.0,0.0,0.1785807143970178,129593.16065117996,109956.96694178646
17372.0,3651664.25,3656296.0758487885,3678883.7575116046,2.0,1.0,0.20505981613922844,27219.507511604577,22587.68166281609
17303.0,3602296.75,3607693.5177850313,3679558.9397896887,1.0,1.0,0.07509547198764942,77262.18978968868,71865.42200465733
17225.0,3549015.6,3572724.828681271,3679853.910618967,0.0,0.0,0.22131458846123392,130838.31061896682,107129.08193769585
17368.0,3650665.85,3655559.754045296,3679998.9625408887,1.0,1.0,0.20024805820444042,29333.1125408886,24439.2084955927
17339.0,3639885.6,3641025.707360646,3680701.56096437,0.0,3.0,0.028735547117230004,40815.96096437005,39675.853603723925
17223.0,3548966.85,3569085.3272210136,3680925.6841617585,0.0,0.0,0.17988566713599327,131958.83416175842,111840.35694074491
17327.0,3630832.4,3631042.740471048,3681353.615036094,0.0,2.0,0.0041808152385815036,50521.21503609419,50310.87456504628
17333.0,3635212.75,3635212.75,3681789.4784926926,0.0,2.0,0.0,46576.72849269258,46576.72849269258
16677.0,3374902.0500000007,3423223.1771679763,3682423.1771679763,0.0,0.0,0.18642410172830065,307521.12716797553,259200.0
17347.0,3643228.55,3643609.3235951005,3683798.6881750748,0.0,1.0,0.009474486573257952,40570.13817507494,40189.36457997421
17025.0,3486494.0500000007,3580503.289317703,3683939.717809093,0.0,0.0,0.908860066891493,197445.66780909244,103436.42849139031
17153.0,3543833.8000000007,3650640.641565209,3683963.250619921,3.0,0.0,3.205236462422339,140129.45061992016,33322.60905471211
17382.0,3666092.95,3667436.3506261767,3684976.5118709104,2.0,0.0,0.07658998155332503,18883.561870910227,17540.161244733725
17137.0,3540927.0,3617113.7321006614,3685061.8503456637,0.0,0.0,1.1212485947874649,144134.85034566373,67948.11824500235
16911.0,3449806.1,3682423.1771679763,3685063.0876282407,1.0,0.0,88.11551780611396,235256.9876282406,2639.910460264422
17026.0,3486518.1,3594799.5710768257,3685225.5459077456,0.0,0.0,1.1974598148296691,198707.4459077455,90425.97483091988
17350.0,3643807.7,3643807.7,3685508.5971974875,0.0,3.0,0.0,41700.8971974873,41700.8971974873
17151.0,3543806.5,3645335.275343174,3685764.2621559734,0.0,2.0,2.511286662049902,141957.76215597335,40428.98681279924
16663.0,3322312.5,3685063.0876282407,3686294.0876282407,0.0,0.0,294.67960002294126,363981.5876282407,1231.0
16664.0,3322381.4,3686294.0876282407,3687315.56683396,0.0,1.0,356.2604951630121,364934.16683396,1021.4792057191953
17375.0,3653598.0,3657260.386061858,3687430.386061858,0.0,0.0,0.12139164938209877,33832.38606185792,30170.0
17332.0,3634397.0,3634712.633301443,3687935.9752389854,0.0,0.0,0.005930354802096987,53538.97523898538,53223.34193754243
16666.0,3322386.6,3687315.56683396,3688358.56683396,0.0,0.0,349.8839566960305,365971.9668339598,1043.0
16684.0,3375143.2,3688358.56683396,3690440.56683396,0.0,0.0,150.43965746107574,315297.3668339597,2082.0
17391.0,3671251.35,3671855.1127017015,3690514.1632308015,1.0,0.0,0.03235763260085318,19262.813230801374,18659.0505291
17383.0,3666432.9,3667436.3506261767,3690662.471977164,0.0,1.0,0.04320353842180046,24229.57197716413,23226.12135098735
16685.0,3375173.1,3690440.56683396,3692634.2163132573,0.0,1.0,143.71825116514435,317461.11631325725,2193.6494792974554
16835.0,3431101.0500000007,3692634.2163132573,3692767.3484779107,1.0,1.0,1964.4626600503173,261666.29847791,133.13216465339065
17331.0,3634227.35,3634712.633301443,3693018.989332895,0.0,2.0,0.008322991427917193,58791.6393328947,58306.35603145184
16172.0,3101215.0,3175271.4410107685,3693469.729058965,0.0,0.0,0.14291139650365015,592254.7290589651,518198.2880481966
16687.0,3375305.0500000007,3692767.3484779107,3694350.3484779107,0.0,0.0,200.54472424378395,319045.29847791,1583.0
17409.0,3695117.4,3695736.9688868476,3695783.9688868476,0.0,0.0,13.182316741440445,666.5688868477009,47.0
17408.0,3695108.95,3695736.9688868476,3695799.9688868476,0.0,0.0,9.968553759482882,691.0188868474215,63.0
17403.0,3694647.45,3695736.9688868476,3695921.342367472,1.0,0.0,5.909303676195445,1273.8923674719408,184.3734806245193
16689.0,3375333.0,3694350.3484779107,3696065.3484779107,0.0,0.0,186.01594663435029,320732.34847791074,1715.0
17373.0,3653028.6,3654871.5858821487,3696069.7048383486,0.0,0.0,0.04473470946836188,43041.10483834846,41198.11895619985
17389.0,3669412.5,3670536.8022933444,3696225.640071855,2.0,0.0,0.04376617981078587,26813.140071854927,25688.837778510526
17374.0,3653178.1,3655461.266110395,3696555.1825913247,0.0,0.0,0.055559710680157116,43377.08259132458,41093.91648092959
17422.0,3696776.2,3696776.2,3696843.2,0.0,0.0,0.0,67.0,67.0
17423.0,3696888.0,3696888.0,3697129.867204272,0.0,0.0,0.0,241.86720427218825,241.86720427218825
17431.0,3697115.5,3697129.867204272,3697349.7502276283,0.0,0.0,0.06534021614265968,234.25022762827575,219.8830233560875
17436.0,3697536.7,3697536.7,3697688.6065755505,0.0,0.0,0.0,151.90657555032521,151.90657555032521
17438.0,3697564.65,3697688.6065755505,3697900.488250366,0.0,0.0,0.5850273538689942,335.8382503660396,211.88167481543496
17444.0,3697702.45,3697900.488250366,3698046.3998518717,0.0,0.0,1.3572481442335007,343.9498518714681,145.91160150570795
17392.0,3673208.5,3673310.319503729,3698156.143290107,2.0,0.0,0.004098053041213941,24947.64329010714,24845.823786377907
17446.0,3697881.85,3698046.3998518717,3698361.3998518717,0.0,0.0,0.5223804821319405,479.54985187156126,315.0
17410.0,3695150.55,3698156.143290107,3698428.143290107,0.0,0.0,11.04997533127693,3277.5932901073247,272.0
17424.0,3696990.7,3698428.143290107,3698501.143290107,0.0,0.0,19.69100397406784,1510.4432901069522,73.0
17430.0,3697084.3,3698428.143290107,3698515.403185491,0.0,2.0,15.400468728456712,1431.1031854911707,87.25989538384601
17433.0,3697250.05,3698501.143290107,3698568.940678433,2.0,0.0,18.45341422435262,1318.8906784332357,67.79738832591102
17434.0,3697346.25,3698568.940678433,3698649.885367448,0.0,1.0,15.105261300189564,1303.635367447976,80.94468901492655
17435.0,3697430.1,3698649.885367448,3698742.885367448,0.0,0.0,13.115971692987989,1312.785367447883,93.0
17280.0,3597623.25,3633757.441319203,3698749.284046552,2.0,1.0,0.5559804092767694,101126.03404655214,64991.84272734914
17402.0,3694317.25,3698749.284046552,3698809.284046552,0.0,0.0,73.8672341092024,4492.034046552144,60.0
17393.0,3682026.4,3682026.4,3699204.828978327,1.0,0.0,0.0,17178.428978327196,17178.428978327196
17455.0,3699001.8,3699204.828978327,3699271.828978327,0.0,0.0,3.030283258616257,270.0289783272892,67.0
17425.0,3697054.4,3699204.849031406,3699340.849031406,0.0,0.0,15.812125230927075,2286.449031406082,136.0
17426.0,3697058.3,3699340.849031406,3699530.4007504047,0.0,2.0,12.041827124879966,2472.1007504048757,189.55171899870038
17224.0,3549003.9,3572075.103799539,3699793.091593582,0.0,0.0,0.18064177331656428,150789.19159358228,127717.98779404303
17097.0,3527035.2,3617113.7321006614,3699913.7321006614,0.0,0.0,1.0879049770611255,172878.5321006612,82800.0
16999.0,3480467.9,3577332.4249640857,3700721.725319217,0.0,0.0,0.7850318032868039,220253.82531921705,123389.30035513127
17454.0,3698901.7,3699204.828978327,3700735.828978327,0.0,0.0,0.1979941073330612,1834.1289783269167,1531.0
17404.0,3694973.75,3698809.284046552,3700968.863152636,0.0,2.0,1.7760562860357796,5995.113152636215,2159.579106084071
17406.0,3694985.45,3700721.725319217,3700974.725319217,0.0,0.0,22.673024977141395,5989.275319216773,253.0
17411.0,3695501.55,3700974.725319217,3701574.725319217,0.0,0.0,9.12195886536191,6073.175319217145,600.0
17460.0,3701172.8,3701574.8246419784,3701661.8246419784,0.0,0.0,4.620972896305223,489.0246419785544,87.0
17461.0,3701209.2,3701661.8246419784,3701754.8246419784,0.0,0.0,4.866931634173999,545.6246419781819,93.0
17405.0,3694978.3,3699913.7321006614,3701754.8805570127,0.0,0.0,2.6806269117712493,6776.5805570129305,1841.148456351366
16895.0,3440457.8000000007,3684976.5830292925,3701804.207748416,0.0,2.0,14.530796063654439,261346.40774841513,16827.624719123356
17462.0,3701307.35,3701754.8246419784,3701858.8246419784,0.0,0.0,4.302640788252645,551.474641978275,104.0
17428.0,3697067.4,3701754.8805570127,3701921.8805570127,0.0,0.0,28.06874585037627,4854.480557012837,167.0
17443.0,3697679.05,3701921.8805570127,3702056.8805570127,0.0,0.0,31.428374496392077,4377.8305570129305,135.0
17458.0,3700994.05,3702056.8805570127,3702140.8805570127,0.0,0.0,12.65274472634441,1146.8305570129305,84.0
17371.0,3651310.0,3654714.4186090752,3702241.981299708,0.0,0.0,0.07163040594434308,50931.98129970813,47527.56269063288
17463.0,3701389.9,3702140.8805570127,3702278.8805570127,0.0,0.0,5.441888094295923,888.9805570128374,138.0
17464.0,3701460.1,3702278.8805570127,3702734.8805570127,0.0,0.0,1.7955713969575682,1274.7805570126511,456.0
17466.0,3701735.7,3702734.8805570127,3702974.0864624847,0.0,2.0,4.177073116323272,1238.3864624844864,239.20590547192842
17394.0,3682862.95,3683798.7091959473,3703146.986703262,1.0,1.0,0.04836395361774761,20284.036703262012,19348.277507314924
17459.0,3700994.7,3701574.7532937685,3703238.092978138,1.0,0.0,0.34872810359730383,2243.3929781378247,1663.3396843695082
17467.0,3701945.65,3702974.0864624847,3703285.8911049054,0.0,0.0,3.298335953244289,1340.2411049054936,311.80464242072776
17469.0,3702171.2,3703285.8911049054,3703929.602820056,0.0,0.0,1.7316619826382738,1758.4028200558387,643.7117151506245
17396.0,3683908.8,3683939.717809093,3704077.7249466814,0.0,1.0,0.0015352963618560829,20168.924946681596,20138.007137588225
17412.0,3695695.25,3701574.725319217,3704145.725319217,0.0,0.0,2.2868437647673896,8450.47531921696,2571.0
16681.0,3374923.5,3478607.7547771507,3704162.432117742,180.0,111.0,0.45968567799011206,329238.932117742,225554.67734059133
17472.0,3702604.75,3703929.602820056,3704507.283474651,0.0,0.0,2.2934000117842444,1902.5334746511653,577.6806545951404
17470.0,3702353.2,3704162.432117742,3704626.2063281396,0.0,1.0,3.9011054887909307,2273.006328139454,463.77421039761975
17432.0,3697146.7,3701804.207748416,3704698.45635915,1.0,0.0,1.6092286374923772,7551.756359149702,2894.2486107340083
17477.0,3702797.8,3704507.283474651,3704901.061260746,0.0,0.0,4.341238980505255,2103.261260746047,393.77778609469533
17414.0,3695709.55,3700968.863152636,3705192.572068361,0.0,0.0,1.2451883540212627,9483.022068361286,4223.708915724885
17473.0,3702630.1,3703146.986703262,3705318.337667933,0.0,1.0,0.238048436974086,2688.2376679331064,2171.350964671001
17480.0,3703052.6,3704651.165319217,3705336.8169388412,0.0,0.0,2.3314541575685754,2284.2169388411567,685.6516196243465
17493.0,3705124.15,3705336.8169388412,3705606.6266525225,0.0,0.0,0.7882108317738409,482.4766525225714,269.80971368122846
17413.0,3695703.7,3700721.725319217,3705860.9889426166,0.0,0.0,0.9764094016055384,10157.288942616433,5139.26362339966
17508.0,3705858.65,3705861.0380232288,3705936.1357109034,1.0,0.0,0.03179889158764555,77.48571090353653,75.09768767468631
17498.0,3705649.35,3705860.9889426166,3705974.9367735563,1.0,1.0,1.857331911202306,325.5867735561915,113.94783093966544
17365.0,3649851.4,3654192.1780127594,3705981.0613540863,0.0,0.0,0.08381679103120639,56129.66135408636,51788.883341326844
17509.0,3705923.0,3705936.1357109034,3706035.866488497,2.0,0.0,0.13171170646043345,112.86648849677294,99.73077759332955
17468.0,3702162.1,3703146.986703262,3706081.0557799404,0.0,3.0,0.33567263671144587,3918.9557799403556,2934.06907667825
17476.0,3702769.2,3705860.9889426166,3706222.5438917708,1.0,0.0,8.551366672893403,3453.343891770579,361.554949154146
17510.0,3705999.7,3706035.866488497,3706240.1559558758,2.0,0.0,0.1770355024201657,240.45595587557182,204.28946737898514
17364.0,3647814.95,3654192.1780127594,3706378.156620348,0.0,4.0,0.12220194356634936,58563.206620347686,52185.97860758845
17501.0,3705710.45,3706222.5438917708,3706378.4664437952,0.0,0.0,3.284283672384863,668.0164437950589,155.92255202447996
17478.0,3702911.55,3706222.5438917708,3706382.766934444,1.0,1.0,20.664904601265512,3471.216934444383,160.22304267343134
17440.0,3697599.1,3704145.725319217,3706437.614104143,0.0,1.0,2.856432372406095,8838.514104142785,2291.888784925919
17483.0,3703241.1,3706382.766934444,3706452.55396679,1.0,1.0,45.01791849921357,3211.453966789879,69.78703234577551
16715.0,3379101.7,3454078.767839567,3706678.767839567,0.0,0.0,0.2968213295311426,327577.0678395666,252600.0
17487.0,3703388.0,3705192.572068361,3706777.813116448,2.0,0.0,1.1383581509820808,3389.813116448,1585.2410480869003
17401.0,3692861.9,3696225.640071855,3706865.640071855,0.0,0.0,0.31614098419690034,14003.74007185502,10640.0
17485.0,3703266.45,3706437.614104143,3706921.600333707,2.0,1.0,6.552178368791664,3655.150333706755,483.98622956406325
17511.0,3706166.1,3706865.640071855,3706991.5797748226,0.0,0.0,5.554563456724507,825.479774822481,125.93970296764746
17513.0,3706173.9,3706921.600333707,3707047.5380370454,0.0,0.0,5.937065024106601,873.6380370454863,125.93770333845168
17518.0,3706857.7,3706866.1759838536,3707139.1759838536,0.0,0.0,0.031047559902754242,281.4759838534519,273.0
17520.0,3707175.55,3707175.55,3707218.5275055,1.0,0.0,0.0,42.97750549996272,42.97750549996272
17506.0,3705823.55,3706378.4664437952,3707231.947713439,0.0,0.0,0.6501799905077333,1408.3977134390734,853.481269643642
17514.0,3706697.15,3706777.813116448,3707590.1804089486,0.0,2.0,0.09929389968397447,893.0304089486599,812.3672925005667
17488.0,3704086.1,3704086.1,3707775.8055930617,0.0,1.0,0.0,3689.7055930616334,3689.7055930616334
17384.0,3666547.95,3666547.95,3707917.799602591,0.0,0.0,0.0,41369.84960259078,41369.84960259078
17441.0,3697605.6,3706678.767839567,3708611.767839567,0.0,0.0,4.69382712859116,11006.167839566711,1933.0
17442.0,3697608.85,3707047.5380370454,3708688.5380370454,0.0,0.0,5.75179039429939,11079.6880370453,1641.0
17527.0,3708065.4,3708611.8001400987,3708720.8001400987,0.0,0.0,5.012845322006989,655.4001400987618,109.0
17491.0,3704616.5,3704901.061260746,3708810.902191996,0.0,0.0,0.07278077695474598,4194.402191996109,3909.840931250248
17528.0,3708647.15,3708688.5535867773,3708823.5535867773,0.0,0.0,0.3066932353880946,176.40358677739277,135.0
17529.0,3708710.2,3708810.902191996,3708889.4742996166,1.0,0.0,1.281653185151429,179.27429961645976,78.57210762053728
17397.0,3685903.65,3686294.1207427387,3709138.046701069,1.0,1.0,0.01709297882732878,23234.396701069083,22843.925958330277
17525.0,3708009.5,3708009.5,3709243.628233426,0.0,1.0,0.0,1234.1282334257849,1234.1282334257849
16708.0,3378066.25,3435473.9064371204,3709454.4798978227,0.0,1.0,0.209531850057809,331388.2298978227,273980.5734607023
17507.0,3705839.8,3706081.0557799404,3709908.6939559453,0.0,0.0,0.0630299335640047,4068.893955945503,3827.638176004868
17523.0,3707613.0,3709138.046701069,3710005.4599188273,0.0,0.0,1.7581547869540837,2392.459918827284,867.4132177582942
17503.0,3705767.0,3706437.614104143,3710140.049269667,2.0,0.0,0.1811278453671353,4373.049269666895,3702.435165524017
17534.0,3709161.3,3710140.049269667,3710307.9338772367,0.0,0.0,5.829892828383748,1146.6338772368617,167.8846075697802
17521.0,3707251.6,3710140.049269667,3710554.049269667,0.0,0.0,6.976930603059909,3302.449269666802,414.0
17551.0,3710552.95,3710552.95,3710629.9590540864,1.0,0.0,0.0,77.00905408617109,77.00905408617109
17421.0,3696643.6,3699204.828978327,3710784.828978327,0.0,0.0,0.22117694113359324,14141.22897832701,11580.0
17538.0,3709533.75,3710554.049269667,3710907.8595261956,0.0,0.0,2.8837470108338246,1374.1095261955634,353.8102565286681
17530.0,3709029.35,3709029.35,3710927.178859823,1.0,1.0,0.0,1897.8288598228246,1897.8288598228246
17542.0,3709966.65,3710907.8595261956,3711317.700581627,0.0,0.0,2.2965232831662727,1351.0505816270597,409.8410554314032
17555.0,3711046.3,3711046.3,3711363.3,0.0,0.0,0.0,317.0,317.0
17557.0,3711349.85,3711363.3,3711430.3,0.0,0.0,0.20074626865254633,80.4499999997206,67.0
17386.0,3666731.25,3667144.379084257,3712263.672153072,0.0,0.0,0.009156373164509632,45532.422153071966,45119.29306881502
17390.0,3670434.95,3670536.7429278013,3712837.256158679,0.0,0.0,0.002406422996467077,42402.306158678606,42300.51323087746
17400.0,3692447.85,3692447.85,3713050.569535108,0.0,2.0,0.0,20602.719535107724,20602.719535107724
17565.0,3713458.45,3713458.45,3713547.45,0.0,0.0,0.0,89.0,89.0
17471.0,3702354.5,3704162.478002127,3713637.904317535,1.0,0.0,0.19080703516070843,11283.404317534994,9475.4263154082
17552.0,3710687.5,3713050.569535108,3713880.1484174784,0.0,0.0,2.8485169829240293,3192.6484174784273,829.5788823706098
17569.0,3713715.2,3713880.162293689,3713940.162293689,0.0,0.0,2.749371561477892,224.96229368867353,60.0
17570.0,3713736.0,3713880.2231168686,3713947.2231168686,0.0,0.0,2.1525838338603167,211.22311686864123,67.0
17399.0,3690558.95,3690558.95,3713953.705183191,2.0,0.0,0.0,23394.75518319104,23394.75518319104
17543.0,3710081.05,3713953.705183191,3714108.705183191,0.0,0.0,24.984872149622007,4027.655183191411,155.0
17553.0,3710851.95,3714108.705183191,3714263.705183191,0.0,0.0,21.01132376252283,3411.7551831910387,155.0
17554.0,3710963.1,3714263.705183191,3714465.705183191,0.0,0.0,16.339629619758078,3502.605183191132,202.0
17556.0,3711175.0,3714465.705183191,3714651.705183191,0.0,0.0,17.691963350490457,3476.705183191225,186.0
17583.0,3714746.1,3714797.667277893,3714852.3594167377,1.0,0.0,0.9428645319475657,106.25941673759371,54.69213884463534
17562.0,3713125.0,3714651.705183191,3714961.473075822,0.0,0.0,4.928545596592826,1836.4730758219957,309.7678926307708
17564.0,3713388.9,3713880.1484174784,3715008.1484174784,0.0,0.0,0.4355039162043621,1619.2484174785204,1128.0
16713.0,3378233.3000000007,3453936.6228898102,3715127.8935021716,0.0,1.0,0.2898386409022151,336894.5935021709,261191.27061236138
17420.0,3696609.8,3698428.143290107,3715373.2685128213,1.0,0.0,0.1073077517107941,18763.468512821477,16945.125222714152
17533.0,3709160.65,3710005.4599188273,3715397.9164247424,1.0,0.0,0.15666513358071216,6237.266424742527,5392.45650591515
17567.0,3713494.85,3714961.473075822,3715443.2162329447,0.0,0.0,3.0444087355208698,1948.3662329446524,481.74315712274984
17536.0,3709161.3,3711046.3171833158,3715684.649904422,1.0,2.0,0.4063997338393533,6523.349904422183,4638.332721106242
17502.0,3705764.4,3715127.8935021716,3715738.643156772,0.0,2.0,15.331148256314753,9974.243156772107,610.7496546003968
17568.0,3713672.95,3715373.2685128213,3715787.2685128213,0.0,0.0,4.107049547877064,2114.3185128211044,414.0
17580.0,3714604.4,3715443.2638578014,3715861.3697621617,0.0,1.0,2.0063430079634776,1256.9697621618398,418.1059043603018
17535.0,3709161.3,3710784.828978327,3715973.6171257636,1.0,0.0,0.3128917450849099,6812.317125763744,5188.788147436455
17593.0,3715714.6,3715738.6560925124,3716025.4640245023,1.0,0.0,0.08387526922782444,310.8640245022252,286.80793198989704
17445.0,3697773.3,3698742.885367448,3716370.885367448,0.0,0.0,0.0550025736015522,18597.585367448162,17628.0
17559.0,3711429.15,3715973.6171257636,3716418.6171257636,0.0,0.0,10.212285675873373,4989.467125763651,445.0
17142.0,3541786.3000000007,3544097.264053709,3716815.415543214,0.0,0.0,0.01337997213250948,175029.1155432132,172718.15148950508
17598.0,3716592.1,3716685.6171257636,3716831.5366631313,0.0,0.0,0.6408814573457086,239.43666313122958,145.91953736776486
17596.0,3716511.5,3716685.6171257636,3716913.6171257636,0.0,0.0,0.7636716042261309,402.11712576355785,228.0
17575.0,3714079.85,3715397.9164247424,3716960.752134694,0.0,1.0,0.8433813076765245,2880.9021346936934,1562.8357099513523
17578.0,3714358.7,3716418.6171257636,3717048.4318887293,0.0,2.0,3.270671389256252,2689.7318887291476,629.814762965776
17597.0,3716525.15,3716815.415543214,3717087.264023593,0.0,0.0,1.0677475290983642,562.1140235932544,271.8484803792089
17603.0,3717125.75,3717125.75,3717223.75,0.0,0.0,0.0,98.0,98.0
17605.0,3717281.1,3717281.1,3717412.0383668886,1.0,0.0,0.0,130.93836688855663,130.93836688855663
17381.0,3664895.65,3664895.65,3717554.241010425,0.0,1.0,0.0,52658.59101042524,52658.59101042524
17566.0,3713485.75,3713953.747282208,3718510.6672150055,1.0,0.0,0.10270035223564572,5024.917215005495,4556.919932797551
17612.0,3718083.85,3718510.6672150055,3718561.2885936946,1.0,0.0,8.431560460393642,477.43859369447455,50.621378689073026
17610.0,3717972.7,3718510.6672150055,3718577.6672150055,0.0,0.0,8.029361417989678,604.9672150053084,67.0
17581.0,3714681.1,3717048.4318887293,3718773.4479704066,0.0,0.0,1.372353518250922,4092.347970406525,1725.016081677284
17385.0,3666653.9,3666653.9,3718994.7297908273,0.0,0.0,0.0,52340.82979082735,52340.82979082735
17452.0,3698838.65,3708611.767839567,3719321.767839567,0.0,0.0,0.9125226740958822,20483.117839566898,10710.0
17505.0,3705776.75,3719321.767839567,3719383.767839567,0.0,0.0,218.46802967043234,13607.017839566804,62.0
17512.0,3706170.65,3719383.767839567,3719468.4900499973,0.0,1.0,155.95813391105662,13297.840049997438,84.72221043054014
17576.0,3714165.0,3715443.2162329447,3719522.2162329447,0.0,0.0,0.31336509755938846,5357.216232944746,4079.0
17589.0,3715083.45,3717281.1159201707,3719791.219817371,1.0,0.0,0.8755278706278213,4707.769817370921,2510.1038972004317
17453.0,3698882.2,3708688.5380370454,3719820.5380370454,0.0,0.0,0.8809143044417181,20938.338037045207,11132.0
17531.0,3709160.0,3709454.5060367496,3719833.180168967,0.0,3.0,0.028376075113040185,10673.180168967228,10378.674132217653
17563.0,3713236.15,3719468.4900499973,3719871.7382620317,1.0,0.0,15.455344534711964,6635.588262031786,403.2482120343484
17572.0,3713908.9,3719871.7382620317,3720126.7382620317,0.0,0.0,23.38367945894818,6217.838262031786,255.0
17571.0,3713871.2,3715008.1484174784,3720144.6452484285,0.0,1.0,0.22134704934062147,6273.4452484282665,5136.4968309500255
17579.0,3714433.45,3720126.7382620317,3720204.4983539227,1.0,0.0,73.2160691117578,5771.048353922553,77.76009189104661
17558.0,3711397.3,3713637.904317535,3720624.6375467693,0.0,0.0,0.3206941275730833,9227.33754676953,6986.733229234349
17387.0,3667952.6,3669027.374515612,3720735.6288036117,0.0,3.0,0.0207853568141341,52783.02880361164,51708.25428799959
17594.0,3715719.8,3719436.389471567,3720891.560073287,1.0,0.0,2.554057556669172,5171.7600732874125,1455.170601720456
17537.0,3709161.3,3710307.9338772367,3720993.720030304,0.0,0.0,0.10730458768424062,11832.42003030423,10685.786153067369
17532.0,3709160.65,3709908.6939559453,3720998.5619169134,0.0,0.0,0.06745291815720696,11837.911916913465,11089.867960968055
17586.0,3714867.65,3715480.926597884,3721274.3427092093,0.0,0.0,0.10585750895488787,6406.692709209397,5793.4161113253795
17388.0,3668728.05,3669027.4049977306,3721314.489081135,0.0,1.0,0.005725218817964787,52586.439081135206,52287.08408340439
17595.0,3716274.9,3720891.560073287,3721336.560073287,0.0,0.0,10.37451701862319,5061.660073287319,445.0
17604.0,3717220.65,3721336.560073287,3721779.560073287,0.0,0.0,9.2909933934251,4558.910073287319,443.0
17522.0,3707397.2,3707397.2,3721860.2,0.0,0.0,0.0,14463.0,14463.0
17617.0,3721604.25,3721779.560073287,3721872.560073287,0.0,0.0,1.8850545514755512,268.31007328722626,93.0
16717.0,3379125.75,3469339.2813695055,3721939.2813695055,0.0,0.0,0.3571398708214784,342813.53136950545,252600.0
17615.0,3721414.45,3721779.560073287,3721966.560073287,0.0,0.0,1.952460284957433,552.11007328704,187.0
17616.0,3721559.4,3721779.560073287,3721970.560073287,0.0,0.0,1.1526705407713058,411.1600732873194,191.0
17549.0,3710357.3,3721939.2813695055,3722058.2813695055,0.0,0.0,97.32757453366081,11700.981369505636,119.0
17609.0,3717948.0,3721939.3059308357,3722100.3059308357,0.0,0.0,24.79072006730224,4152.305930835661,161.0
17611.0,3718057.85,3722058.2813695055,3722218.2813695055,0.0,0.0,25.002696059408482,4160.431369505357,160.0
17606.0,3717619.1,3721779.6034072973,3722228.562608585,1.0,0.0,9.266996634353008,4609.462608585134,448.95920128794387
17407.0,3695017.95,3695736.9688868476,3722239.9688868476,0.0,0.0,0.02712971689421656,27222.01888684742,26503.0
17618.0,3721970.2,3721970.2,3722265.552404262,0.0,2.0,0.0,295.3524042619392,295.3524042619392
17619.0,3722189.25,3722189.25,3722413.8291786304,2.0,0.0,0.0,224.57917863037437,224.57917863037437
17143.0,3542082.7,3549866.957281284,3722578.2385438504,0.0,0.0,0.04507092544493223,180495.53854385018,172711.28126256634
16986.0,3479125.65,3479187.4388990817,3722688.4388990817,0.0,0.0,0.0002537521368772989,243562.78889908176,243501.0
17457.0,3700876.4,3701804.207748416,3723659.0021386514,0.0,1.0,0.04245328195951848,22782.602138651535,21854.794390235562
17622.0,3722884.75,3723659.042032218,3723809.1933226325,1.0,0.0,5.156745773420746,924.4433226324618,150.15129041438922
17574.0,3714014.85,3715253.7335021715,3724071.7898675,0.0,0.0,0.14049394229804746,10056.93986749975,8818.056365328375
17621.0,3722390.1,3722578.2385438504,3724233.3691575537,0.0,0.0,0.11366990755450113,1843.2691575535573,1655.1306137032807
17588.0,3714946.95,3715973.6680885307,3724259.5003814404,1.0,1.0,0.12391248727168207,9312.550381440204,8285.832292909734
17395.0,3682868.15,3683798.6881750748,3725040.2398405764,0.0,0.0,0.022563122324353264,42172.08984057652,41241.55166550167
17626.0,3725020.65,3725020.65,3725166.589192877,0.0,0.0,0.0,145.93919287715107,145.93919287715107
17591.0,3715302.5,3718510.6672150055,3725517.74940638,0.0,0.0,0.4578463799032633,10215.249406380113,7007.082191374619
17625.0,3723746.0,3723809.1933226325,3725543.0469557494,2.0,0.0,0.03644674580683019,1797.0469557493925,1733.8536331169307
17620.0,3722349.8,3722349.8,3725714.859383089,0.0,2.0,0.0,3365.0593830891885,3365.0593830891885
17281.0,3597668.75,3638759.1256729476,3725775.833565361,0.0,1.0,0.472212482730919,128107.08356536087,87016.70789241325
17628.0,3725151.95,3725775.833565361,3725874.7876426703,1.0,1.0,6.3047787653012355,722.8376426701434,98.95407730946317
17629.0,3725259.2,3725775.833565361,3725928.1294765826,2.0,1.0,3.3923009568417544,668.9294765824452,152.29591122176498
17631.0,3725389.85,3725874.7876426703,3726066.8252600846,0.0,2.0,2.5252221372031607,676.975260084495,192.03761741425842
17451.0,3698817.2,3704698.45635915,3726189.973480734,0.0,0.0,0.2736547785750823,27372.773480733857,21491.517121584155
17474.0,3702736.7,3704626.2063281396,3726420.5083163874,2.0,1.0,0.08669726285147096,23683.808316387236,21794.301988247782
17627.0,3725144.8,3725144.8,3726837.106490606,1.0,0.0,0.0,1692.3064906061627,1692.3064906061627
17098.0,3527054.0500000007,3554450.9100862653,3727141.5693387766,0.0,0.0,0.15864702934629707,200087.5193387759,172690.65925251134
17633.0,3725606.95,3725928.1294765826,3727605.1294765826,0.0,0.0,0.19152026033538772,1998.1794765824452,1677.0
17475.0,3702749.7,3705192.572068361,3728215.572068361,0.0,0.0,0.10610572333583432,25465.872068360914,23023.0
17573.0,3713941.4,3715787.2685128213,3728236.5860430463,1.0,0.0,0.14827065888068952,14295.186043046415,12449.317530225031
17613.0,3718274.95,3719871.7382620317,3728321.7967030266,0.0,0.0,0.1889677181739699,10046.846703026444,8450.058440994937
17592.0,3715613.2,3718773.4479704066,3729605.4479704066,0.0,0.0,0.29175110509660557,13992.247970406432,10832.0
17548.0,3710354.05,3715738.643156772,3729830.4079211326,0.0,0.0,0.3821092139140966,19476.357921132818,14091.764764360618
17495.0,3705286.65,3705606.6266525225,3730163.9370270385,0.0,0.0,0.013029792255043606,24877.287027038634,24557.310374516062
17599.0,3716612.9,3719468.4900499973,3730222.4227822446,2.0,0.0,0.26553914006124685,13609.52278224472,10753.932732247282
17637.0,3727657.05,3727657.05,3730843.05,0.0,0.0,0.0,3186.0,3186.0
16926.0,3471562.25,3472575.533111842,3731775.533111842,0.0,0.0,0.0039092712648220816,260213.28311184188,259200.0
17479.0,3702999.3,3709454.4798978227,3732037.725670579,0.0,0.0,0.2858393325201404,29038.425670579076,22583.24577275617
17640.0,3729707.15,3729707.15,3732807.9596953797,1.0,0.0,0.0,3100.8096953798085,3100.8096953798085
17577.0,3714179.95,3715684.649904422,3732903.7199183516,1.0,0.0,0.08738566619478058,18723.769918351434,17219.070013929624
17212.0,3548659.4,3560617.6442669085,3733333.387293871,0.0,0.0,0.06923656209522154,184673.98729387112,172715.7430269625
17481.0,3703083.15,3722349.82012863,3733457.82012863,0.0,0.0,1.734485967647642,30374.67012863001,11108.0
17524.0,3707912.65,3707912.65,3735242.544644554,0.0,0.0,0.0,27329.89464455424,27329.89464455424
17614.0,3718923.65,3720204.4983539227,3735683.9460679065,2.0,0.0,0.08274509385536728,16760.296067906544,15479.44771398371
17217.0,3548659.4,3563082.1922181584,3735769.921131404,0.0,0.0,0.08351949677561722,187110.5211314042,172687.72891324572
17519.0,3707057.9,3707175.597516484,3737006.597516484,0.0,0.0,0.0039454767350804885,29948.697516484186,29831.0
17526.0,3708029.65,3710554.049269667,3737259.049269667,0.0,0.0,0.09452908704987786,29229.39926966699,26705.0
17398.0,3687466.25,3687466.25,3737883.5725656217,0.0,2.0,0.0,50417.3225656217,50417.3225656217
17608.0,3717683.45,3719791.24979138,3739740.3734958884,1.0,1.0,0.10565876589874865,22056.923495888244,19949.123704508413
17624.0,3723722.6,3723809.1933226325,3742010.9365287665,1.0,0.0,0.0047574192016502205,18288.336528766435,18201.743206134066
17437.0,3697559.45,3699428.574235206,3742542.9924526773,0.0,0.0,0.043352648892949444,44983.54245267715,43114.418217471335
17632.0,3725408.05,3725517.74940638,3742786.752588732,2.0,0.0,0.006352387872185123,17378.702588732354,17269.003182352055
17465.0,3701560.2,3702241.981299708,3743143.297547333,0.0,0.0,0.016668932989351834,41583.097547332756,40901.31624762481
17601.0,3716729.25,3719791.219817371,3743339.961962293,2.0,1.0,0.13002689479240023,26610.711962292902,23548.742144921795
17636.0,3727462.05,3727462.05,3745276.0396692785,1.0,0.0,0.0,17813.98966927873,17813.98966927873
17358.0,3646295.25,3678883.7575116046,3745942.681634963,2.0,0.0,0.48596824267052496,99647.43163496302,67058.92412335845
17499.0,3705664.95,3745942.681634963,3746352.398632903,0.0,0.0,98.30622560807703,40687.44863290293,409.7169979400933
17492.0,3705083.2,3705099.4151391657,3747780.5140583473,0.0,0.0,0.00037991381609514524,42697.31405834714,42681.09891918162
17379.0,3662025.9,3674988.2598481467,3748219.9922540616,1.0,1.0,0.1770046866609402,86194.09225406172,73231.73240591493
17635.0,3726414.25,3726414.25,3749893.9053921155,1.0,0.0,0.0,23479.65539211547,23479.65539211547
17657.0,3749849.35,3749893.9860606743,3749978.2408761173,2.0,0.0,0.5297745943604976,128.8908761171624,84.25481544295326
17456.0,3699519.2,3699530.4453623826,3750504.7385730334,0.0,2.0,0.00022060850036528803,50985.53857303318,50974.293210650794
17658.0,3750423.95,3750423.95,3750536.6550576314,0.0,1.0,0.0,112.70505763124675,112.70505763124675
17660.0,3750539.65,3750539.65,3750637.8063370897,2.0,0.0,0.0,98.1563370898366,98.1563370898366
17659.0,3750500.65,3750500.65,3750708.51667715,0.0,0.0,0.0,207.86667715013027,207.86667715013027
17661.0,3750587.1,3750637.8063370897,3750727.99511584,2.0,0.0,0.5622244562167961,140.8951158397831,90.18877875013277
17544.0,3710259.15,3711317.700581627,3752861.3934107954,0.0,0.0,0.025480416148365048,42602.24341079546,41543.6928291684
17645.0,3737288.1,3737288.1,3752865.7598255887,2.0,0.0,0.0,15577.659825588576,15577.659825588576
17669.0,3751404.15,3752865.897530041,3752928.776328163,2.0,0.0,23.247065365402012,1524.6263281633146,62.8787981220521
17672.0,3751653.75,3752861.3934107954,3752939.3934107954,0.0,0.0,15.48260783070985,1285.6434107953683,78.0
17666.0,3751274.8,3752861.3934107954,3752946.1156381443,1.0,0.0,18.727003059785492,1671.3156381445006,84.72222734894603
17667.0,3751359.3,3752861.3934107954,3753088.9647744535,0.0,1.0,6.600537900066195,1729.6647744537331,227.5713636581786
17665.0,3751144.15,3752861.3934107954,3753183.3934107954,0.0,0.0,5.3330540707933585,2039.2434107954614,322.0
17678.0,3753127.3,3753127.3,3753238.3,0.0,0.0,0.0,111.0,111.0
17673.0,3751677.15,3752865.7598255887,3753281.471466333,0.0,0.0,2.859217084852763,1604.3214663332328,415.71164074447006
17682.0,3753484.15,3753484.15,3753555.15,0.0,0.0,0.0,71.0,71.0
17683.0,3753527.05,3753555.15,3753633.15,0.0,0.0,0.36025641025760424,106.10000000009313,78.0
17643.0,3732987.7,3733457.82012863,3753855.090862699,1.0,1.0,0.023048187905085844,20867.390862698667,20397.270734068938
17634.0,3725705.1,3725928.1294765826,3754131.1900053173,0.0,0.0,0.007907988438180483,28426.090005317237,28203.0605287347
17687.0,3753596.6,3754131.1900053173,3754380.869312433,1.0,0.0,2.1411065718371574,784.2693124329671,249.6793071157299
17684.0,3753531.6,3754085.762196486,3754424.623127887,0.0,1.0,1.6353676246901958,893.0231278869323,338.860931401141
17686.0,3753580.35,3753855.090862699,3754476.7704870645,0.0,0.0,0.441933195058634,896.4204870644026,621.6796243656427
17689.0,3753744.15,3754085.7346695997,3754497.466979037,0.0,0.0,0.8296280417404205,753.3169790371321,411.7323094373569
17690.0,3753766.25,3754380.869312433,3754684.747016816,0.0,0.0,2.0225877172570184,918.4970168159343,303.8777043828741
17670.0,3751418.45,3753855.090862699,3754696.6722395397,0.0,0.0,2.895312241634269,3278.222239539493,841.5813768408261
17688.0,3753714.9,3754380.869312433,3754697.204714728,0.0,1.0,2.105263298390215,982.3047147281468,316.3354022949934
17448.0,3698676.8,3733457.82012863,3754787.7858941914,0.0,0.0,1.6306177192645206,56110.985894191545,21329.965765561443
17560.0,3711550.05,3712263.672153072,3754920.8495659274,0.0,0.0,0.01672923986895323,43370.79956592759,42657.17741285544
17668.0,3751383.35,3752865.824217797,3754987.4592131847,1.0,1.0,0.6987414051047359,3604.1092131845653,2121.634995387867
17695.0,3753957.35,3754987.480978345,3755077.669524755,2.0,0.0,11.421971185386091,1120.31952475477,90.18854640983045
17644.0,3734025.75,3735683.9460679065,3756311.4122079695,2.0,0.0,0.08038777311023548,22285.662207969464,20627.466140063014
17675.0,3751857.2,3756311.4122079695,3756409.0991978603,1.0,2.0,45.5967802155121,4551.899197860155,97.68698989087716
17584.0,3714812.4,3715738.643156772,3756708.475198402,0.0,2.0,0.02260793150996903,41896.07519840216,40969.832041630056
17692.0,3753837.75,3756409.0991978603,3756709.0991978603,0.0,0.0,8.571163992867804,2871.3491978603415,300.0
17691.0,3753792.9,3755077.669524755,3757196.669524755,0.0,0.0,0.6063093557125797,3403.7695247549564,2119.0
17707.0,3755241.75,3757196.693220965,3757621.4792148666,0.0,1.0,4.602183803212205,2379.7292148666456,424.78599390154704
17693.0,3753853.35,3756709.0991978603,3757886.9696125896,1.0,0.0,2.4245020183453123,4033.6196125894785,1177.87041472923
17648.0,3740858.55,3742786.752588732,3758344.477526812,2.0,0.0,0.12393859618978145,17485.92752681207,15557.724938079715
17494.0,3705237.9,3705981.0613540863,3758796.93082198,0.0,0.0,0.014070796553640458,53559.03082197998,52815.869467893615
17674.0,3751710.3,3754987.4592131847,3759272.1968582473,0.0,3.0,0.7648447780603733,7561.896858247463,4284.737645062618
16692.0,3376393.8000000007,3696065.3484779107,3759491.3484779107,0.0,0.0,5.040071082488412,383097.54847791,63426.0
17649.0,3741418.85,3742786.752588732,3759676.703294982,1.0,0.0,0.08098914037836061,18257.85329498211,16889.950706250034
17694.0,3753864.4,3758344.477526812,3759688.291366436,1.0,1.0,3.3338527962064575,5823.891366436146,1343.8138396241702
17639.0,3729269.05,3729269.05,3760558.4397214735,0.0,1.0,0.0,31289.38972147368,31289.38972147368
17713.0,3759094.3,3759094.3,3762888.682966981,0.0,1.0,0.0,3794.3829669812694,3794.3829669812694
17727.0,3761067.05,3762888.682966981,3762949.682966981,0.0,0.0,29.862835524283106,1882.6329669812694,61.0
17733.0,3761455.1,3762888.915719895,3762955.915719895,0.0,0.0,21.400234625299476,1500.8157198950648,67.0
17734.0,3761587.05,3762889.0175152617,3762959.0175152617,0.0,0.0,18.599535932312055,1371.9675152618438,70.0
17731.0,3761130.75,3762888.8408861062,3762967.5036286823,1.0,0.0,22.349727819437767,1836.7536286823452,78.6627425760962
17726.0,3761046.9,3762888.682966981,3762967.682966981,0.0,0.0,23.3137084427997,1920.7829669811763,79.0
17730.0,3761110.6,3762888.7781280517,3762972.7781280517,0.0,0.0,21.168787238709186,1862.1781280515715,84.0
17725.0,3761009.2,3762888.682966981,3762973.682966981,0.0,0.0,22.111564317422317,1964.482966980897,85.0
17728.0,3761087.85,3762888.7222626046,3763006.7222626046,0.0,0.0,15.261629344106225,1918.8722626045346,118.0
17735.0,3761649.45,3762889.127677224,3763024.127677224,0.0,0.0,9.182797609066109,1374.6776772239245,135.0
17719.0,3760665.35,3762888.682966981,3763414.342349321,1.0,0.0,4.229607692121028,2748.9923493210226,525.6593823400326
17712.0,3758998.1,3760558.4863540693,3763746.4863540693,0.0,0.0,0.4894561963830695,4748.3863540692255,3188.0
17638.0,3728169.25,3728215.572068361,3764332.8454258977,0.0,1.0,0.0012825461075796774,36163.59542589774,36117.273357536644
17516.0,3706847.3,3706865.822706765,3764446.9875297584,1.0,0.0,0.0003216799594477698,57599.68752975855,57581.164822993334
17607.0,3717678.25,3717678.25,3764712.9614976863,0.0,0.0,0.0,47034.71149768634,47034.71149768634
17732.0,3761290.65,3764447.0142338625,3764936.0142338625,0.0,0.0,6.454732584586112,3645.3642338626087,489.0
17515.0,3706837.55,3706865.7071890226,3765109.041661271,1.0,0.0,0.00048344053921167484,58271.49166127108,58243.33447224833
17723.0,3760832.4,3764446.9875297584,3765130.6707892613,0.0,0.0,5.286932917424575,4298.270789261442,683.6832595029846
17561.0,3712205.9,3712837.256158679,3765451.022779349,0.0,0.0,0.011999828167231984,53245.122779348865,52613.76662066998
17722.0,3760728.4,3764446.9875297584,3766112.039915237,0.0,0.0,2.2333156375072645,5383.639915237203,1665.0523854787461
17740.0,3763068.4,3766112.039915237,3767251.508344444,0.0,0.0,2.67110508481199,4183.108344444074,1139.4684292068705
17759.0,3766431.5,3767251.5560358632,3767323.4682271536,1.0,0.0,11.40357456987428,891.968227153644,71.91219129040837
17737.0,3762153.85,3765451.022779349,3768048.0028937347,0.0,0.0,1.2696180309906941,5894.15289373463,2596.9801143859513
17775.0,3767827.7,3768048.1045473726,3768126.1045473726,0.0,0.0,2.8256993252867595,298.40454737236723,78.0
17777.0,3768011.65,3768048.198399069,3768132.198399069,0.0,0.0,0.4350999889152479,120.54839906888083,84.0
17774.0,3767807.55,3768048.029079965,3768153.029079965,0.0,0.0,2.2902769520479653,345.47907996503636,105.0
17778.0,3768038.3,3768126.1045473726,3768171.073145535,1.0,0.0,1.9525747068177883,132.77314553502947,44.96859816228971
17747.0,3763932.25,3767251.508344444,3768256.944544584,0.0,0.0,3.3013117530298306,4324.694544584025,1005.4362001400441
17651.0,3745831.05,3745942.681634963,3768604.128042179,0.0,1.0,0.004926059570834082,22773.078042179346,22661.446407216135
17754.0,3765754.2,3768256.944544584,3769112.572816899,0.0,0.0,2.925037221844381,3358.37281689886,855.6282723150216
17696.0,3754004.15,3759688.291366436,3769424.560924514,1.0,0.0,0.5838110102159237,15420.41092451429,9736.269558078144
17751.0,3764534.8,3768048.0028937347,3769783.2254242683,0.0,0.0,2.024641123495926,5248.425424268469,1735.2225305335596
17779.0,3768137.75,3769783.2254242683,3769924.2512787804,2.0,1.0,11.667898981791978,1786.5012787804008,141.0258545121178
17729.0,3761087.85,3768604.128042179,3769984.128042179,0.0,0.0,5.446578291434106,8896.278042179067,1380.0
17650.0,3742962.6,3743339.961962293,3770218.961962293,0.0,0.0,0.014039285773012725,27256.36196229281,26879.0
17736.0,3761774.9,3764712.9614976863,3770357.71964718,0.0,1.0,0.5204937784535673,8582.819647179917,5644.758149493486
17796.0,3770508.3,3770508.3,3770606.3,0.0,0.0,0.0,98.0,98.0
17360.0,3646325.15,3657260.386061858,3772451.4613317163,0.0,0.0,0.0949312786276195,126126.31133171637,115191.07526985835
16693.0,3376414.6,3704162.432117742,3772767.432117742,0.0,0.0,4.777316990273915,396352.8321177419,68605.0
17647.0,3740023.3,3742010.9365287665,3772826.1743285274,0.0,1.0,0.06450174234197009,32802.8743285276,30815.237799760886
17149.0,3543475.65,3632390.7047391655,3774474.3302810392,0.0,1.0,0.6257938196612336,230998.68028103933,142083.62554187374
17800.0,3773211.0,3774474.3302810392,3774589.913125732,0.0,1.0,10.930084688584403,1378.9131257319823,115.58284469274804
17641.0,3732763.45,3732807.9596953797,3775340.262927404,0.0,0.0,0.0010464915369552774,42576.81292740395,42532.303232024424
17697.0,3754021.7,3754424.623127887,3776213.5009003915,0.0,0.0,0.01849214686932113,22191.800900391303,21788.877772504464
17623.0,3722958.2,3723659.0021386514,3776286.857908322,0.0,0.0,0.013316182626143164,53328.657908321824,52627.85576967057
17769.0,3767680.8,3767680.8,3776831.6914343257,1.0,0.0,0.0,9150.891434325837,9150.891434325837
17652.0,3746547.35,3747780.5634382726,3777296.5634382726,0.0,0.0,0.04178118438380798,30749.213438272476,29516.0
16676.0,3374900.1,3412056.688358933,3777648.1698409636,0.0,0.0,0.1016341743202226,402748.06984096346,365591.48148203036
17677.0,3752949.2,3777648.1698409636,3777710.1698409636,0.0,0.0,398.37048130586084,24760.96984096337,62.0
17764.0,3767242.05,3769112.572816899,3777741.721086889,2.0,0.0,0.21676795419131228,10499.671086889226,8629.148269989993
17685.0,3753575.15,3777710.1698409636,3777815.1698409636,0.0,0.0,229.85733181870143,24240.01984096365,105.0
17642.0,3732942.85,3732942.85,3777848.971538354,0.0,2.0,0.0,44906.121538354084,44906.121538354084
17702.0,3754245.3,3759272.1968582473,3779011.6944330884,0.0,0.0,0.2546618443143388,24766.3944330886,19739.497574841138
17761.0,3767211.5,3767251.6281537204,3779448.6281537204,0.0,0.0,0.003290001944773711,12237.128153720405,12197.0
17699.0,3754153.0,3769424.560924514,3779474.560924514,0.0,0.0,1.5195583009466862,25321.560924514197,10050.0
17630.0,3725359.95,3725359.95,3779613.5971263438,0.0,0.0,0.0,54253.64712634357,54253.64712634357
17741.0,3763320.6,3769984.128042179,3780272.716874,0.0,0.0,0.6476620021561966,16952.116874000058,10288.58883182099
17755.0,3765847.8,3780272.716874,3780439.649686109,0.0,1.0,86.41151306197976,14591.849686108995,166.93281210865825
17742.0,3763329.7,3770218.961962293,3780484.3882496734,0.0,0.0,0.6711130906236031,17154.68824967323,10265.426287380513
17752.0,3765381.1,3779181.882117742,3780748.882117742,0.0,0.0,8.8071360036644,15367.782117742114,1567.0
17760.0,3767174.45,3780748.882117742,3780819.882117742,0.0,0.0,191.18918475692988,13645.43211774202,71.0
17762.0,3767223.85,3780819.882117742,3781067.882117742,0.0,0.0,54.82271015218594,13844.032117742114,248.0
17646.0,3738865.65,3739740.3734958884,3781428.251251706,0.0,2.0,0.020982682328232867,42562.601251706015,41687.87775581749
17671.0,3751605.0,3754696.6722395397,3781766.6722395397,0.0,0.0,0.11421027852012114,30161.67223953968,27070.0
17758.0,3766028.5,3780484.3882496734,3781895.3882496734,0.0,0.0,10.245136959371662,15866.888249673415,1411.0
17766.0,3767324.6,3781067.882117742,3781920.967240478,1.0,0.0,16.110094703878605,14596.367240477819,853.0851227357052
17756.0,3765964.15,3780439.649686109,3782017.649686109,0.0,0.0,9.173320460145058,16053.499686108902,1578.0
17773.0,3767763.35,3782017.649686109,3782116.649686109,0.0,0.0,143.98282511220924,14353.299686108716,99.0
17748.0,3764021.3,3781766.6722395397,3782269.6722395397,0.0,0.0,35.27907005872736,18248.372239539865,503.0
17700.0,3754179.0,3772451.4613317163,3782501.4613317163,0.0,0.0,1.8181553563896788,28322.461331716273,10050.0
17768.0,3767526.75,3781895.3882496734,3782866.3882496734,0.0,0.0,14.797773686584362,15339.638249673415,971.0
17746.0,3763347.25,3779474.560924514,3783292.7946686293,0.0,1.0,4.223762086166307,19945.5446686293,3818.233744115103
17801.0,3774212.65,3783292.7946686293,3783473.8604417685,0.0,1.0,50.14832185675775,9261.210441768635,181.06577313924208
17744.0,3763338.8,3779181.882117742,3784092.882117742,0.0,0.0,3.2260399343804504,20754.082117742393,4911.0
16841.0,3433934.4,3438786.058975346,3784205.0540803936,0.0,0.0,0.014045721411095365,350270.6540803937,345418.9951050477
17701.0,3754201.1,3774474.3302810392,3785095.088317931,0.0,1.0,1.908830820796283,30893.98831793107,10620.75803689193
17710.0,3757113.1,3759676.703294982,3786030.703294982,0.0,0.0,0.0972756809206234,28917.60329498211,26354.0
17704.0,3754277.15,3777815.1698409636,3786909.057178634,1.0,0.0,2.588334225723183,32631.907178634312,9093.887337670662
17797.0,3771526.85,3772826.1743285274,3787220.6680893325,0.0,0.0,0.09026537161489218,15693.818089332432,14394.493760805111
17743.0,3763333.6,3777296.5634382726,3787539.946876029,0.0,0.0,1.3631202544664975,24206.346876028925,10243.383437756449
17793.0,3769613.9,3776213.523991501,3787776.3972058147,2.0,0.0,0.5707598681728459,18162.497205814812,11562.87321431376
17788.0,3769304.5,3772451.4613317163,3788405.536093275,0.0,0.0,0.19725125892595477,19101.036093275063,15954.07476155879
17745.0,3763343.35,3779011.6944330884,3788941.765499892,0.0,0.0,1.577868308059507,25598.415499892086,9930.071066803765
17359.0,3646310.2,3657250.3506261767,3789239.187775838,0.0,0.0,0.08288693848989304,142928.987775838,131988.8371496615
17815.0,3785865.85,3788941.765499892,3789703.7729316433,1.0,0.0,4.036595145566409,3837.922931643203,762.0074317511171
17794.0,3769660.7,3777648.2019497403,3790516.8548362576,1.0,0.0,0.6206944907270533,20856.154836257454,12868.652886517346
16737.0,3417646.0500000007,3772767.432117742,3790725.741529407,0.0,1.0,19.77476687683471,373079.69152940623,17958.30941166496
17809.0,3781467.3,3789703.7729316433,3790939.7729316433,0.0,0.0,6.66381305149149,9472.472931643482,1236.0
17791.0,3769515.75,3776213.5009003915,3791242.0805977234,0.0,1.0,0.4456675903698727,21726.33059772337,15028.57969733188
17819.0,3786334.5,3790725.741529407,3791623.7978302427,1.0,1.0,4.889717410056275,5289.297830242664,898.0563008356839
17812.0,3785234.05,3787539.946876029,3791759.3462601965,0.0,1.0,0.546498841679136,6525.296260196716,4219.399384167511
17818.0,3786222.05,3790725.741529407,3792230.5143836127,0.0,2.0,2.9929377824831223,6008.4643836128525,1504.7728542056866
17821.0,3786511.95,3791623.7978302427,3792445.8563211667,1.0,0.0,6.218350502646444,5933.906321166549,822.0584909240715
17031.0,3488365.4,3492948.319253529,3792582.89242612,0.0,2.0,0.015295028223893451,304217.4924261202,299634.57317259116
17662.0,3750791.2,3750791.2,3792608.293445631,0.0,0.0,0.0,41817.093445630744,41817.093445630744
17763.0,3767227.75,3769112.572816899,3792701.053012786,0.0,1.0,0.07990437710470635,25473.303012785967,23588.48019588692
17654.0,3747573.05,3748219.9922540616,3793163.482065482,0.0,1.0,0.014394570977383656,45590.43206548225,44943.48981142044
17655.0,3747689.4,3748219.9922540616,3793635.182877863,0.0,3.0,0.011683144929565585,45945.78287786292,45415.1906238012
17770.0,3767689.9,3769112.572816899,3793717.258095264,0.0,0.0,0.05782121578893374,26027.358095264062,24604.685278364923
17772.0,3767714.6,3769424.560924514,3793866.012662219,0.0,0.0,0.0699615122237697,26151.41266221879,24441.451737704687
17676.0,3752454.55,3752928.776328163,3794614.39291773,0.0,0.0,0.011376257974845446,42159.8429177301,41685.61658956669
17703.0,3754251.15,3754497.466979037,3795372.5708891293,0.0,0.0,0.006026088143504762,41121.4208891294,40875.103910092264
17706.0,3754691.2,3754697.204714728,3796715.4630048284,0.0,0.0,0.0001429072734621683,42024.263004828244,42018.25829010038
17814.0,3785663.7,3787776.476658664,3798790.3948712875,2.0,0.0,0.19182788703138218,13126.694871287327,11013.918212623335
17780.0,3768206.65,3770218.961962293,3798888.7377194925,0.0,0.0,0.07018931641931866,30682.087719492614,28669.77575719962
17813.0,3785334.15,3787776.3972058147,3799280.8654986448,1.0,1.0,0.21228683878740395,13946.715498644859,11504.468292830046
17123.0,3536279.5,3693469.729058965,3799565.729058965,0.0,0.0,1.4815848765171646,263286.2290589651,106096.0
17429.0,3697071.95,3699913.7321006614,3799666.5780201214,0.0,0.0,0.028488230831585824,102594.62802012125,99752.84591946006
17817.0,3786114.8,3790516.8548362576,3800727.076858942,2.0,0.0,0.43114193075113133,14612.276858942118,10210.222022684291
17789.0,3769347.4,3772451.4613317163,3801133.117959919,0.0,0.0,0.10822461798333313,31785.717959919013,28681.656628202647
17790.0,3769472.85,3772826.1743285274,3801495.679677943,0.0,0.0,0.11696484775924824,32022.829677942675,28669.505349415354
17822.0,3786547.7,3790939.7729316433,3801554.103929435,1.0,0.0,0.413787070759044,15006.403929434717,10614.330997791607
17653.0,3746574.65,3747780.5140583473,3801563.6723236367,0.0,0.0,0.02242084877945259,54989.022323636804,53783.158265289385
17804.0,3777942.35,3783473.8604417685,3801888.5249981275,1.0,0.0,0.3003861636924747,23946.17499812739,18414.66455635894
17767.0,3767496.2,3781920.967240478,3801964.342902158,1.0,1.0,0.719677537554503,34468.142902157735,20043.37566168001
17714.0,3759352.35,3760558.4397214735,3802379.854505305,0.0,0.0,0.028839046400211173,43027.504505305085,41821.414783831686
17792.0,3769558.65,3774474.3302810392,3803142.0680373237,0.0,0.0,0.17147081234066797,33583.41803732375,28667.73775628442
17823.0,3786623.1,3792096.1884779106,3804527.6767987385,2.0,0.0,0.4402601150130014,17904.576798738446,12431.48832082795
17799.0,3772923.05,3782269.6722395397,3805081.1167857694,0.0,1.0,0.4097339044267013,32158.066785769537,22811.44454622967
17820.0,3786391.7,3790939.7729316433,3805252.2469820725,0.0,1.0,0.31776986393954215,18860.546982072294,14312.474050429184
17802.0,3777699.25,3783292.804667921,3805296.8380659632,1.0,1.0,0.25420587974650277,27597.58806596324,22004.033398042433
17807.0,3779480.25,3786030.703294982,3805322.800216945,1.0,0.0,0.3395407622861865,25842.55021694489,19292.096921962686
17806.0,3778120.45,3785095.088317931,3808172.8534792885,1.0,0.0,0.30222329888379684,30052.403479288332,23077.765161357354
17843.0,3807572.6,3808172.8534792885,3808559.8534792885,0.0,0.0,1.551042582140634,987.2534792884253,387.0
17845.0,3807579.1,3808172.8534792885,3808559.8534792885,0.0,0.0,1.5342467165075588,980.7534792884253,387.0
17841.0,3807560.25,3808172.8534792885,3808642.8534792885,0.0,0.0,1.3034116580606776,1082.6034792885184,470.0
17842.0,3807564.8,3808172.8534792885,3808921.8534792885,0.0,0.0,0.8118203995843855,1357.0534792887047,749.0
17785.0,3768421.15,3786909.057178634,3809030.4583099154,2.0,0.0,0.8357475672050065,40609.308309915476,22121.401131281164
17847.0,3808671.75,3808671.75,3809059.75,0.0,0.0,0.0,388.0,388.0
17825.0,3791645.0,3792096.1884779106,3809372.3881232105,3.0,0.0,0.026116188002801723,17727.38812321052,17276.19964529993
17846.0,3807807.25,3808172.9022151157,3809972.9022151157,0.0,0.0,0.20314011950873667,2165.652215115726,1800.0
17852.0,3809932.1,3809972.9022151157,3810040.9022151157,0.0,0.0,0.6000325752298951,108.80221511563286,68.0
17380.0,3662046.05,3662046.05,3810056.26349781,0.0,0.0,0.0,148010.21349781007,148010.21349781007
17427.0,3697062.85,3699530.4007504047,3810537.7116303444,0.0,0.0,0.02222872287279694,113474.8616303443,111007.3108799397
17856.0,3810479.4,3810537.7397593795,3810812.179598459,0.0,1.0,0.21257758922793707,332.77959845913574,274.4398390795104
17860.0,3811054.65,3811054.65,3811163.65,0.0,0.0,0.0,109.0,109.0
17849.0,3808974.65,3810537.7116303444,3811474.7116303444,0.0,0.0,1.6681554219258101,2500.061630344484,937.0
17863.0,3811387.45,3811387.45,3811480.4969338877,1.0,0.0,0.0,93.0469338875264,93.0469338875264
17824.0,3786712.8,3790516.8603843856,3812164.314919075,1.0,1.0,0.17572783803702438,25451.514919075184,21647.45453468943
17850.0,3809325.0,3811474.7116303444,3812385.7116303444,0.0,0.0,2.359727365910418,3060.711630344391,911.0
17869.0,3812031.6,3812031.6,3812394.6,0.0,0.0,0.0,363.0,363.0
17870.0,3812240.9,3812385.7116303444,3812465.915582717,1.0,1.0,1.8055423213041628,225.0155827170238,80.20395237253979
17838.0,3806979.8,3808172.8534792885,3813520.8534792885,0.0,0.0,0.2230840462394736,6541.053479288705,5348.0
17784.0,3768415.3,3784205.0540803936,3813884.0382800363,1.0,0.0,0.5320180089109627,45468.73828003649,29678.98419964267
17871.0,3812505.45,3813884.0382800363,3813919.4573654155,2.0,0.0,38.922187438661275,1414.0073654153384,35.41908537922427
17872.0,3812731.0,3813884.0382800363,3813923.8527763234,0.0,1.0,28.960262908276267,1192.8527763234451,39.81449628714472
17873.0,3812929.25,3813884.0520505486,3813962.590799377,0.0,2.0,12.157082520334582,1033.3407993768342,78.53874882822856
17874.0,3813329.65,3813919.4573654155,3813975.582850211,1.0,1.0,10.508726429119555,645.9328502109274,56.1254847953096
17875.0,3813594.2,3813919.4573654155,3814053.3841734347,0.0,0.0,2.4286203055685833,459.1841734345071,133.92680801916867
17795.0,3770265.85,3789239.187775838,3814439.187775838,0.0,0.0,0.7529102291999245,44173.337775838096,25200.0
17816.0,3785961.4,3788405.536093275,3814618.0595376547,0.0,0.0,0.0932430675154708,28656.659537654836,26212.52344437968
17882.0,3814630.3,3814630.3,3814728.3,0.0,0.0,0.0,98.0,98.0
17749.0,3764343.05,3772826.1743285274,3814757.0961560374,0.0,0.0,0.20231189677690317,50414.0461560376,41930.92182751
17859.0,3810697.8,3814439.187775838,3815097.187775838,0.0,0.0,5.6859996593288376,4399.387775838375,658.0
17883.0,3814782.4,3814782.4,3815111.0331523325,1.0,1.0,0.0,328.63315233262256,328.63315233262256
17738.0,3762688.15,3769424.560924514,3816401.848790175,0.0,0.0,0.1433971868230916,53713.69879017491,46977.28786566062
17739.0,3762818.15,3769924.2512787804,3816760.374066816,0.0,0.0,0.1517226631021588,53942.22406681627,46836.12278803578
17888.0,3816788.95,3816788.95,3816866.95,0.0,0.0,0.0,78.0,78.0
17765.0,3767253.1,3805322.800216945,3817611.800216945,0.0,0.0,3.097868029696867,50358.700216944795,12289.0
17890.0,3817377.2,3817611.8442491996,3817661.106484353,2.0,0.0,4.7631669263166305,283.9064843528904,49.26223515346646
17717.0,3760393.0,3764332.8454258977,3817671.7929340666,0.0,0.0,0.07386432634979075,57278.792934066616,53338.94750816887
17757.0,3765967.4,3776286.857908322,3817968.7898887433,0.0,0.0,0.2475762858873558,52001.389888743404,41681.9319804213
17892.0,3817818.55,3817893.908675593,3817987.84918871,0.0,0.0,0.8021956990909351,169.2991887102835,93.94051311723888
17889.0,3817171.8,3817671.7929340666,3818057.582041618,0.0,0.0,1.296026570683502,885.7820416181348,385.78910755133256
17893.0,3817921.25,3817968.7898887433,3818210.1311350493,1.0,0.0,0.19698203051061394,288.88113504927605,241.3412463059649
17896.0,3818113.65,3818210.1311350493,3818572.2672177665,1.0,0.0,0.2664223192713684,458.6172177665867,362.1360827172175
17899.0,3818558.25,3818572.3655616776,3818714.3525301153,1.0,0.0,0.09941448734997542,156.10253011528403,141.9869684376754
17901.0,3818579.05,3818714.3525301153,3818750.9960892005,2.0,0.0,3.6923959760802427,171.9460892006755,36.6435590852052
17902.0,3818603.75,3818714.3804146503,3818766.9642673754,1.0,2.0,2.103885678150299,163.21426737541333,52.5838527251035
17897.0,3818254.7,3818572.2672177665,3818826.742590897,2.0,0.0,1.2479290780083168,572.042590896599,254.4753731302917
17898.0,3818419.15,3818572.3057955992,3818893.1190567734,0.0,2.0,0.47739858084047204,473.9690567734651,320.8132611741312
17880.0,3814229.25,3814782.4134079786,3819048.4134079786,0.0,0.0,0.12966793435972848,4819.163407978602,4266.0
17900.0,3818577.75,3819048.4134079786,3819161.4134079786,0.0,0.0,4.165162902465502,583.6634079786018,113.0
17832.0,3803219.55,3804527.6767987385,3819175.1110321176,0.0,0.0,0.08930757277323836,15955.56103211781,14647.434233379085
17885.0,3815171.75,3816401.848790175,3819331.0507268594,1.0,0.0,0.41994332134271267,4159.300726859365,2929.201936684549
17781.0,3768326.9,3777815.1698409636,3819348.7045489615,0.0,0.0,0.22844840699620342,51021.804548961576,41533.534707997926
17903.0,3818621.3,3818714.3525301153,3819371.918460316,0.0,0.0,0.14151057079107393,750.618460316211,657.5659302007407
17908.0,3818990.5,3819161.4134079786,3819452.9536351687,2.0,0.0,0.5862429676544838,462.4536351687275,291.54022719012573
17909.0,3819447.45,3819447.45,3819502.3153665112,1.0,0.0,0.0,54.865366511046886,54.865366511046886
17907.0,3818977.5,3819161.4134079786,3819547.4134079786,0.0,0.0,0.4764596061621807,569.9134079786018,386.0
17906.0,3818953.45,3819161.4134079786,3819555.823452517,0.0,1.0,0.5272771595405166,602.3734525167383,394.41004453832284
17905.0,3818935.9,3819048.4333040863,3819560.367813563,1.0,1.0,0.21981972694410473,624.4678135630675,511.9345094766468
17876.0,3813707.95,3819760.546026934,3819948.234943219,0.0,1.0,32.24802053703182,6240.284943218809,187.68891628505662
17489.0,3704331.15,3799565.729058965,3820013.163477224,13.0,10.0,4.6575319480631086,115682.01347722393,20447.434418258723
17910.0,3819656.75,3819656.75,3820014.2498873845,0.0,1.0,0.0,357.4998873844743,357.4998873844743
17911.0,3819667.8,3819760.546026934,3820074.9205392483,1.0,0.0,0.2950176407475152,407.1205392484553,314.3745123143308
16989.0,3479863.4,3820013.163477224,3820117.163477224,0.0,0.0,3270.6708026656147,340253.7634772239,104.0
16990.0,3479864.0500000007,3820117.163477224,3820210.163477224,0.0,0.0,3658.635628787345,340346.1134772231,93.0
17867.0,3811613.0,3812031.6854273574,3820226.213693133,2.0,0.0,0.05109329222843462,8613.21369313309,8194.528265775647
17912.0,3819824.45,3819948.234943219,3820258.0194557426,0.0,0.0,0.3995840276533958,433.56945574237034,309.7845125235617
17920.0,3820276.2,3820276.2,3820370.2,0.0,0.0,0.0,94.0,94.0
17884.0,3815033.95,3815097.187775838,3820526.360725324,0.0,2.0,0.01164777332134725,5492.410725323949,5429.172949485946
17916.0,3819976.55,3820199.0350024262,3820540.838308252,0.0,0.0,0.6509153031419053,564.2883082521148,341.8033058256842
17857.0,3810541.8,3812385.7116303444,3820743.9014038183,1.0,0.0,0.22061136206748244,10202.101403818466,8358.189773473889
17918.0,3820175.45,3820210.163477224,3820767.7803242626,0.0,1.0,0.062253279125253067,592.3303242623806,557.6168470387347
17921.0,3820447.8,3820447.8,3820899.520878811,0.0,0.0,0.0,451.72087881108746,451.72087881108746
17924.0,3820605.1,3820743.9014038183,3820985.9014038183,0.0,0.0,0.5735595199098611,380.8014038181864,242.0
17926.0,3820694.15,3820743.9014038183,3821033.8572790874,0.0,1.0,0.17158267192273077,339.70727908750996,289.9558752691373
17939.0,3821048.4,3821048.4,3821105.7915493804,1.0,0.0,0.0,57.391549380496144,57.391549380496144
17828.0,3795609.35,3798888.7377194925,3821150.638730769,1.0,0.0,0.1473094197046016,25541.288730768953,22261.901011276525
17917.0,3819977.2,3820013.163477224,3821459.745221076,1.0,0.0,0.024861005868825257,1482.5452210758813,1446.5817438522354
17942.0,3821258.35,3821459.745221076,3821497.1383782285,2.0,0.0,5.385884381328052,238.78837822843343,37.393157152459025
17941.0,3821129.0,3821129.0,3821513.903029561,0.0,1.0,0.0,384.9030295610428,384.9030295610428
17944.0,3821508.6,3821508.6,3821558.754186191,1.0,0.0,0.0,50.1541861910373,50.1541861910373
17927.0,3820714.95,3820743.9014038183,3821649.974069619,2.0,0.0,0.031952629089086776,935.0240696188994,906.0726658008061
17943.0,3821301.25,3821654.8981681005,3821748.8981681005,0.0,0.0,3.7622145542607424,447.6481681005098,94.0
17929.0,3820828.05,3820828.05,3821794.0785303973,2.0,0.0,0.0,966.0285303974524,966.0285303974524
17945.0,3821594.4,3821748.8981681005,3821826.8981681005,0.0,0.0,1.9807457448795247,232.49816810060292,78.0
17946.0,3821654.85,3821654.85,3821996.85,0.0,0.0,0.0,342.0,342.0
17782.0,3768404.9,3784092.882117742,3822214.9584489404,1.0,0.0,0.4115196135028884,53810.058448940516,38122.076331198215
17866.0,3811600.0,3812031.6368016945,3822268.2015850428,1.0,1.0,0.04216617691871213,10668.201585042756,10236.564783348236
17894.0,3818037.6,3818057.582041618,3822482.582041618,0.0,0.0,0.0045157156198543345,4444.982041617855,4425.0
17913.0,3819846.55,3820540.884499325,3822530.884499325,0.0,0.0,0.3489118087060993,2684.3344993251376,1990.0
17146.0,3543388.5500000007,3642897.110979134,3822558.546036813,0.0,0.0,0.5538671164860012,279169.9960368122,179661.43505767873
17808.0,3780834.2,3782866.3882496734,3823910.1222302103,0.0,0.0,0.04951275268075997,43075.922230210155,41043.73398053693
17954.0,3823132.95,3823910.1222302103,3823965.1222302103,0.0,0.0,14.130404185639186,832.1722302101552,55.0
17868.0,3811620.15,3812164.314919075,3824052.314919075,0.0,0.0,0.0457743034215251,12432.16491907509,11888.0
17895.0,3818051.9,3818057.645788875,3824350.4463072633,0.0,6.0,0.0009130734175103735,6298.54630726343,6292.800518388394
17933.0,3820867.7,3820985.9014038183,3824403.925066886,3.0,0.0,0.03458179798322573,3536.225066885818,3418.0236630677246
17831.0,3799723.85,3801888.5249981275,3824443.5249981275,0.0,0.0,0.09597317659620437,24719.67499812739,22555.0
17955.0,3823148.55,3824403.925066886,3824490.671993683,1.0,1.0,14.471695001053668,1342.1219936832786,86.74692679708824
17829.0,3795996.1,3800727.076858942,3824531.390259212,1.0,0.0,0.198744520767744,28535.29025921179,23804.31340026995
17960.0,3823957.15,3824531.43799449,3824604.43799449,0.0,0.0,7.866958828630207,647.2879944900051,73.0
17961.0,3824265.9,3824604.43799449,3824677.43799449,0.0,0.0,4.637506773835686,411.5379944900051,73.0
17886.0,3815755.45,3816788.968084136,3824896.4077263665,2.0,1.0,0.1274777401674861,9140.957726366352,8107.439642230514
17891.0,3817578.05,3817968.7898887433,3825102.7987668277,0.0,1.0,0.05477143292375878,7524.748766827863,7134.008878084365
17968.0,3825372.85,3825372.85,3825464.6112575037,1.0,0.0,0.0,91.76125750364736,91.76125750364736
17964.0,3824757.3,3825372.869413525,3825465.869413525,0.0,0.0,6.619025951882284,708.5694135250524,93.0
17965.0,3824948.4,3825465.869413525,3825558.869413525,0.0,0.0,5.564187242203863,610.4694135249592,93.0
17966.0,3825162.25,3825558.869413525,3825651.869413525,0.0,0.0,4.264724876611464,489.6194135248661,93.0
17949.0,3821955.15,3824490.671993683,3825711.9610301293,0.0,0.0,2.076103132032639,3756.8110301294364,1221.289036446251
17967.0,3825289.0,3825651.869413525,3825744.869413525,0.0,0.0,3.901821650805012,455.8694135248661,93.0
17969.0,3825417.7,3825744.869413525,3825838.869413525,0.0,0.0,3.4805256757944663,421.16941352467984,94.0
17970.0,3825487.9,3825558.919197705,3825843.919197705,0.0,0.0,0.249190167386673,356.0191977052018,285.0
17971.0,3825706.3,3825711.9686984173,3826244.140431789,1.0,0.0,0.01065200960894866,537.8404317894019,532.1717333719134
17952.0,3822234.0,3822482.582041618,3826704.573705897,0.0,2.0,0.058877909144423826,4470.573705897201,4221.991664279252
17962.0,3824336.75,3824336.75,3826741.2221460026,1.0,0.0,0.0,2404.4721460025758,2404.4721460025758
17915.0,3819886.85,3819891.9353069337,3827110.748533186,0.0,0.0,0.0007044519333346724,7223.898533185944,7218.813226252329
17750.0,3764368.4,3774474.3302810392,3827181.5390930166,0.0,0.0,0.19173715529293617,62813.13909301674,52707.20881197741
17830.0,3796355.55,3801563.6723236367,3827305.6977763325,0.0,2.0,0.20231983428061934,30950.147776332684,25742.025452695787
17803.0,3777902.7,3779613.5971263438,3827336.1461654287,0.0,0.0,0.035850916616845765,49433.4461654285,47722.54903908493
17977.0,3826750.85,3827181.5390930166,3827397.4250325346,0.0,0.0,1.9949844532634067,646.5750325345434,215.88593951798975
17979.0,3827114.2,3827397.4250325346,3827477.053514471,1.0,0.0,3.556830742566004,362.85351447062567,79.62848193617538
17958.0,3823715.35,3823910.1222302103,3827568.9799520737,3.0,0.0,0.053233070268460296,3853.629952073563,3658.8577218633145
17858.0,3810593.15,3812164.314919075,3828110.8572035483,0.0,0.0,0.09852699670228125,17517.7072035484,15946.542284473311
17810.0,3782665.9,3786909.057178634,3828224.813859467,0.0,0.0,0.10270070112506995,45558.91385946702,41315.75668083271
17963.0,3824563.6,3824677.43799449,3828280.43799449,0.0,0.0,0.03159533568965274,3716.837994489819,3603.0
17934.0,3820892.4,3820985.9014038183,3828617.6264991094,2.0,0.0,0.012251673461883978,7725.226499109529,7631.725095291156
17956.0,3823387.1,3824896.4077263665,3829028.055734907,1.0,0.0,0.365304044111853,5640.955734906718,4131.648008540273
17709.0,3755585.6,3820210.163477224,3829057.163477224,0.0,0.0,7.304686727390498,73471.56347722374,8847.0
17805.0,3778019.7,3781428.251251706,3829138.580520299,0.0,0.0,0.07144262686842413,51118.88052029861,47710.329268592875
17978.0,3826871.1,3827305.6977763325,3830329.7811820107,2.0,0.0,0.14371223211515374,3458.681182010565,3024.0834056781605
17787.0,3769173.2,3777848.971538354,3831134.2694082987,0.0,0.0,0.16281736023188398,61961.06940829847,53285.29786994448
17837.0,3806784.8,3810056.26349781,3831231.26349781,0.0,0.0,0.15449650520944821,24446.463497810066,21175.0
17981.0,3827751.85,3831596.007590151,3831697.0607647095,0.0,1.0,38.0409384162702,3945.2107647093944,101.0531745585613
17771.0,3767705.5,3817611.800216945,3831934.327365937,0.0,1.0,3.484461903809777,64228.82736593718,14322.527148992289
17919.0,3820258.65,3831934.327365937,3832037.2806560295,1.0,0.0,113.40752058987654,11778.630656029563,102.95329009229317
17753.0,3765693.1,3775340.262927404,3832406.11782736,0.0,0.0,0.16905315699408718,66713.01782735996,57065.85489995591
17848.0,3808695.8,3813884.0382800363,3834536.0382800363,0.0,0.0,0.2512220743771299,25840.238280036487,20652.0
17953.0,3822848.25,3823910.1222302103,3834622.1222302103,0.0,0.0,0.09912922238707444,11773.872230210342,10712.0
17853.0,3810085.5,3813884.0382800363,3834969.0382800363,0.0,0.0,0.1801535821691392,24883.5382800363,21085.0
17991.0,3834069.85,3834536.045578469,3835091.045578469,0.0,0.0,0.8399920332774117,1021.1955784689635,555.0
17992.0,3834259.0,3834969.0382800363,3835182.9409736665,0.0,0.0,3.31944524861311,923.9409736664966,213.90269363019615
17855.0,3810456.65,3814439.187775838,3835401.339266309,2.0,0.0,0.1899870715870313,24944.689266309142,20962.15149047086
17976.0,3826579.25,3826704.573705897,3835570.0487135155,0.0,0.0,0.01413615241027776,8990.798713515513,8865.475007618312
17988.0,3832290.15,3832406.11782736,3836101.035318193,2.0,0.0,0.03138576914040975,3810.885318193119,3694.9174908329733
17656.0,3749833.75,3749893.9053921155,3836293.9053921155,0.0,0.0,0.0006962429642994216,86460.15539211547,86400.0
17995.0,3834400.7,3835182.9409736665,3836382.192549432,0.0,0.0,0.6522742929621638,1981.492549431976,1199.2515757656656
17664.0,3751099.3,3757886.9696125896,3836581.9696125896,0.0,0.0,0.08625287010089279,85482.66961258976,78695.0
17998.0,3834985.7,3835401.339266309,3836600.542619521,0.0,0.0,0.3465961508493808,1614.842619520612,1199.2033532117493
17984.0,3829209.8,3829209.8,3836657.373797279,0.0,1.0,0.0,7447.5737972790375,7447.5737972790375
17826.0,3795182.95,3795372.5708891293,3837593.864747092,0.0,0.0,0.004491119807152834,42410.91474709194,42221.293857962824
17985.0,3829424.3,3830329.7811820107,3838020.924967078,0.0,1.0,0.11773036720089261,8596.624967078213,7691.143785067368
17990.0,3833989.9,3834969.0382800363,3838336.484524257,1.0,0.0,0.2907658234238519,4346.584524257109,3367.446244220715
17987.0,3831595.95,3831595.95,3838716.706040162,0.0,1.0,0.0,7120.756040161941,7120.756040161941
17861.0,3811104.7,3819175.1110321176,3839323.4565290892,1.0,0.0,0.40054956538890263,28218.756529089063,20148.345496971626
17973.0,3826271.8,3826271.8,3840583.8,0.0,0.0,0.0,14312.0,14312.0
17983.0,3828874.4,3829028.055734907,3840640.1989648286,2.0,0.0,0.013232332039357647,11765.798964828718,11612.143229921814
18006.0,3838114.8,3840640.1989648286,3840836.0663206964,0.0,0.0,12.893414288667405,2721.2663206965663,195.86735586775467
17974.0,3826291.95,3826704.573705897,3841022.573705897,0.0,0.0,0.028818529536039573,14730.623705897015,14318.0
18007.0,3838140.8,3838336.484524257,3841839.734672258,2.0,0.0,0.055857993574582376,3698.9346722583286,3503.250148001127
17881.0,3814346.25,3822558.546036813,3842020.784536173,1.0,0.0,0.4219605076303494,27674.5345361731,19462.23849936016
17776.0,3767853.7,3782501.4613317163,3842417.4613317163,0.0,0.0,0.24447161579070845,74563.76133171609,59916.0
18009.0,3838308.5,3842417.4613317163,3842573.4613317163,0.0,0.0,26.339495716129957,4264.961331716273,156.0
18002.0,3836409.2,3836581.9696125896,3842707.7104482637,0.0,1.0,0.028203872351771297,6298.510448263492,6125.740835674107
17959.0,3823750.45,3827477.053514471,3842873.7665334684,2.0,0.0,0.24203890206126946,19123.316533468198,15396.713018997572
17982.0,3828763.25,3828763.25,3842982.369452326,0.0,1.0,0.0,14219.119452326093,14219.119452326093
18013.0,3840322.2,3842873.7665334684,3843183.613949339,0.0,0.0,8.234913066160425,2861.4139493387192,309.8474158705212
18010.0,3838432.0,3842573.4613317163,3843356.039438276,0.0,1.0,5.292074103531975,4924.039438276086,782.578106559813
17877.0,3813716.4,3821150.638730769,3843434.96836755,1.0,0.0,0.33360836300404956,29718.56836755015,22284.32963678101
17999.0,3835217.75,3835401.366074886,3843989.1031632447,0.0,2.0,0.021381194253732135,8771.353163244668,8587.737088358495
17811.0,3784222.65,3787539.946876029,3844143.72543411,0.0,0.0,0.058605572994128656,59921.07543411013,56603.778558081016
17951.0,3822091.0,3824531.390259212,3845272.390259212,0.0,0.0,0.11766020245947076,23181.390259211883,20741.0
17419.0,3696547.4,3701804.207748416,3845804.207748416,0.0,0.0,0.03650560936399981,149256.80774841597,144000.0
17879.0,3814013.45,3822558.546036813,3846223.6072166115,3.0,0.0,0.36108489100831864,32210.15721661132,23665.061179798562
18012.0,3838831.75,3838831.75,3846409.4350975174,0.0,0.0,0.0,7577.685097517446,7577.685097517446
18020.0,3843670.35,3843670.35,3846679.9200629164,2.0,1.0,0.0,3009.57006291626,3009.57006291626
17835.0,3806311.6,3808172.8534792885,3847015.105635946,1.0,0.0,0.04791826879094607,40703.50563594606,38842.25215665763
17925.0,3820619.4,3824443.5249981275,3848167.328389957,1.0,0.0,0.16119358835373726,27547.928389957175,23723.8033918296
17708.0,3755400.35,3793635.182877863,3848714.259277598,0.0,1.0,0.6941807193783404,93313.90927759791,55079.076399735175
17878.0,3813834.05,3822214.977695403,3849234.416184757,1.0,1.0,0.31018141619433026,35400.36618475709,27019.43848935375
18021.0,3844043.45,3844143.72543411,3849382.9524369393,1.0,2.0,0.01913935663709489,5339.502436939161,5239.227002829313
18016.0,3841258.2,3841839.734672258,3849384.43456052,0.0,0.0,0.07707856917711292,8126.2345605199225,7544.699888261966
16695.0,3376501.0500000007,3759491.3484779107,3850041.4398755366,0.0,1.0,4.229595934874469,473540.38987553585,90550.09139762586
17827.0,3795262.9,3796715.4630048284,3850054.9236134,0.0,0.0,0.027232427704660625,54792.02361340029,53339.46060857177
17517.0,3706857.05,3706865.98252655,3850288.4792269366,0.0,3.0,6.228120940410072e-05,143431.42922693677,143422.49670038652
17887.0,3816641.4,3850041.4645220432,3850329.4645220432,0.0,0.0,115.97244625709492,33688.064522043336,288.0
17836.0,3806569.65,3809372.3881232105,3850366.666146089,0.0,0.0,0.0683690080270823,43797.01614608895,40994.27802287834
18015.0,3841082.05,3841839.734672258,3850851.0828169403,0.0,1.0,0.08408116744501341,9769.032816940453,9011.348144682124
18025.0,3846999.65,3846999.65,3851389.4334825845,1.0,2.0,0.0,4389.783482584637,4389.783482584637
18023.0,3846067.55,3846223.6072166115,3853020.240110519,0.0,1.0,0.02296096008827892,6952.690110519063,6796.632893907372
18029.0,3849975.35,3850041.4398755366,3853280.697611518,2.0,1.0,0.020402783885450113,3305.347611518111,3239.257735981606
18000.0,3835520.65,3838041.535093413,3854121.196171164,2.0,0.0,0.15677476541476357,18600.54617116414,16079.661077750847
17975.0,3826521.4,3828280.43799449,3854307.707354761,0.0,1.0,0.0675844234806686,27786.307354761288,26027.269360271282
17993.0,3834308.4,3835401.339266309,3854877.5495810835,2.0,0.0,0.056116628884421704,20569.149581083562,19476.21031477442
18027.0,3848491.4,3848714.259277598,3855931.1968088,0.0,1.0,0.03088003417440878,7439.796808800194,7216.9375312021
17504.0,3705770.25,3746352.398632903,3856048.827872985,0.0,0.0,0.3699495864544953,150278.57787298504,109696.42924008192
17996.0,3834604.15,3836293.952373534,3856247.9801715096,2.0,0.0,0.08468477595814046,21643.830171509646,19954.027797975577
18037.0,3855512.7,3856247.9801715096,3856424.415264023,1.0,1.0,4.167425884696474,911.715264022816,176.4350925134495
18038.0,3855590.7,3856247.9801715096,3856583.7785175727,0.0,0.0,1.9573657202761008,993.0785175724886,335.79834606312215
18035.0,3852899.05,3853280.741188917,3856895.3301263116,2.0,0.0,0.10559739863314399,3996.2801263118163,3614.5889373947866
18004.0,3837425.8,3840640.1989648286,3857975.503009151,2.0,0.0,0.18542501225304714,20549.703009151388,17335.304044322576
18032.0,3850916.55,3850916.55,3858095.047153046,0.0,2.0,0.0,7178.497153046075,7178.497153046075
18045.0,3857492.6,3857975.503009151,3859139.924441288,1.0,0.0,0.41471497846346994,1647.3244412881322,1164.4214321370237
18044.0,3856665.15,3857975.503009151,3859140.474863104,1.0,0.0,1.124793706135602,2475.3248631041497,1164.9718539528549
18040.0,3855809.75,3855931.2315471405,3859440.878852047,1.0,2.0,0.03461360546704632,3631.128852047026,3509.64730490651
17783.0,3768410.1,3782116.649686109,3859798.339581182,0.0,0.0,0.17644505036672725,91388.23958118213,77681.68989507342
18003.0,3837306.85,3839323.4565290892,3860360.276246898,2.0,0.0,0.09586080767626712,23053.426246897783,21036.819717808627
17914.0,3819856.3,3820074.9205392483,3861103.686066658,0.0,0.0,0.00532846982935435,41247.38606665796,41028.7655274095
18036.0,3853360.55,3854307.707354761,3861442.8175469697,0.0,1.0,0.13274600240871745,8082.267546969932,7135.110192208551
17994.0,3834389.65,3836293.9053921155,3861672.218127215,0.0,1.0,0.07503475160040457,27282.56812721491,25378.312735099345
18054.0,3861743.6,3861743.6,3862043.4189767074,0.0,0.0,0.0,299.81897670729086,299.81897670729086
17997.0,3834963.6,3838041.4355978626,3862181.272346793,1.0,1.0,0.12750026563451533,27217.672346793115,24139.836748930626
17786.0,3769049.7,3809030.4583099154,3862267.4583099154,0.0,0.0,0.7509957043018051,93217.7583099152,53237.0
18047.0,3858231.65,3859139.924441288,3862381.674398204,2.0,0.0,0.28018028946085055,4150.024398203939,3241.7499569156207
18019.0,3842176.0,3842873.8087293063,3862441.668215755,1.0,0.0,0.03566096382640042,20265.668215754908,19567.85948644858
17922.0,3820508.25,3820540.838308252,3862886.2238049787,0.0,0.0,0.0007695834592047248,42377.973804978654,42345.385496726725
17122.0,3536266.5,3641220.20188987,3863384.268069894,0.0,0.0,0.47241529062051024,327117.76806989405,222164.06618002383
17950.0,3822084.5,3863384.268069894,3863509.268069894,0.0,0.0,330.3981445591524,41424.76806989405,125.0
18024.0,3846732.5,3846999.6748974696,3863550.448250978,2.0,0.0,0.01614274401340576,16817.948250977788,16550.773353508208
18051.0,3860658.75,3860658.75,3863775.937069097,2.0,0.0,0.0,3117.187069097068,3117.187069097068
18041.0,3855870.2,3855931.1968088,3865233.514344355,0.0,0.0,0.006557162617463354,9363.314344354905,9302.31753555499
18062.0,3864666.0,3865233.514344355,3865424.514344355,0.0,0.0,2.971279289817233,758.5143443550915,191.0
18066.0,3865434.3,3865434.3,3865628.010886797,1.0,0.0,0.0,193.71088679740205,193.71088679740205
18063.0,3864840.2,3865233.514344355,3865635.448115596,1.0,0.0,0.9785551065801897,795.2481155958958,401.9337712409906
18068.0,3865598.75,3865628.010886797,3865883.8310740846,2.0,1.0,0.11438067928682343,285.0810740846209,255.82018728740513
18049.0,3858851.75,3859140.474863104,3866099.8695700164,0.0,2.0,0.041487065364647864,7248.119570016395,6959.394706912339
18073.0,3866285.15,3866285.15,3866416.5884446893,2.0,1.0,0.0,131.43844468938187,131.43844468938187
18022.0,3844712.3,3845272.390259212,3866516.717744245,2.0,1.0,0.026364226384979914,21804.41774424538,21244.32748503331
18076.0,3866390.45,3866516.717744245,3866651.6939216056,1.0,2.0,0.9354817028775603,261.24392160540447,134.97617736039683
18077.0,3866468.45,3866516.717744245,3866658.717744245,0.0,0.0,0.3399136918662509,190.26774424500763,142.0
18005.0,3837811.9,3842020.784536173,3866888.427823324,1.0,0.0,0.16925144403803982,29076.527823324315,24867.64328715112
18059.0,3863087.8,3863509.268069894,3867592.3470804947,0.0,1.0,0.10322309923467149,4504.547080494929,4083.07901060069
18080.0,3866543.85,3866888.427823324,3868841.927967715,1.0,0.0,0.17638996562837525,2298.077967714984,1953.500144390855
18082.0,3867917.95,3868841.927967715,3869071.7776630265,0.0,0.0,4.019922525731926,1153.8276630262844,229.8496953113936
18026.0,3848347.75,3848714.259277598,3869088.927980776,1.0,1.0,0.01798847789563492,20741.177980775945,20374.668703177944
17851.0,3809650.65,3810056.26349781,3869286.0003362773,0.0,0.0,0.006848139455965679,59635.35033627739,59229.73683846742
18087.0,3868082.4,3869088.927980776,3869556.111721226,0.0,1.0,2.154458500217457,1473.7117212261073,467.1837404500693
18097.0,3869745.1,3869745.1,3869931.0085035944,0.0,0.0,0.0,185.90850359434262,185.90850359434262
18084.0,3868007.65,3869071.7776630265,3870012.8811040516,0.0,1.0,1.130723379214749,2005.2311040516943,941.1034410251305
18092.0,3869118.5,3870012.8811040516,3870103.019198757,1.0,1.0,9.922343122221946,984.5191987571307,90.13809470552951
18093.0,3869366.8,3870103.019198757,3870213.6269603684,1.0,1.0,6.65612600809168,846.8269603685476,110.60776161123067
18067.0,3865514.25,3866516.717744245,3870299.717744245,0.0,0.0,0.26499279520095004,4785.467744245194,3783.0
18094.0,3869418.8,3870213.6269603684,3870317.70693686,1.0,2.0,7.636694272624727,898.9069368601777,104.07997649163008
18096.0,3869518.9,3870317.70693686,3870405.8404145055,1.0,1.0,9.063603958458215,886.940414505545,88.13347764546052
18099.0,3870129.9,3870299.717744245,3870547.536069792,0.0,0.0,0.6852509549906377,417.6360697923228,247.81832554703578
18098.0,3870028.5,3870405.8404145055,3870552.1324416324,0.0,1.0,2.579364179415455,523.6324416324496,146.2920271269977
18065.0,3864904.55,3866516.717744245,3871153.717744245,0.0,0.0,0.34767473457955145,6249.16774424538,4637.0
18056.0,3861900.9,3862181.272346793,3871461.4760369486,0.0,1.0,0.030211874238355883,9560.57603694871,9280.20369015541
18090.0,3868749.3,3869286.0659541967,3871807.970262676,1.0,1.0,0.21284152312685936,3058.670262676198,2521.9043084792793
18030.0,3850814.5,3854121.196171164,3871823.5859721177,2.0,0.0,0.1867937723857999,21009.085972117726,17702.38980095368
18085.0,3868009.6,3871823.5859721177,3872115.4469028567,0.0,0.0,13.067819534669809,4105.846902856603,291.86093073897064
18083.0,3867931.6,3869071.7776630265,3872441.262519536,2.0,0.0,0.33838337656381984,4509.662519535981,3369.4848565096036
18081.0,3867874.4,3868841.927967715,3872798.4635815555,1.0,0.0,0.24453917824741397,4924.063581555616,3956.535613840446
18119.0,3870378.2,3870547.536069792,3873451.334086586,2.0,0.0,0.058315374834172574,3073.1340865856037,2903.7980167935602
18133.0,3872497.2,3873451.367301709,3873489.2463573143,1.0,0.0,25.18983872385886,992.0463573141024,37.87905560526997
18089.0,3868725.25,3869088.9830264645,3873817.2341996273,0.0,1.0,0.07692760243554501,5091.984199627303,4728.251173162833
18154.0,3873927.85,3874070.6615692517,3874114.304726965,2.0,0.0,3.2722556463568955,186.45472696470097,43.643157713115215
18128.0,3870891.05,3871153.717744245,3875222.5103794313,1.0,0.0,0.06455668002686639,4331.46037943149,4068.7926351861097
17989.0,3833310.0,3834536.0382800363,3875228.883078045,0.0,4.0,0.030129087462970643,41918.88307804521,40692.84479800891
18156.0,3874215.8,3875222.537726617,3875352.994127053,1.0,2.0,7.717043573587854,1137.1941270530224,130.45640043588355
18159.0,3874803.4,3875352.994127053,3875466.95424875,1.0,0.0,4.822688137459617,663.5542487502098,113.96012169728056
17957.0,3823442.35,3825711.9610301293,3876091.9373054076,0.0,0.0,0.04504986301954575,52649.587305407505,50379.976275278255
18034.0,3852262.05,3854877.5495810835,3876102.839174634,2.0,0.0,0.12322562524086429,23840.789174634032,21225.289593550377
18132.0,3872310.0,3876102.839174634,3876352.6602988155,0.0,0.0,15.182219626377535,4042.6602988154627,249.82112418161705
17490.0,3704605.45,3704651.2309959964,3877035.9208756024,0.0,1.0,0.0002655746054256724,172430.47087560222,172384.689879606
18151.0,3873822.55,3877035.9208756024,3877203.845406357,0.0,0.0,19.135803811146218,3381.295406357385,167.92453075479716
17986.0,3829573.8,3831697.0607647095,3877416.363547514,2.0,0.0,0.04644123237829087,47842.56354751438,45719.302782804705
18152.0,3873834.25,3877203.845406357,3877489.6598751373,0.0,0.0,11.789450060871797,3655.4098751372658,285.8144687800668
18185.0,3877433.95,3877444.759489397,3877547.5709593846,0.0,1.0,0.10513894410984105,113.62095938436687,102.81146998750046
18086.0,3868077.85,3877416.363547514,3877579.4096431215,0.0,2.0,57.27529698106977,9501.559643121436,163.0460956073366
18186.0,3877470.35,3877530.170174262,3877606.593405333,1.0,0.0,0.7827485624948399,136.24340533278883,76.42323107086122
18183.0,3877303.3,3877444.7311498458,3877672.4005312677,2.0,0.0,0.621212870007306,369.10053126793355,227.6693814219907
18189.0,3877559.4,3877579.4096431215,3877713.3572075553,0.0,0.0,0.14938415047861928,153.95720755541697,133.94756443379447
18134.0,3872768.9,3877579.4096431215,3877718.156649719,1.0,0.0,34.67108776680146,4949.2566497190855,138.74700659746304
18187.0,3877495.05,3877606.593405333,3877823.975915275,2.0,0.0,0.5131204224421908,328.92591527523473,217.3825099421665
18190.0,3877770.0,3877823.975915275,3877879.2345391423,2.0,0.0,0.976787178136617,109.23453914234415,55.25862386729568
18178.0,3876849.6,3877416.3858289467,3877917.8810184025,0.0,2.0,1.1301919557028464,1068.2810184024274,501.4951894558035
18192.0,3877882.45,3877882.45,3877923.8468128503,2.0,0.0,0.0,41.39681285014376,41.39681285014376
18046.0,3857852.7,3859139.924441288,3878057.3635192607,1.0,0.0,0.06804432862093315,20204.663519260474,18917.439077972434
18176.0,3876449.85,3877035.9273115615,3878078.109792686,2.0,0.0,0.5623557507213671,1628.2597926859744,1042.1824811245315
18201.0,3878121.65,3878121.65,3878184.649068734,0.0,1.0,0.0,62.99906873423606,62.99906873423606
18206.0,3878232.15,3878232.15,3878307.0196022424,0.0,1.0,0.0,74.86960224248469,74.86960224248469
18209.0,3878306.9,3878738.522734185,3878787.9344743984,1.0,0.0,8.735226331297925,481.03447439847514,49.41174021316692
18223.0,3878708.6,3878787.9344743984,3878851.9840602907,1.0,0.0,1.238641488355985,143.38406029064208,64.0495858923532
18224.0,3878738.5,3878738.5,3878872.4043726698,0.0,0.0,0.0,133.9043726697564,133.9043726697564
18226.0,3878869.15,3878872.4043726698,3879612.4043726698,0.0,0.0,0.004397800905202087,743.2543726698495,740.0
16675.0,3374894.9,3410320.719253529,3879798.4922996294,0.0,0.0,0.07545792641827648,504903.59229962947,469477.7730461005
18239.0,3879305.95,3879798.4922996294,3879879.3387732585,0.0,1.0,6.09231643038264,573.3887732583098,80.84647362912074
18238.0,3879253.3,3879798.4922996294,3879906.9731670883,0.0,2.0,5.025700037250814,653.6731670885347,108.48086745897308
18240.0,3879454.8,3879879.3387732585,3879935.714027589,1.0,0.0,7.530587281582541,480.9140275893733,56.37525433069095
18250.0,3879621.2,3879621.2,3879959.6958388006,1.0,0.0,0.0,338.4958388004452,338.4958388004452
18135.0,3872851.45,3876352.6602988155,3879984.537566191,1.0,1.0,0.9640221959772521,7133.087566190865,3631.8772673755884
17980.0,3827534.75,3827568.9799520737,3880525.494905868,0.0,0.0,0.0006463784881524457,52990.74490586808,52956.51495379442
18262.0,3880435.65,3880525.494905868,3881163.0858841985,1.0,0.0,0.14091307581457896,727.4358841986395,637.5909783304669
18191.0,3877880.5,3877923.8468128503,3881302.0861894474,1.0,0.0,0.012831184536719591,3421.5861894474365,3378.2393765971065
18180.0,3876932.15,3877489.6598751373,3882165.6598751373,0.0,0.0,0.11922794592330173,5233.509875137359,4676.0
18167.0,3875359.15,3875466.95424875,3883326.3714978164,0.0,0.0,0.013716570241008277,7967.221497816499,7859.4172490662895
18155.0,3873952.55,3874114.304726965,3883401.6585951345,0.0,0.0,0.017416664559251678,9449.10859513469,9287.35386816971
18079.0,3866491.2,3866658.717744245,3885663.0233767326,1.0,0.0,0.008814725856578526,19171.823376732413,19004.305632487405
18261.0,3880355.05,3882165.6598751373,3886070.6598751373,0.0,0.0,0.4636645006754038,5715.609875137452,3905.0
18331.0,3883484.8,3886070.6598751373,3886270.344635041,1.0,1.0,12.949710715953085,2785.544635041151,199.68475990369916
18061.0,3864500.9,3865233.542494478,3886323.542494478,0.0,0.0,0.03473885701651318,21822.642494478263,21090.0
18225.0,3878821.05,3878851.9840602907,3886613.9840602907,0.0,0.0,0.003985320831090116,7792.9340602909215,7762.0
17540.0,3709635.8,3754787.7858941914,3886697.349756257,0.0,0.0,0.342295013130403,177061.54975625733,131909.56386206578
18014.0,3840554.25,3861743.656574374,3886712.536221341,0.0,1.0,0.8486326528850816,46158.28622134123,24968.879646967165
16706.0,3377982.4,3383346.161658215,3888314.475863319,0.0,0.0,0.010621976681167274,510332.075863319,504968.314205104
18088.0,3868168.85,3886712.536221341,3888678.292909189,0.0,2.0,9.433357818887897,20509.442909189034,1965.7566878478974
17904.0,3818914.45,3818914.45,3888834.6342220297,0.0,2.0,0.0,69920.18422202952,69920.18422202952
18328.0,3882893.95,3885663.0707871635,3888855.3748373785,2.0,1.0,0.8674364169593178,5961.424837378319,3192.3040502150543
16707.0,3378042.85,3384037.8129849513,3888980.6860322943,0.0,0.0,0.011872556887022606,510937.8360322942,504942.873047343
18251.0,3879925.4,3879935.714027589,3889447.2674021893,0.0,0.0,0.0010843683658258148,9521.867402189411,9511.553374600131
18028.0,3848776.75,3849234.416184757,3889591.898135864,0.0,1.0,0.011340305753251984,40815.148135864176,40357.48195110727
18333.0,3885357.45,3886323.542494478,3889626.071410437,1.0,0.0,0.29253112359122596,4268.621410436928,3302.5289159589447
18334.0,3886381.2,3886697.38685664,3891444.629026819,1.0,1.0,0.06660432421717564,5063.429026818834,4747.242170178797
18330.0,3883330.1,3883401.6585951345,3892782.388486782,0.0,0.0,0.007628254513342864,9452.288486781996,9380.729891647585
18347.0,3891582.5,3892782.388486782,3892829.388486782,0.0,0.0,25.529542271959336,1246.8884867820889,47.0
18346.0,3891541.55,3892782.388486782,3892849.388486782,0.0,0.0,18.519977414660822,1307.8384867822751,67.0
18349.0,3891872.4,3892782.388486782,3892849.388486782,0.0,0.0,13.581917713166895,976.988486782182,67.0
18351.0,3892131.75,3892782.388486782,3892866.388486782,0.0,0.0,7.745696271215344,734.6384867820889,84.0
18352.0,3892474.3,3892782.388486782,3892866.388486782,0.0,0.0,3.6677200807413706,392.08848678227514,84.0
17582.0,3714686.3,3720204.4983539227,3892947.4983539227,0.0,0.0,0.03194455551844605,178261.19835392293,172743.0
18136.0,3872854.05,3892947.4983539227,3893135.41170737,0.0,0.0,106.92932665668263,20281.361707370263,187.9133534473367
16673.0,3374633.6,3375247.5681860046,3893313.321345882,0.0,0.0,0.0011851163337080876,518679.72134588193,518065.7531598774
18357.0,3893159.4,3893313.321345882,3893380.321345882,0.0,0.0,2.297333520628623,220.92134588211775,67.0
18359.0,3893476.6,3893476.6,3893559.6,0.0,0.0,0.0,83.0,83.0
18360.0,3893503.9,3893559.6,3893626.6,0.0,0.0,0.8313432835848696,122.70000000018626,67.0
18008.0,3838292.25,3840836.0663206964,3893769.947957203,0.0,0.0,0.04805648560150197,55477.69795720279,52933.88163650641
18363.0,3893680.05,3893680.05,3893778.260054508,1.0,0.0,0.0,98.2100545084104,98.2100545084104
18368.0,3894072.65,3894072.65,3894155.65,0.0,0.0,0.0,83.0,83.0
18369.0,3894079.8,3894128.1396431215,3894175.0742215132,1.0,0.0,1.0299366645684294,95.27422151342034,46.934578391723335
18371.0,3894183.8,3894183.8,3894246.8,0.0,0.0,0.0,63.0,63.0
18373.0,3894227.35,3894246.8106395197,3894304.8106395197,0.0,0.0,0.3355282675796028,77.46063951961696,58.0
18372.0,3894191.6,3894246.8,3894351.8,0.0,0.0,0.5257142857116248,160.1999999997206,105.0
18374.0,3894329.4,3894329.4,3894376.3858332164,1.0,0.0,0.0,46.98583321645856,46.98583321645856
18048.0,3858323.95,3859140.474863104,3894908.44797805,0.0,2.0,0.0228283794689691,36584.497978049796,35767.973114945926
18354.0,3892510.05,3894908.44797805,3895094.377023046,0.0,0.0,12.899533680188403,2584.327023046091,185.9290449959226
18031.0,3850912.0,3853280.697611518,3895181.216599464,0.0,0.0,0.056531462347749174,44269.21659946395,41900.51898794575
18227.0,3879010.85,3895181.216599464,3895377.129819402,0.0,0.0,82.53841473575253,16366.279819401912,195.91321993805468
18339.0,3887761.8,3887761.8,3895388.7348473263,0.0,0.0,0.0,7626.934847326484,7626.934847326484
16696.0,3376504.95,3383273.221364092,3897926.413343442,0.0,3.0,0.01315113064403857,521421.46334344195,514653.19197935006
18341.0,3889403.05,3893313.362247912,3898123.362247912,0.0,0.0,0.8129547292957171,8720.3122479124,4810.0
18344.0,3890200.6,3895181.216599464,3898962.216599464,0.0,0.0,1.317274953574149,8761.616599463858,3781.0
18095.0,3869476.65,3871807.970262676,3899061.970262676,0.0,0.0,0.08554048076158013,29585.320262676105,27254.0
18138.0,3872904.1,3899061.970262676,3899307.8347016824,0.0,3.0,106.39143411053402,26403.734701682348,245.86443900642917
16709.0,3378086.4,3395454.3984063324,3900444.2733870535,0.0,0.0,0.034392765611380834,522357.8733870536,504989.87498072116
18050.0,3860171.9,3860171.9,3901548.0324449567,0.0,0.0,0.0,41376.132444956806,41376.132444956806
17833.0,3805465.95,3822558.546036813,3901758.546036813,0.0,0.0,0.2158156065254136,96292.59603681276,79200.0
18353.0,3892474.3,3898123.362247912,3902122.8869357794,2.0,1.0,1.412433398660908,9648.586935779545,3999.524687867146
18355.0,3892614.7,3898962.216599464,3902846.0432895087,1.0,1.0,1.6343459958535578,10231.343289508484,3883.8266900447197
17862.0,3811135.9,3829057.163477224,3902894.163477224,0.0,0.0,0.24271386265996622,91758.26347722393,73837.0
18057.0,3861992.55,3862181.272346793,3903697.4357467974,0.0,0.0,0.004545755949919391,41704.88574679755,41516.16340000415
18058.0,3862127.1,3862381.674398204,3903721.2487587547,0.0,0.0,0.0061581281893092225,41594.1487587546,41339.57436055085
18382.0,3895472.75,3895472.75,3904664.8217164427,0.0,0.0,0.0,9192.071716442704,9192.071716442704
17168.0,3545274.2,3561004.408642319,3906323.915525148,0.0,0.0,0.04555262106190915,361049.71552514797,345319.5068828291
18381.0,3895040.5,3901758.546036813,3906567.335276087,0.0,2.0,1.3970348257199494,11526.835276086815,4808.789239273872
16710.0,3378169.6,3401761.329889507,3906602.107745027,0.0,0.0,0.04673103070183968,528432.5077450271,504840.77785552014
18001.0,3836373.45,3836382.192549432,3906692.6347096474,0.0,1.0,0.00012434211993795217,70319.1847096472,70310.44216021523
18388.0,3897456.55,3899307.8347016824,3906734.884582177,0.0,0.0,0.24926245702814653,9278.33458217699,7427.049880494364
18394.0,3900879.45,3902894.2085425653,3906820.020801617,1.0,2.0,0.513208072525595,5940.570801616646,3925.812259051483
18033.0,3851590.6,3854121.196171164,3907719.359624049,0.0,0.0,0.0472142328792375,56128.75962404907,53598.163452885114
16711.0,3378192.35,3403219.4368426264,3908107.6955969348,0.0,0.0,0.04956955605260997,529915.3455969347,504888.25875430834
16712.0,3378217.0500000007,3403343.445235952,3908168.6913394984,0.0,0.0,0.04977246171796505,529951.6413394976,504825.2461035466
18042.0,3856238.1,3863509.268069894,3908270.268069894,0.0,0.0,0.16244427224355934,52032.16806989396,44761.0
18158.0,3874415.35,3908168.6913394984,3908977.6913394984,0.0,0.0,41.72230079047996,34562.34133949829,809.0
18039.0,3855659.6,3856424.415264023,3909055.9599955296,0.0,2.0,0.014531499463383045,53396.35999552952,52631.54473150661
17679.0,3753179.3,3886697.349756257,3909691.8636374874,0.0,0.0,5.806517608760764,156512.5636374876,22994.51388123026
16728.0,3395653.3000000007,3395864.786202158,3910049.993562455,0.0,1.0,0.0004113035519687969,514396.6935624541,514185.207360297
18398.0,3903269.5,3906820.0656311545,3910151.381439256,1.0,0.0,1.0658147818107486,6881.881439256016,3331.315808101557
17663.0,3751083.05,3752865.7598255887,3910770.5583591834,0.0,0.0,0.011289776131848072,159687.50835918356,157904.7985335947
18348.0,3891750.85,3910770.592805606,3910957.592805606,0.0,0.0,101.70985457543185,19206.742805605754,187.0
16714.0,3379089.35,3406205.0795458034,3911048.5406139186,0.0,0.0,0.05371116323549792,531959.1906139185,504843.4610681152
18403.0,3905653.05,3908168.6972794235,3911815.158788866,2.0,1.0,0.6898872435399235,6162.108788866084,3646.4615094424225
18390.0,3898449.1,3902894.163477224,3912000.682140773,0.0,0.0,0.4881188565522847,13551.58214077307,9106.51866354933
18043.0,3856448.7,3856583.7785175727,3913181.8910586936,0.0,0.0,0.0023866258344630888,56733.191058693454,56598.112541120965
18396.0,3902733.9,3904664.8217164427,3913731.1040092907,0.0,0.0,0.21297833600063623,10997.204009290785,9066.282292847987
18055.0,3861811.85,3862043.4189767074,3915050.2348389304,0.0,0.0,0.004368664160269354,53238.38483893033,53006.81586222304
18406.0,3908033.35,3908107.6955969348,3915533.75733073,0.0,0.0,0.010011443427184115,7500.407330729999,7426.06173379533
18404.0,3905666.7,3906567.335276087,3915807.817287771,0.0,0.0,0.09746626582334249,10141.117287770845,9240.482011684217
16716.0,3379113.4,3412056.688358933,3916944.05666817,0.0,0.0,0.06524878701016734,537830.6566681699,504887.3683092366
18409.0,3908674.9,3909691.8729538247,3917796.706648256,0.0,1.0,0.12547733761934152,9121.806648256257,8104.833694431465
18412.0,3910434.45,3910434.45,3917963.575985252,0.0,0.0,0.0,7529.12598525174,7529.12598525174
18177.0,3876759.25,3916944.05666817,3918098.405443988,0.0,4.0,34.81166828430464,41339.15544398781,1154.3487758180127
18418.0,3915254.85,3915533.75733073,3918932.5933130123,1.0,1.0,0.08205966165590718,3677.743313012179,3398.8359822821803
17587.0,3714917.05,3856048.827872985,3920449.5393634015,0.0,0.0,2.191463022795754,205532.48936340166,64400.711490416434
18413.0,3911660.35,3912000.682140773,3921205.570715887,0.0,0.0,0.03697297778195647,9545.220715886913,9204.888575113844
18414.0,3912842.05,3913731.1040092907,3921234.955834818,0.0,0.0,0.1184796861614993,8392.905834818259,7503.851825527381
18091.0,3868993.7,3869286.0003362773,3923228.645108003,0.0,0.0,0.005418724601177176,54234.94510800298,53942.64477172587
18453.0,3923175.1,3923228.645108003,3923364.5518479617,0.0,0.0,0.39398419842461163,189.45184796163812,135.90673995856196
18457.0,3923361.0,3923364.5518479617,3923714.381224437,0.0,0.0,0.01015308662044515,353.3812244371511,349.82937647541985
17258.0,3588804.0500000007,3655559.7163491216,3923806.0052707097,0.0,0.0,0.24885960815150163,335001.955270709,268246.2889215881
18454.0,3923266.1,3923806.0355898514,3923957.4966487964,1.0,0.0,3.564847582688988,691.3966487962753,151.4610589449294
18415.0,3914610.05,3915050.2348389304,3924095.3583714156,0.0,0.0,0.048665431417238635,9485.308371415827,9045.123532485217
18446.0,3921347.95,3923645.8693073704,3924101.6093939524,0.0,0.0,5.042170691203016,2753.659393952228,455.74008658202365
18455.0,3923292.75,3923957.4966487964,3924123.3620098927,2.0,1.0,4.007748479866584,830.6120098927058,165.86536109633744
18460.0,3923362.95,3923714.381224437,3924148.057772797,0.0,0.0,0.8103533053977963,785.1077727968805,433.6765483599156
18141.0,3873585.3,3902894.163477224,3924212.148806528,1.0,1.0,1.3748420887097224,50626.848806528375,21317.985329304356
18456.0,3923322.0,3924095.3583714156,3924266.3583714156,0.0,0.0,4.522563575530065,944.3583714156412,171.0
18461.0,3923379.2,3923806.0052707097,3924355.605490147,0.0,0.0,0.7765740544035332,976.4054901469499,549.6002194373868
18459.0,3923362.3,3924212.148806528,3924360.376953392,1.0,1.0,5.733383466705576,998.0769533920102,148.22814686363563
18108.0,3870262.5,3879798.4922996294,3924366.8872227147,1.0,0.0,0.21396310807437138,54104.38722271472,44568.39492308535
18464.0,3923380.5,3923839.5309670824,3924389.161797476,0.0,0.0,0.8351623338771055,1008.6617974760011,549.6308303936385
18458.0,3923361.65,3924212.148806528,3924491.148806528,0.0,0.0,3.048382819097783,1129.4988065282814,279.0
18442.0,3920120.1,3921234.955834818,3924568.5057351897,1.0,0.0,0.3344350221647229,4448.405735189561,3333.5499003715813
18463.0,3923379.85,3924360.376953392,3924583.630323985,2.0,0.0,4.391991712313026,1203.7803239850327,223.25337059330195
18350.0,3891974.45,3924568.5175844724,3924692.5175844724,0.0,0.0,262.8553837457439,32718.067584472243,124.0
18100.0,3870234.55,3872115.4469028567,3924971.4469028567,0.0,0.0,0.035585305412003984,54736.89690285688,52856.0
17132.0,3540761.25,3655461.266110395,3925345.7951709568,0.0,0.0,0.42499663285499617,384584.54517095676,269884.5290605617
18424.0,3917688.45,3917963.575985252,3925607.0482048746,0.0,0.0,0.03599489568960855,7918.598204874434,7643.472219622694
18469.0,3925798.5,3925798.5,3925915.587816714,2.0,0.0,0.0,117.0878167138435,117.0878167138435
18470.0,3925802.4,3925915.587816714,3926011.5140595958,1.0,0.0,1.1799463140995157,209.11405959585682,95.92624288192019
18105.0,3870254.7,3877718.156649719,3926047.1109306864,1.0,0.0,0.15443033603270045,55792.410930686165,48328.95428096736
18473.0,3925819.3,3926047.1109306864,3926104.1109306864,0.0,0.0,3.9966829945006523,284.8109306865372,57.0
18472.0,3925808.9,3926011.5140595958,3926175.7008695854,2.0,1.0,1.234045899354897,366.80086958548054,164.18680998962373
17113.0,3533257.0,3635571.5987404576,3926194.675193837,0.0,0.0,0.35205256233969595,392937.6751938369,290623.07645337936
18471.0,3925805.65,3925915.587816714,3926267.4410665026,0.0,0.0,0.3124536060984017,461.7910665026866,351.85324978874996
18479.0,3926195.0,3926267.483659431,3926438.483659431,0.0,0.0,0.4238810493033488,243.48365943087265,171.0
18478.0,3926192.4,3926194.7291184263,3926464.2578016073,0.0,1.0,0.008641449210287212,271.8578016073443,269.5286831809208
18477.0,3926184.6,3926194.675193837,3926476.430213071,0.0,1.0,0.03575870223788579,291.8302130708471,281.7550192340277
18476.0,3926182.0,3926182.0,3926553.0271439273,0.0,1.0,0.0,371.02714392729104,371.02714392729104
18474.0,3925821.25,3926047.1109306864,3926594.8342625587,0.0,0.0,0.41236317232324743,773.5842625587247,547.7233318723738
18475.0,3925823.2,3926104.1109306864,3926610.787528845,0.0,2.0,0.5544186009518399,787.5875288448296,506.676598158665
18484.0,3926396.5,3926464.3197379787,3926657.3197379787,0.0,0.0,0.3513976061074883,260.81973797874525,193.0
18482.0,3926213.2,3926438.483659431,3926732.483659431,0.0,0.0,0.7662709504445115,519.2836594306864,294.0
18480.0,3926197.6,3926267.4410665026,3926773.1780708744,0.0,0.0,0.13809759993585935,575.5780708743259,505.7370043718256
18486.0,3926402.35,3926464.2578016073,3926816.0235304916,0.0,0.0,0.17599156632881308,413.6735304915346,351.7657288843766
18487.0,3926404.3,3926476.430213071,3926828.1799463704,0.0,0.0,0.20506117345002856,423.8799463706091,351.7497332994826
18422.0,3917513.6,3917796.706648256,3926864.503157375,0.0,0.0,0.03122110735186585,9350.903157374822,9067.79650911875
18485.0,3926400.4,3926657.3197379787,3926885.696269218,2.0,0.0,1.124983099554207,485.2962692179717,228.37653123913333
18481.0,3926209.3,3926438.355863319,3926928.3455776717,0.0,1.0,0.467470758282089,719.0455776718445,489.9897143528797
18490.0,3926423.8,3926828.1799463704,3927030.721390677,2.0,0.0,1.9965293905884203,606.9213906773366,202.5414443067275
18489.0,3926419.9,3926732.483659431,3927030.737777489,0.0,1.0,1.048044739386582,610.837777488865,298.2541180578992
18488.0,3926417.3,3926553.0271439273,3927038.7780373837,0.0,0.0,0.27941717813775074,621.478037383873,485.7508934563957
18358.0,3893280.3,3924971.4538472304,3927526.4538472304,0.0,0.0,12.403582719072642,34246.1538472306,2555.0
18498.0,3927519.7,3927519.7,3927578.3886314654,1.0,0.0,0.0,58.688631465192884,58.688631465192884
17541.0,3709778.8,3820210.163477224,3927715.6971635576,0.0,0.0,1.027215620355198,217936.89716355782,107505.5336863338
18500.0,3927574.95,3927715.7098604483,3927943.7098604483,0.0,0.0,0.6173678089827789,368.7598604480736,228.0
18504.0,3927938.95,3927943.7879499397,3927980.7879499397,0.0,0.0,0.13075540377129172,41.83794993953779,37.0
18501.0,3927840.15,3927943.7098604483,3927991.5124022746,1.0,0.0,2.1664090755774437,151.362402274739,47.802541826386005
18503.0,3927925.3,3927991.5124022746,3928048.5124022746,0.0,0.0,1.1616210925409145,123.21240227483213,57.0
18502.0,3927846.65,3927943.728107804,3928151.0018988443,2.0,0.0,0.4683568883303151,304.35189884435385,207.27379104029387
18505.0,3927998.1,3928048.5124022746,3928179.677347937,1.0,0.0,0.38434356084950905,181.57734793704003,131.1649456624873
18444.0,3920432.75,3924123.3620098927,3928307.430889509,1.0,1.0,0.8820629191532392,7874.680889509153,4184.068879616447
18506.0,3928124.85,3928151.0018988443,3928351.7291347296,2.0,0.0,0.13028575185036945,226.87913472950459,200.727235885337
18169.0,3875526.85,3886712.536221341,3928421.8803312327,0.0,0.0,0.2681817818057808,52895.030331232585,41709.34410989145
18507.0,3928196.35,3928307.430889509,3928507.430889509,0.0,0.0,0.5554044475452975,311.0808895090595,200.0
18508.0,3928508.35,3928508.35,3928895.7914891336,0.0,1.0,0.0,387.4414891335182,387.4414891335182
18139.0,3873017.85,3900444.2733870535,3928993.3882317217,0.0,2.0,0.9606750869957553,55975.53823172161,28549.11484466819
18510.0,3928658.5,3928895.7914891336,3929059.6806688635,0.0,0.0,1.447877703242801,401.1806688634679,163.88917972985655
18511.0,3928702.05,3928993.428807754,3929121.925165895,1.0,1.0,2.2676036268272477,419.87516589509323,128.4963581408374
18512.0,3928880.8,3928993.3882317217,3929241.2599634295,0.0,0.0,0.45421973270676963,360.4599634297192,247.87173170782626
18513.0,3929016.65,3929241.2599634295,3929439.1129857698,0.0,0.0,1.1352364536711324,422.46298576984555,197.85302234021947
17711.0,3758446.9,3758796.93082198,3930556.1561967665,0.0,0.0,0.002037915699818706,172109.25619676663,171759.22537478665
18499.0,3927552.2,3927715.6971635576,3931180.8752425653,1.0,0.0,0.04718290368622816,3628.6752425651066,3465.178079007659
18483.0,3926322.4,3927030.721390677,3931519.721390677,0.0,0.0,0.15779046350573478,5197.3213906772435,4489.0
18452.0,3922575.8,3923806.0052707097,3931579.181187602,0.0,0.0,0.15826288815057993,9003.381187602412,7773.175916892476
18140.0,3873500.15,3878057.3635192607,3931776.1128567844,0.0,0.0,0.08483469134076509,58275.96285678446,53718.74933752371
18514.0,3929176.55,3931519.721390677,3931783.6109558046,0.0,0.0,8.879363568414634,2607.0609558047727,263.8895651274361
18168.0,3875456.0,3910770.5583591834,3931866.5583591834,0.0,0.0,1.6739930962828675,56410.55835918337,21096.0
18115.0,3870348.95,3888314.475863319,3932851.0703320326,1.0,0.0,0.40338795719864046,62502.12033203244,44536.59446871374
18107.0,3870259.25,3878057.3635192607,3933008.3635192607,0.0,0.0,0.1419103113548554,62749.11351926066,54951.0
18468.0,3925063.35,3925345.7951709568,3933155.8828071645,0.0,0.0,0.03616414874107728,8092.53280716436,7810.087636207696
18462.0,3923379.2,3924266.3583714156,3933421.9776226785,0.0,0.0,0.09689769168733033,10042.777622678317,9155.619251262862
18523.0,3933367.1,3933367.1,3933906.1,0.0,0.0,0.0,539.0,539.0
18525.0,3933613.45,3933906.1,3934471.1,0.0,0.0,0.5179646017697467,857.6499999999069,565.0
18532.0,3934952.45,3934952.45,3935020.45,0.0,0.0,0.0,68.0,68.0
18518.0,3929998.15,3931783.6109558046,3935032.81409355,1.0,0.0,0.5495073346025021,5034.664093550295,3249.203137745615
18539.0,3935023.3,3935032.81409355,3935103.81409355,0.0,0.0,0.13400131761109535,80.51409355038777,71.0
18535.0,3934992.75,3935020.479390941,3935105.479390941,0.0,0.0,0.32622812871876006,112.72939094109461,85.0
18534.0,3934977.8,3935020.4592403946,3935106.4592403946,0.0,0.0,0.49603767900965934,128.6592403948307,86.0
18533.0,3934970.0,3935020.45,3935107.45,0.0,0.0,0.5798850574734054,137.45000000018626,87.0
18536.0,3935001.85,3935020.548542607,3935115.548542607,0.0,0.0,0.19682676428438803,113.69854260701686,95.0
18538.0,3935009.65,3935020.6408353397,3935143.6408353397,0.0,0.0,0.08935638487611602,133.99083533976227,123.0
18540.0,3935047.35,3935103.81409355,3935166.2431468028,1.0,0.0,0.9044521838522415,118.89314680267125,62.42905325256288
18550.0,3935155.25,3935155.25,3935191.25,0.0,0.0,0.0,36.0,36.0
18551.0,3935182.55,3935182.55,3935255.55,0.0,0.0,0.0,73.0,73.0
18552.0,3935196.85,3935196.85,3935276.85,0.0,0.0,0.0,80.0,80.0
18553.0,3935204.65,3935255.55,3935336.55,0.0,0.0,0.6283950617272452,131.89999999990687,81.0
18554.0,3935237.15,3935255.580472855,3935339.580472855,0.0,0.0,0.21941039113083943,102.43047285499051,84.0
18555.0,3935252.1,3935255.6507647187,3935347.6507647187,0.0,0.0,0.03859526867998521,95.55076471855864,92.0
18562.0,3935376.25,3935376.25,3935444.25,0.0,0.0,0.0,68.0,68.0
18124.0,3870389.9,3888980.6860322943,3936080.298889851,1.0,0.0,0.39471207732680097,65690.39888985129,47099.6128575569
18520.0,3932111.95,3932851.0703320326,3936687.4414195665,1.0,0.0,0.19266132372704503,4575.49141956633,3836.3710875338875
18521.0,3932494.8,3933451.315065027,3936739.702182251,2.0,0.0,0.29087666108938187,4244.902182251215,3288.387117223814
18102.0,3870246.9,3876102.839174634,3936900.0615155324,0.0,1.0,0.09631918941623456,66653.16151553253,60797.22234089859
18160.0,3874809.25,3906602.107745027,3936914.4564215336,0.0,1.0,1.048841780104892,62105.2064215336,30312.34867650643
18567.0,3936661.3,3936900.0615155324,3937009.25605883,1.0,1.0,2.1865700274264506,347.9560588300228,109.19454329740256
18515.0,3929192.8,3931776.1180456164,3937495.9989134297,0.0,2.0,0.45163843536556675,8303.198913429864,5719.880867813248
18327.0,3882774.35,3936900.0615155324,3937923.4399768,0.0,0.0,52.8892424103826,55149.089976799674,1023.3784612673335
18112.0,3870341.8,3886323.542494478,3938671.542494478,0.0,0.0,0.3052980533063031,68329.74249447836,52348.0
18110.0,3870336.6,3885663.0233767326,3938908.0233767326,0.0,0.0,0.28784718521424557,68571.4233767325,53245.0
18570.0,3937174.15,3937495.9989134297,3939055.8871796504,1.0,0.0,0.2063281841394634,1881.7371796504594,1559.8882662206888
18569.0,3937083.8,3937083.8,3940424.295526326,1.0,1.0,0.0,3340.4955263263546,3340.4955263263546
18537.0,3935007.7,3936687.4680767534,3940634.4680767534,0.0,0.0,0.42558096700107517,5626.768076753244,3947.0
18541.0,3935058.4,3937923.4399768,3942431.6860404746,1.0,1.0,0.6355110028010504,7373.286040474661,4508.2460636748
18121.0,3870382.75,3888980.6860322943,3942566.6860322943,0.0,0.0,0.34706707035968903,72183.9360322943,53586.0
18564.0,3935659.65,3942431.6860404746,3942619.609228587,0.0,0.0,36.036191746763166,6959.959228586871,187.92318811221048
18125.0,3870391.85,3889591.904460158,3943642.904460158,0.0,0.0,0.35522107750380394,73251.0544601581,54051.0
18103.0,3870250.15,3877579.4096431215,3944026.5135779823,0.0,2.0,0.11030216832785698,73776.36357798241,66447.10393486079
18572.0,3938015.9,3940634.4680767534,3944371.480528016,1.0,0.0,0.7007116275111016,6355.580528016202,3737.012451262679
18101.0,3870242.35,3876091.9373054076,3944404.5773048443,1.0,1.0,0.08562964782880214,74162.22730484419,68312.63999943668
18117.0,3870354.15,3888678.292909189,3944762.44937742,0.0,1.0,0.3267258360134034,74408.29937741999,56084.156468230765
17121.0,3536263.9,3685764.2621559734,3944964.2621559734,0.0,0.0,0.5767760885647124,408700.36215597345,259200.0
17698.0,3754023.0,3757196.669524755,3945430.5498721027,0.0,0.0,0.016860245981746184,191407.54987210268,188233.88034734782
18126.0,3870394.45,3892947.4983539227,3946294.4983539227,0.0,0.0,0.42276132404676087,75900.04835392255,53347.0
18571.0,3937538.8,3939055.8871796504,3946896.793450684,0.0,0.0,0.1934836519159916,9357.993450684007,7840.906271033455
18179.0,3876877.55,3888855.3748373785,3946923.268403513,0.0,0.0,0.20627276282610404,70045.71840351308,58067.893566134386
18205.0,3878181.45,3926194.675193837,3947094.675193837,0.0,0.0,2.297283502097451,68913.22519383673,20900.0
18385.0,3895718.45,3946923.268403513,3947267.042689357,0.0,0.0,148.94894851658444,51548.59268935677,343.7742858440615
18113.0,3870345.05,3888314.475863319,3947843.8284631786,0.0,1.0,0.3018582443539194,77498.77846317878,59529.3525998597
18391.0,3899762.1,3947843.8284631786,3948183.6129639344,0.0,0.0,141.50653828006534,48421.512963934336,339.7845007558353
18577.0,3940049.1,3940424.295526326,3948261.174409499,0.0,0.0,0.04787563160274048,8212.074409498833,7836.878883172758
18161.0,3875006.85,3908270.268069894,3948584.921491412,1.0,0.0,0.8250949778012882,73578.07149141189,40314.65342151793
18148.0,3873693.2,3906323.915525148,3948740.3127950775,1.0,0.0,0.7692948393870597,75047.11279507726,42416.39726992929
18149.0,3873695.8,3906602.107745027,3949173.006802574,1.0,0.0,0.7729765749261053,75477.20680257399,42570.89905754663
17715.0,3759851.55,3763746.4863540693,3949440.596479715,0.0,0.0,0.020975012893161168,189589.04647971503,185694.11012564553
18579.0,3940951.95,3944371.480528016,3949474.2080677985,0.0,1.0,0.6701377844214148,8522.258067798335,5102.727539782412
16838.0,3432282.1,3432352.3584118336,3950000.080052949,0.0,1.0,0.00013572630361591905,517717.98005294893,517647.7216411154
18142.0,3873673.7,3893135.41170737,3950458.625269595,0.0,1.0,0.3395083858347192,76784.92526959488,57323.21356222499
17716.0,3759858.05,3765109.041661271,3950810.3115994134,0.0,0.0,0.028276552244474132,190952.26159941358,185701.2699381425
17839.0,3807531.0,3845804.207748416,3951247.201820118,0.0,0.0,0.3629753506656859,143716.2018201179,105442.994071702
18069.0,3865929.6,3951247.201820118,3951818.9852396594,0.0,0.0,149.2131441805793,85889.38523965934,571.7834195415489
18605.0,3945102.2,3949173.050229501,3951987.9097020407,2.0,0.0,1.4462001635299464,6885.7097020405345,2814.8594725397415
18593.0,3943910.1,3948584.9327344964,3952473.734907456,1.0,0.0,1.2021266514923539,8563.634907456115,3888.802172959782
18592.0,3942568.5,3944762.44937742,3952672.7320645596,0.0,0.0,0.27735410530735527,10104.23206455959,7910.282687139697
18228.0,3879019.95,3899307.8347016824,3953009.2613150873,0.0,0.0,0.3777904234785826,73989.31131508714,53701.42661340488
18172.0,3875931.8,3911048.5406139186,3953498.644952816,1.0,0.0,0.827247451115002,77566.84495281614,42450.10433889739
17854.0,3810431.3,3850329.4645220432,3953678.575532093,0.0,0.0,0.3860523243220121,143247.27553209336,103349.11101004994
18329.0,3883297.6,3883326.3714978164,3955291.312377061,0.0,0.0,0.000399798811265486,71993.71237706114,71964.94087924482
18146.0,3873688.0,3902894.163477224,3955451.163477224,0.0,0.0,0.555704539399582,81763.16347722383,52557.0
18610.0,3947622.25,3947843.8284631786,3955692.59783619,0.0,0.0,0.028230981526927122,8070.347836189903,7848.76937301131
18164.0,3875199.9,3908270.268069894,3956164.5136804977,1.0,0.0,0.6904872944187788,80964.61368049774,47894.2456106036
18608.0,3946909.2,3946909.2,3956246.2485296736,0.0,0.0,0.0,9337.048529673368,9337.048529673368
18617.0,3952947.7,3953009.3172122072,3956886.7681675665,1.0,1.0,0.01589116481844641,3939.068167566322,3877.450955359265
18408.0,3908361.6,3956886.7681675665,3957228.5686013014,0.0,0.0,141.96929956268818,48866.96860130131,341.8004337348975
18144.0,3873682.15,3897926.413343442,3957667.1653262894,0.0,1.0,0.4058245425233892,83985.01532628946,59740.75198284723
18165.0,3875252.55,3908270.268069894,3958730.268069894,0.0,0.0,0.6543344841437622,83477.71806989424,50460.0
18613.0,3949901.15,3949901.15,3959098.486654011,0.0,2.0,0.0,9197.33665401116,9197.33665401116
18614.0,3950148.8,3952473.734907456,3959838.422354547,0.0,1.0,0.31568683995881497,9689.622354547027,7364.687447090633
18171.0,3875918.15,3911048.5406139186,3959938.5406139186,0.0,0.0,0.7185598407428647,84020.39061391866,48890.0
18616.0,3952682.5,3952682.5,3960494.9156136713,0.0,0.0,0.0,7812.415613671299,7812.415613671299
18170.0,3875902.55,3908977.6913394984,3960568.6913394984,0.0,0.0,0.6411029315093442,84666.14133949857,51591.0
18166.0,3875318.85,3908977.6913394984,3961530.6913394984,0.0,0.0,0.6404742134511501,86211.84133949829,52553.0
18145.0,3873686.05,3902894.163477224,3962376.519245597,0.0,1.0,0.49103827681206214,88690.46924559725,59482.355768373236
18618.0,3955194.1,3955194.1,3962923.5891787806,0.0,0.0,0.0,7729.489178780466,7729.489178780466
18624.0,3959094.1,3959938.575774404,3963888.403772118,1.0,0.0,0.2138006452161752,4794.303772117943,3949.8279977138154
18053.0,3861147.55,3879798.4922996294,3964195.259378184,0.0,1.0,0.22099119368245065,103047.70937818429,84396.76707855472
17061.0,3495321.7,3684976.5118709104,3964440.519013249,0.0,1.0,0.6786377029737286,469118.81901324866,279464.00714233844
18493.0,3927262.95,3964195.259378184,3964527.067902085,0.0,0.0,111.30608986170803,37264.11790208472,331.8085239008069
18494.0,3927328.6,3964527.067902085,3964862.9225967317,0.0,0.0,110.75762374322701,37534.322596731596,335.8546946467832
18184.0,3877400.15,3964195.259378184,3964993.259378184,0.0,0.0,108.76580122579473,87593.10937818419,798.0
18620.0,3955944.85,3955944.85,3965760.3993354007,0.0,0.0,0.0,9815.549335400574,9815.549335400574
18194.0,3878077.45,3964993.259378184,3965854.7110862043,0.0,1.0,100.89458128527872,87777.26108620409,861.4517080201767
18626.0,3960184.8,3962376.552859908,3966246.552859908,0.0,0.0,0.5663444082450015,6061.752859908156,3870.0
18175.0,3876146.95,3953678.575532093,3966316.8861487485,0.0,0.0,6.134651052959459,90169.93614874827,12638.310616655275
18623.0,3957682.3,3959098.486654011,3966914.9006086714,0.0,0.0,0.18118112247201232,9232.60060867155,7816.413954660296
17834.0,3805475.05,3809372.3881232105,3967702.692493735,0.0,0.0,0.02461523799063861,162227.64249373507,158330.30437052436
17865.0,3811550.6,3822214.9584489404,3967841.080291212,0.0,0.0,0.0732310818555681,156290.48029121198,145626.12184227165
18631.0,3962156.9,3963888.403772118,3968031.621333801,2.0,1.0,0.4179128289402978,5874.721333801281,4143.217561683152
18637.0,3965128.7,3965543.399378184,3968838.249222296,1.0,0.0,0.12586290659805777,3709.549222295638,3294.8498441115953
18638.0,3965273.65,3965543.438963407,3970376.438963407,0.0,0.0,0.055822256032956354,5102.788963407278,4833.0
18634.0,3962671.7,3962923.5891787806,3970601.8285309174,0.0,0.0,0.032805590868989064,7930.1285309172235,7678.23935213685
17705.0,3754568.35,3777815.1698409636,3971580.5031173145,0.0,0.0,0.11997409158741779,217012.15311731445,193765.33327635098
18641.0,3967598.7,3968838.249222296,3971979.7845576513,1.0,0.0,0.3945679707452323,4381.0845576510765,3141.5353353554383
18200.0,3878114.5,3924366.8872227147,3972282.4709299346,2.0,1.0,0.9652890279983255,94167.97092993464,47915.58370721992
18527.0,3934067.8,3972282.4709299346,3972648.237407718,0.0,0.0,104.47833044061689,38580.43740771804,365.7664777832106
17864.0,3811522.0,3814053.3841734347,3973466.9876210215,2.0,0.0,0.015879348554259244,161944.98762102146,159413.60344758676
18114.0,3870347.0,3888314.475863319,3974714.475863319,0.0,0.0,0.20795689656619087,104367.47586331889,86400.0
18643.0,3970084.3,3971580.5031173145,3975410.5031173145,0.0,0.0,0.39065355543465435,5326.203117314726,3830.0
17602.0,3716740.3,3716831.5366631313,3976031.5366631313,0.0,0.0,0.00035199329911847596,259291.2366631315,259200.0
18181.0,3877107.0,3966316.8861487485,3976744.1430668053,0.0,0.0,8.555451050051698,99637.14306680532,10427.256918056868
18197.0,3878106.7,3924212.148806528,3976753.329615404,1.0,1.0,0.8775107086809033,98646.62961540371,52541.18080887571
18106.0,3870256.65,3872115.4469028567,3977419.860287548,0.0,0.0,0.01765165241523498,107163.21028754814,105304.41338469135
18111.0,3870338.55,3872798.4635815555,3977616.7590711694,0.0,0.0,0.023468360843546192,107278.20907116961,104818.2954896139
18642.0,3968388.45,3970376.438963407,3978541.2791148406,0.0,2.0,0.2434816758853509,10152.829114840366,8164.840151433367
18196.0,3878102.8,3918098.405443988,3979090.8474292895,0.0,1.0,0.6557469112915069,100988.04742928967,60992.44198530167
18104.0,3870252.1,3870552.1324416324,3979347.232028433,0.0,0.0,0.002757775329696534,109095.13202843303,108795.09958680067
18116.0,3870351.55,3873451.334086586,3979767.6049948824,0.0,0.0,0.029156252943255547,109416.05499488255,106316.27090829657
18118.0,3870374.3,3873817.2341996273,3980030.2071805163,0.0,0.0,0.03241538300831649,109655.90718051651,106212.97298088903
18650.0,3974979.45,3977419.8721269923,3980535.7987548183,1.0,0.0,0.7832091119215087,5556.348754818086,3115.9266278259456
18645.0,3971466.2,3971979.7845576513,3981244.6878631003,0.0,1.0,0.055433342445033076,9778.487863100134,9264.903305449057
18526.0,3933731.1,3968031.621333801,3981456.8551672134,0.0,0.0,2.5549291550092303,47725.75516721327,13425.233833412174
18162.0,3875080.95,3881302.0861894474,3981492.393945001,0.0,0.0,0.06209319373113122,106411.44394500088,100190.30775555363
18202.0,3878121.65,3924971.4469028567,3981651.4469028567,0.0,0.0,0.8265666355479321,103529.79690285679,56680.0
18072.0,3866255.25,3951818.9852396594,3981716.8082250934,0.0,0.0,2.8618717584001194,115461.55822509341,29897.822985433973
18597.0,3944443.1,3981456.8551672134,3981800.7031329144,0.0,0.0,107.64570059837855,37357.603132914286,343.84796570101753
18109.0,3870330.75,3872441.262519536,3982027.6080748253,0.0,0.0,0.01925890044824303,111696.85807482526,109586.34555528918
18143.0,3873679.55,3878257.61,3982198.2503380403,0.0,0.0,0.044044947049691856,108518.70033804048,103940.64033804042
18648.0,3974525.75,3977419.860287548,3982205.860287548,0.0,0.0,0.6047033613765238,7680.110287548043,4786.0
18646.0,3972527.65,3975410.5031173145,3982598.4712276426,0.0,1.0,0.4010664868104226,10070.821227642708,7187.9681103280745
18122.0,3870384.7,3875228.883078045,3982894.898048214,0.0,0.0,0.04499268482619335,112510.19804821396,107666.01497016894
17114.0,3533334.35,3654615.6102787415,3982973.723119477,0.0,0.0,0.36935667350959234,449639.3731194767,328358.11284073535
18220.0,3878482.4,3982973.723119477,3983161.624651367,0.0,0.0,556.0961747806729,104679.22465136694,187.90153189003468
18064.0,3864888.3,3964440.519013249,3983255.3901590053,0.0,0.0,5.291145405250478,118367.09015900549,18814.87114575645
18210.0,3878367.35,3927715.6971635576,3983263.6971635576,0.0,0.0,0.8883910701295733,104896.34716355754,55548.0
18599.0,3944597.8,3982894.898048214,3983276.683994495,0.0,0.0,100.31039230568655,38678.88399449503,381.7859462806955
18664.0,3979831.7,3980030.2071805163,3983308.01207868,1.0,0.0,0.06056101161705701,3476.312078679912,3277.8048981637694
18127.0,3870396.4,3877416.363547514,3983340.691279977,0.0,0.0,0.06627338306309458,112944.29127997719,105924.3277324629
18215.0,3878382.95,3933008.3635192607,3983642.2705398966,1.0,0.0,1.0788307032478814,105259.32053989638,50633.9070206359
18120.0,3870379.5,3875222.5103794313,3983881.1576373423,0.0,0.0,0.0445708694305386,113501.65763734234,108658.64725791104
17482.0,3703213.15,3732942.8748619794,3985048.8748619794,0.0,0.0,0.11792549507738603,281835.7248619795,252106.0
18655.0,3977431.9,3977616.7590711694,3985069.4770453023,0.0,1.0,0.02480424884064166,7637.577045302372,7452.717974132858
18675.0,3985024.55,3985024.55,3985091.55,0.0,0.0,0.0,67.0,67.0
18674.0,3984954.35,3985024.584171319,3985092.584171319,0.0,0.0,1.032855460570906,138.2341713188216,68.0
18163.0,3875144.0,3885663.0233767326,3985502.613161149,0.0,0.0,0.10535924075255444,110358.61316114897,99839.58978441637
18212.0,3878375.8,3931866.5583591834,3985583.7893869816,1.0,0.0,0.9957839846864499,107207.98938698182,53717.23102779826
18677.0,3985255.3,3985502.613161149,3985629.3887063027,1.0,2.0,1.9507954854320495,374.0887063029222,126.77554515376687
18342.0,3889718.95,3944762.44937742,3985907.3830062225,0.0,0.0,1.3377953133672733,96188.43300622236,41144.93362880265
18602.0,3944833.1,3985907.3830062225,3986247.179291244,0.0,0.0,120.87914087587315,41414.07929124404,339.7962850215845
18666.0,3982253.6,3982253.6,3986312.462377441,0.0,1.0,0.0,4058.8623774410225,4058.8623774410225
18678.0,3985296.25,3985502.613161149,3986513.613161149,0.0,0.0,0.20411786463795162,1217.363161148969,1011.0
18216.0,3878384.9,3936080.298889851,3986793.254189185,2.0,0.0,1.1376855982717569,108408.35418918496,50712.95529933367
18676.0,3985076.55,3985092.584171319,3986828.6450885893,0.0,1.0,0.009235949706368445,1752.0950885894708,1736.0609172703698
18150.0,3873698.4,3880525.494905868,3987084.4664616594,0.0,0.0,0.06406870117260557,113386.0664616595,106558.97155579133
18670.0,3983864.3,3983881.1576373423,3988097.6115245074,1.0,0.0,0.003998060406600463,4233.31152450759,4216.453887165058
18656.0,3977598.3,3978541.2791148406,3988333.055560439,0.0,0.0,0.09630317032662976,10734.75556043908,9791.776445598342
18682.0,3985486.7,3985583.7893869816,3988668.0074277143,0.0,1.0,0.031479417375557005,3181.307427714113,3084.218040732667
18147.0,3873690.6,3879984.537566191,3988945.1087429067,0.0,0.0,0.05776344138269295,115254.50874290662,108960.57117671566
18203.0,3878128.15,3926047.1109306864,3989029.8180599655,0.0,2.0,0.7608272669564257,110901.6680599656,62982.70712927915
16678.0,3374915.0500000007,3476207.2729830574,3990170.047832059,112.0,104.0,0.19708085476193396,615254.9978320585,513962.7748490018
18241.0,3879474.3,3944404.5773048443,3990241.8510957095,1.0,0.0,1.4165388107742187,110767.55109570967,45837.273790865205
18665.0,3980738.45,3980738.45,3990460.582462516,0.0,0.0,0.0,9722.132462515961,9722.132462515961
16929.0,3471646.75,3472871.8813869916,3990904.691790825,0.0,0.0,0.002364968709291862,519257.9417908252,518032.81040383363
18680.0,3985312.5,3985502.613161149,3990906.713095848,0.0,0.0,0.03517943107015426,5594.213095847983,5404.099934699014
18123.0,3870387.95,3876102.839174634,3991164.8554051938,0.0,0.0,0.0496679039865096,120776.90540519357,115062.01623055991
17798.0,3772223.0,3985048.8748619794,3991453.8748619794,0.0,0.0,33.22808350694448,219230.8748619794,6405.0
18621.0,3957157.1,3991164.8554051938,3991532.6331627294,0.0,0.0,92.46822220317007,34375.53316272935,367.7777575356886
18237.0,3879226.0,3943642.904460158,3991696.4977875003,2.0,0.0,1.3405221129114928,112470.49778750027,48053.59332734207
18681.0,3985456.8,3985583.7893869816,3992258.9584105387,0.0,2.0,0.019024145536040378,6802.158410538919,6675.1690235571
18673.0,3984642.35,3985069.4770453023,3992544.1854064963,0.0,0.0,0.05714297129232173,7901.8354064961895,7474.708361194003
18694.0,3989424.4,3990241.883372385,3993401.4988811347,2.0,0.0,0.25872875041959087,3977.0988811347634,3159.6155087496154
18131.0,3871365.55,3901758.546036813,3993750.546036813,0.0,0.0,0.33038738191161326,122384.99603681313,91992.0
18130.0,3871362.95,3901758.546036813,3993813.546036813,0.0,0.0,0.3301895175363941,122450.59603681276,92055.0
18218.0,3878390.1,3938671.542494478,3994232.542494478,0.0,0.0,1.0849596388559974,115842.44249447808,55561.0
18689.0,3987028.5,3987084.497356727,3994387.428321629,0.0,1.0,0.007667792150290318,7358.928321628831,7302.930964902043
18685.0,3986260.2,3986312.462377441,3994905.9385311087,0.0,1.0,0.006081634079897308,8645.73853110848,8593.47615366755
18696.0,3989989.25,3990904.691790825,3994930.533051578,2.0,0.0,0.22739142741412452,4941.283051577862,4025.8412607526407
18129.0,3871356.45,3900444.2733870535,3995622.1563806604,0.0,1.0,0.30561536432794134,124265.70638066018,95177.88299360685
18217.0,3878387.5,3936914.4564215336,3996279.3900961867,0.0,1.0,0.9858843057466895,117891.89009618666,59364.93367465306
18688.0,3986959.6,3987084.4664616594,3996395.601064513,0.0,1.0,0.013410445341542848,9436.001064512879,9311.134602853563
18639.0,3965809.25,3996279.3900961867,3996621.221116836,0.0,0.0,89.1380192420498,30811.971116836183,341.83102064952254
18705.0,3991938.6,3993813.546036813,3996930.2508379584,1.0,0.0,0.6015796029587899,4991.650837958325,3116.7048011454754
18257.0,3880160.7,3948740.3127950775,3997004.897235934,1.0,0.0,1.4209096294844212,116844.19723593397,48264.584440856706
18214.0,3878380.35,3932851.0703320326,3997713.9926075363,0.0,1.0,0.8397820884583264,119333.64260753617,64862.92227550363
18337.0,3887154.05,3944026.5135779823,3997759.6086081993,0.0,0.0,1.0584252320846232,110605.55860819947,53733.095030216966
17545.0,3710268.25,3850041.4398755366,3997769.5581052555,0.0,0.0,0.946151562414054,287501.3081052555,147728.11822971888
18365.0,3893880.25,3997769.5581052555,3997859.5870880666,1.0,0.0,1153.9540363705898,103979.33708806662,90.02898281114176
18364.0,3893818.5,3997769.5581052555,3997899.0037633926,0.0,1.0,803.0478549938325,104080.50376339257,129.4456581370905
18366.0,3893884.8,3997859.5870880666,3997943.5870880666,0.0,0.0,1237.7950843817478,104058.7870880668,84.0
18367.0,3893905.6,3997943.5870880666,3998036.5870880666,0.0,0.0,1118.6880332050164,104130.98708806653,93.0
18370.0,3894158.45,3998036.5870880666,3998487.5870880666,0.0,0.0,230.3284636099034,104329.13708806643,451.0
18437.0,3919953.7,3957228.5686013014,3998632.116700185,0.0,0.0,0.9002819882073416,78678.41670018481,41403.54809888359
18383.0,3895480.55,3998632.154098319,3998805.154098319,0.0,0.0,596.2520468110929,103324.60409831908,173.0
18451.0,3922365.2,3957667.1653262894,3999351.5876852055,0.0,0.0,0.846886278579754,76986.38768520532,41684.42235891614
18234.0,3879217.55,3942566.6860322943,3999687.6860322943,0.0,0.0,1.1090340861030878,120470.13603229448,57121.0
18708.0,3994313.7,3996930.2508379584,3999762.544530486,2.0,0.0,0.9238275129663465,5448.844530486036,2832.2936925278045
18229.0,3879198.7,3938908.0233767326,3999900.7162844185,0.0,1.0,0.9789586347188198,120702.01628441829,60992.69290768588
18660.0,3979159.6,3999900.7162844185,4000236.493018533,0.0,0.0,61.77055816302616,21076.89301853301,335.77673411462456
18271.0,3880478.55,3953498.644952816,4000342.9546854305,1.0,0.0,1.5587826006960488,119864.4046854307,46844.30973261455
18266.0,3880465.55,3950458.625269595,4000659.3774733073,1.0,0.0,1.3942634760843169,120193.8274733075,50200.75220371224
18716.0,3996720.65,3996930.277033227,4000688.106741883,1.0,2.0,0.055784069390974765,3967.456741882954,3757.8297086558305
18195.0,3878094.35,3888980.6860322943,4000828.7498195455,0.0,0.0,0.09733146613070881,122734.39981954545,111848.06378725125
18249.0,3879504.2,3947094.675193837,4002184.675193837,0.0,0.0,1.2269100597901021,122680.47519383673,55090.0
18401.0,3904040.4,3948183.6129639344,4002426.898923151,0.0,0.0,0.8138004949981079,98386.49892315129,54243.285959216766
17355.0,3645929.95,3657104.770978498,4002511.172034659,0.0,0.0,0.032352674832683996,356581.2220346588,345406.40105616115
18274.0,3880689.8,3956164.5136804977,4003001.096931842,1.0,0.0,1.6114478990807093,122311.29693184234,46836.583251344506
18528.0,3934133.45,4002112.0261909175,4003294.570597188,0.0,1.0,57.48500929897542,69161.1205971879,1182.5444062706083
18242.0,3879478.85,3945430.5498721027,4003495.5498721027,0.0,0.0,1.135825365919273,124016.69987210259,58065.0
18706.0,3993085.2,3994387.428321629,4003829.4764991044,0.0,0.0,0.1379179916424456,10744.27649910422,9442.048177475575
18199.0,3878111.25,3889626.071410437,4003989.503137979,0.0,0.0,0.10068621793258069,125878.25313797919,114363.43172754208
18522.0,3933298.2,4000828.779562694,4004129.779562694,0.0,0.0,20.457612712115672,70831.57956269383,3301.0
18204.0,3878132.05,3891444.629026819,4004728.9487118055,0.0,0.0,0.11751475459126154,126596.8987118057,113284.31968498649
18243.0,3879481.45,3946294.4983539227,4005175.4983539227,0.0,0.0,1.134713207213236,125694.04835392255,58881.0
18714.0,3996112.25,3996279.3900961867,4005531.73615543,0.0,0.0,0.018064617894364796,9419.486155429855,9252.346059243195
18308.0,3881662.2,3982973.723119477,4005747.723119477,0.0,0.0,4.448560776300897,124085.52311947662,22774.0
18395.0,3900976.3,4005747.723119477,4005928.316633201,0.0,1.0,580.1505323129704,104952.01663320139,180.59351372439414
18402.0,3904600.05,3951987.9097020407,4006015.6185023487,0.0,0.0,0.8771028932059916,101415.56850234885,54027.70880030794
18407.0,3908250.45,3953009.2613150873,4006194.484949347,0.0,0.0,0.8415647854163636,97944.03494934691,53185.223634259775
18727.0,4003857.65,4003989.503137979,4006756.8305555284,2.0,0.0,0.04764638153878269,2899.1805555284955,2767.3274175492115
18386.0,3895834.15,3947267.042689357,4007020.068109051,0.0,0.0,0.8607579671171823,111185.91810905095,59753.025419693906
18264.0,3880457.1,3949440.596479715,4007045.596479715,0.0,0.0,1.1975261952905956,126588.49647971475,57605.0
18709.0,3995952.35,4006756.8305555284,4007076.610749988,0.0,0.0,33.78720991082913,11124.260749987792,319.780194459483
18230.0,3879207.15,3895377.129819402,4007170.1465495885,0.0,0.0,0.14464212785695277,127962.99654958863,111793.01673018653
18719.0,3999093.15,3999784.351668361,4007215.0981051363,0.0,0.0,0.0930191433986234,8121.948105136398,7430.746436775196
18711.0,3996036.2,4007020.068109051,4007335.8717774176,0.0,0.0,34.78068562615627,11299.671777417418,315.8036683667451
18211.0,3878372.55,3893769.947957203,4008342.5775039555,0.0,0.0,0.13438984527207604,129970.02750395564,114572.62954675267
18258.0,3880162.65,3949173.006802574,4008946.006802574,0.0,0.0,1.1545406254090291,128783.3568025739,59773.0
18720.0,3999097.05,3999900.7162844185,4009271.192974637,0.0,0.0,0.08576578449393066,10174.142974636983,9370.476690218318
18467.0,3924923.6,3962376.519245597,4009330.201656614,0.0,0.0,0.7976566974608422,84406.60165661387,46953.6824110169
18724.0,4001473.45,4002511.172034659,4009633.726350611,0.0,1.0,0.14569520829551608,8160.2763506108895,7122.5543159521185
18730.0,4005111.5,4005175.5446751886,4009791.5446751886,0.0,0.0,0.013874496358016625,4680.044675188605,4616.0
18270.0,3880475.3,3950810.3115994134,4010476.3115994134,0.0,0.0,1.1788122481717156,130001.01159941358,59666.0
18213.0,3878378.4,3894908.44797805,4011186.4967874046,0.0,0.0,0.14215966080710687,132808.09678740473,116278.04880935466
18291.0,3881501.65,3967841.080291212,4011508.5018934617,2.0,1.0,1.9772046785277613,130006.85189346178,43667.42160224961
18281.0,3881046.65,3961530.6913394984,4011562.7217781204,1.0,0.0,1.6086503112887698,130516.07177812047,50032.030438621994
18725.0,4002105.9,4002756.4261909174,4012122.172470865,0.0,0.0,0.0694580198387696,10016.272470864933,9365.74627994746
18566.0,3935894.95,3942619.609228587,4012137.687687017,0.0,0.0,0.09673252451314142,76242.73768701684,69518.07845843025
18530.0,3934225.1,3972648.237407718,4013051.51411501,0.0,0.0,0.9509906259851214,78826.41411500983,40403.27670729207
18277.0,3880704.1,3959938.5406139186,4013264.765167666,1.0,0.0,1.4858438090635495,132560.66516766604,53326.22455374757
18410.0,3909920.95,4013264.765167666,4013445.166396536,0.0,1.0,572.8553836085673,103524.21639653575,180.40122886979952
18296.0,3881510.75,3972282.4709299346,4013552.8358313893,1.0,0.0,2.199440716036296,132042.0858313893,41270.36490145465
18282.0,3881053.8,3964440.519013249,4013647.8794321576,1.0,0.0,1.6945984971225214,132594.0794321578,49207.360418908764
18416.0,3914702.35,4013552.8358313893,4013723.8358313893,0.0,0.0,578.0730165578316,99021.4858313892,171.0
18336.0,3887103.35,3991696.4977875003,4013916.368524853,0.0,1.0,4.70718975028388,126813.01852485305,22219.870737352874
18731.0,4006263.3,4007045.596479715,4014012.3857749896,0.0,1.0,0.11228938418528434,7749.085774989799,6966.789295274764
18736.0,4011106.45,4011508.526580779,4014716.923072003,2.0,0.0,0.12532010363385934,3610.473072002642,3208.396491223946
18275.0,3880696.3,3958730.268069894,4015289.433941119,1.0,0.0,1.3796873922710196,134593.13394111907,56559.16587122483
18735.0,4011023.9,4011186.4967874046,4015296.8438827936,1.0,1.0,0.0395579214191277,4272.943882793654,4110.347095388919
18052.0,3861131.3,3862886.2238049787,4015417.6692435564,0.0,0.0,0.011505324688511672,154286.36924355663,152531.4454385778
18232.0,3879212.35,3902122.8869357794,4015951.210226491,0.0,0.0,0.20127272609706218,136738.860226491,113828.32329071173
18734.0,4008653.35,4008946.006802574,4015983.8610396422,0.0,1.0,0.041583242948153264,7330.511039642151,7037.8542370684445
18733.0,4008071.6,4008342.5775039555,4016331.9018780333,0.0,1.0,0.03391744924446649,8260.301878033206,7989.324374077842
18231.0,3879209.75,3901548.0324449567,4016542.980014992,0.0,0.0,0.19425446871352375,137333.23001499195,114994.94757003523
18233.0,3879214.95,3902846.0432895087,4016709.5909667932,0.0,0.0,0.20753870550814407,137494.64096679306,113863.54767728457
18236.0,3879222.1,3903697.4357467974,4017213.1020155144,0.0,0.0,0.2156119639808893,137991.0020155143,113515.66626871703
18335.0,3886493.65,3990241.8510957095,4017283.8510957095,0.0,0.0,3.8365579874162257,130790.20109570958,27042.0
18235.0,3879219.5,3902894.163477224,4017690.664297593,0.0,0.0,0.20623157768780268,138471.16429759283,114796.500820369
18298.0,3881515.3,3973466.9876210215,4017704.8780127415,2.0,0.0,2.0785730695293787,136189.57801274164,44237.89039171999
18340.0,3888253.2,3993813.546036813,4017796.546036813,0.0,0.0,4.401465456232029,129543.34603681276,23983.0
18421.0,3917206.8,4017704.8780127415,4017890.791793439,0.0,0.0,540.5628223773055,100683.99179343926,185.9137806976214
18739.0,4013553.05,4014716.923072003,4018035.016870886,2.0,1.0,0.35076557281012627,4481.966870886274,3318.0937988832593
18356.0,3893059.95,3997769.5581052555,4018650.5581052555,0.0,0.0,5.014587812138082,125590.60810525529,20881.0
18495.0,3927385.8,3964862.9225967317,4018671.900045408,0.0,0.0,0.6964845714170665,91286.10004540812,53808.97744867625
18492.0,3927195.35,4018650.5581052555,4018816.5581052555,0.0,0.0,550.9349885858758,91621.20810525538,166.0
18244.0,3879485.35,3903721.2487587547,4019324.1782531356,0.0,0.0,0.209647790629152,139838.82825313555,115602.92949438095
18272.0,3880677.45,3955451.163477224,4019756.9857001314,0.0,1.0,1.1627829470561861,139079.5357001312,64305.82222290756
18393.0,3900315.25,4003001.096931842,4019869.1687253765,1.0,0.0,6.087586547456034,119553.91872537648,16868.071793534327
18343.0,3889878.2,3995622.1563806604,4019902.6590164257,0.0,2.0,4.3550975021784994,130024.45901642554,24280.502635765355
18746.0,4016023.05,4016709.5909667932,4019956.8447897565,1.0,0.0,0.2114220212594713,3933.7947897566482,3247.253822963219
18246.0,3879489.9,3906820.020801617,4020246.162771617,0.0,0.0,0.24095081016548545,140756.26277161716,113426.14197000023
18280.0,3880722.3,3960568.6913394984,4020491.6913394984,0.0,0.0,1.3324832091100007,139769.39133949857,59923.0
18496.0,3927399.45,3967702.692493735,4020711.208097571,0.0,0.0,0.7603163762393301,93311.75809757086,53008.51560383616
18198.0,3878108.65,3889591.898135864,4020943.3633813737,0.0,0.0,0.0874238297563022,142834.7133813738,131351.46524550952
18253.0,3880149.65,3948584.921491412,4021020.4349169233,0.0,1.0,0.9447751283186132,140870.78491692338,72435.51342551131
18287.0,3881065.5,3967702.692493735,4021561.4314590716,2.0,0.0,1.6086004640675728,140495.93145907158,53858.7389653367
18392.0,3900198.25,4000659.3774733073,4021595.3347429256,1.0,0.0,4.798496967659266,121397.0847429256,20935.957269618288
18529.0,3934148.4,4021595.3347429256,4021770.782919962,1.0,1.0,498.4203097465146,87622.38291996205,175.44817703636363
18425.0,3917713.8,4019869.1687253765,4022257.883699602,0.0,0.0,42.765825905411276,104544.08369960217,2388.7149742254987
18245.0,3879487.95,3906602.107745027,4022452.9691482564,0.0,0.0,0.2340436438418335,142965.01914825616,115850.86140322918
18290.0,3881495.15,3967841.080291212,4022769.079863349,0.0,1.0,1.5719838873399006,141273.92986334907,54927.999572136905
18252.0,3880135.35,3908168.6913394984,4022832.299865285,0.0,0.0,0.24448333433701339,142696.94986528484,114663.60852578655
18741.0,4014010.65,4014012.3857749896,4023121.958407837,0.0,0.0,0.00019054406388359696,9111.30840783706,9109.572632847354
18345.0,3890967.6,3997004.897235934,4023656.897235934,0.0,0.0,3.9785868691255466,132689.29723593406,26652.0
18295.0,3881508.8,3971580.5031173145,4023736.5031173145,0.0,0.0,1.7269672351659393,142227.70311731473,52156.0
18248.0,3879499.65,3908107.6955969348,4024329.0002980977,0.0,0.0,0.24615147515762303,144829.35029809782,116221.30470116297
18397.0,3903056.95,4005928.316633201,4024816.0116831786,1.0,0.0,5.44647540957223,121759.06168317841,18887.695049977396
18260.0,3880168.5,3911048.5406139186,4025246.7922952683,0.0,0.0,0.27040729747845815,145078.29229526827,114198.2516813497
18300.0,3881592.65,3974714.475863319,4025798.475863319,0.0,0.0,1.822915704786606,144205.82586331898,51084.0
18292.0,3881503.6,3971580.5031173145,4026040.1955290865,0.0,1.0,1.6540105007615407,144536.59552908642,54459.692411771975
18749.0,4016927.2,4017213.1020155144,4026223.101016837,0.0,1.0,0.031731636759585895,9295.901016836986,9009.99900132278
18755.0,4022789.55,4022789.55,4026399.9725005846,1.0,0.0,0.0,3610.42250058474,3610.42250058474
18752.0,4018498.25,4019324.1782531356,4027139.6492039408,0.0,1.0,0.10567862875244394,8641.39920394076,7815.470950805116
18315.0,3881753.85,3983255.3901590053,4027216.3163602822,2.0,0.0,2.308903586204625,145462.46636028215,43960.92620127695
18606.0,3946593.95,3986247.179291244,4027252.8601872143,0.0,0.0,0.9670179454364537,80658.91018721415,41005.6808959702
18321.0,3881876.05,3983255.4328725655,4027541.049192432,1.0,0.0,2.289216935366149,145664.99919243203,44285.616319866385
18601.0,3944721.95,4027541.049192432,4027712.74150692,1.0,2.0,482.3692862387991,82990.79150692001,171.69231448834762
18753.0,4019900.95,4019902.6590164257,4027810.7110772715,0.0,1.0,0.00021611092243521495,7909.761077271309,7908.052060845774
18312.0,3881748.0,3982973.723119477,4027824.1552217915,1.0,0.0,2.256962048627681,146076.15522179147,44850.43210231466
18311.0,3881746.05,3982198.2503380403,4027855.9069551066,1.0,0.0,2.2001173030087684,146109.85695510684,45657.65661706636
18319.0,3881871.5,3983255.3901590053,4028076.007680302,1.0,0.0,2.2619922652969313,146204.50768030202,44820.61752129672
18263.0,3880450.6,3911815.158788866,4028088.7473534043,0.0,0.0,0.2697479210548035,147638.1473534042,116273.5885645384
18754.0,4021002.7,4021002.7,4028101.682504043,0.0,1.0,0.0,7098.982504042797,7098.982504042797
18399.0,3903556.15,4010476.3115994134,4028479.8663722714,2.0,0.0,5.938836132551175,124923.71637227153,18003.554772858042
17844.0,3807572.6,3991453.8748619794,4028776.8748619794,0.0,0.0,4.926754946332806,221204.2748619793,37323.0
18611.0,3948207.9,3988333.055560439,4028829.9146749536,0.0,0.0,0.9908214226435538,80622.01467495365,40496.859114514664
18255.0,3880155.5,3910151.381439256,4028976.4237130056,0.0,0.0,0.25243737233563435,148820.9237130056,118825.0422737496
18405.0,3906601.4,4011562.7217781204,4029114.484820494,1.0,0.0,5.980101345074119,122513.08482049406,17551.763042373583
18247.0,3879494.45,3907719.359624049,4029182.9633359904,0.0,0.0,0.2323733922055051,149688.51333599025,121463.60371194128
18314.0,3881752.55,3983255.3901590053,4029183.573943154,1.0,1.0,2.2100338353470335,147431.02394315414,45928.183784148656
18761.0,4026034.35,4026034.35,4029246.3157314803,1.0,0.0,0.0,3211.965731480159,3211.965731480159
18384.0,3895594.3,4000342.9546854305,4029739.9546854305,0.0,0.0,3.5632430072943055,134145.6546854307,29397.0
18254.0,3880152.9,3909055.9599955296,4030010.4145694915,0.0,0.0,0.2389582103225136,149857.5145694916,120954.4545739619
18302.0,3881596.55,3976753.329615404,4030113.329615404,0.0,0.0,1.7832979688044244,148516.77961540408,53360.0
18306.0,3881605.65,3981716.8082250934,4030187.0808269433,1.0,0.0,2.0654135586865414,148581.43082694337,48470.272601849865
18615.0,3950378.9,3988945.1087429067,4030191.947149126,0.0,0.0,0.9350100573306448,79813.04714912595,41246.83840621915
18256.0,3880158.1,3910770.5583591834,4030229.600147054,0.0,0.0,0.2562590315561323,150071.50014705397,119459.0417878707
18283.0,3881056.4,3965854.7110862043,4030456.631819622,0.0,1.0,1.3126283262710972,149400.23181962222,64601.92073341785
18301.0,3881594.6,3929121.925165895,4030566.216693231,0.0,0.0,0.4685066498107261,148971.6166932308,101444.291527336
18286.0,3881063.55,3965854.7110862043,4030716.666416232,0.0,1.0,1.307255704130007,149653.1164162322,64861.95533002773
18265.0,3880459.05,3913181.8910586936,4031240.5985574084,0.0,0.0,0.27717431227213846,150781.54855740862,118058.7074987148
18757.0,4023500.65,4023736.5031173145,4031261.2768664574,0.0,2.0,0.031343549344789,7760.626866457518,7524.773749142885
18297.0,3881513.35,3928421.8803312327,4031367.2150326767,0.0,0.0,0.4556644598540957,149853.8650326766,102945.33470144402
18294.0,3881506.85,3927715.6971635576,4031831.886709557,0.0,0.0,0.4438199992244447,150325.03670955682,104116.18954599928
18293.0,3881504.9,3927526.4538472304,4031837.193337834,0.0,0.0,0.4411966981729257,150332.29333783407,104310.73949060356
18303.0,3881599.15,3979767.6049948824,4031908.6049948824,0.0,0.0,1.8827497553725947,150309.45499488246,52141.0
18652.0,3976443.9,4031908.6049948824,4032078.552515772,1.0,1.0,326.36371924981063,55634.652515772264,169.9475208898075
18400.0,3903801.2,4011508.5018934617,4032140.9162006103,1.0,0.0,5.220295613012355,128339.71620061016,20632.41430714866
18658.0,3978591.5,4032140.9162006103,4032294.5943544335,1.0,0.0,348.45171462848947,53703.09435443347,153.67815382312983
18299.0,3881586.8,3928993.3882317217,4032312.1135715237,0.0,0.0,0.4588382994061118,150725.31357152387,103318.72533980198
18377.0,3894460.7,4002511.172034659,4032377.5739105674,0.0,2.0,3.6177934149415196,137916.87391056726,29866.401875908487
18318.0,3881865.0,3983255.3901590053,4032436.279271062,1.0,0.0,2.0615810732496382,150571.279271062,49180.8891120567
18322.0,3881878.0,3983263.6971635576,4032527.3177128164,1.0,1.0,2.0580236700666754,150649.3177128164,49263.620549258776
18338.0,3887527.15,3993750.546036813,4032672.206153816,1.0,1.0,2.729158923784157,145145.05615381617,38921.660117003135
18450.0,3921780.2,4015289.433941119,4032767.696602056,1.0,0.0,5.3500302492940195,110987.49660205562,17478.262660936918
18304.0,3881601.1,3930556.1561967665,4033194.2630422055,0.0,0.0,0.47696764585191603,151593.1630422054,102638.10684543895
18305.0,3881603.05,3981651.4469028567,4033282.4469028567,0.0,0.0,1.9377582635017119,151679.39690285688,51631.0
18558.0,3935272.9,4004129.779562694,4033339.730382179,0.0,0.0,2.357308986523942,98066.830382179,29209.95081948489
18307.0,3881608.25,3931180.8752425653,4033552.593400355,0.0,0.0,0.48424141095450796,151944.34340035496,102371.71815778967
18764.0,4028629.15,4028976.4237130056,4033595.546777627,1.0,1.0,0.07518174080823588,4966.396777627058,4619.123064621352
18710.0,3996021.9,4033595.8210616815,4033747.719198644,1.0,0.0,247.36261953571835,37725.819198644254,151.89813696267083
18420.0,3916579.55,4013916.368524853,4033780.50004029,1.0,0.0,4.900129585288488,117200.95004029013,19864.131515436806
18309.0,3881740.2,3931776.1128567844,4034032.544899152,0.0,0.0,0.4893180004173515,152292.34489915194,102256.43204236776
18432.0,3918764.85,4028479.8663722714,4034069.7687226445,0.0,0.0,19.627358314219634,115304.91872264445,5589.9023503731005
18598.0,3944545.8,3981800.7031329144,4034145.581429466,0.0,0.0,0.7117201213431562,89599.78142946633,52344.87829655176
18560.0,3935282.0,4005175.4983539227,4034325.400244527,0.0,0.0,2.397726709895071,99043.40024452703,29149.90189060429
18768.0,4031076.4,4031240.5985574084,4034491.7959991666,1.0,0.0,0.05050402516302864,3415.395999166649,3251.1974417581223
18759.0,4025712.6,4025712.6,4034498.3428151053,0.0,1.0,0.0,8785.742815105245,8785.742815105245
18316.0,3881755.8,3983255.3901590053,4034556.3901590053,0.0,0.0,1.9785109483052081,152800.5901590055,51301.0
18625.0,3959931.3,3993401.4988811347,4034746.7440282544,0.0,0.0,0.8095295786017733,74815.4440282546,41345.24514711974
18509.0,3928553.85,4033339.730382179,4035070.8948189155,0.0,0.0,60.5291318135607,106517.04481891543,1731.1644367366098
18273.0,3880686.55,3918932.5933130123,4035287.5728823803,0.0,0.0,0.32870138823934975,154601.02288238052,116354.97956936806
18323.0,3881880.6,3983340.691279977,4035349.691279977,0.0,0.0,1.9508179599680249,153469.091279977,52009.0
18772.0,4031684.15,4031831.886709557,4035433.6207703436,1.0,0.0,0.04101821707645467,3749.4707703436725,3601.7340607866645
18268.0,3880470.75,3916944.05666817,4035492.905337226,0.0,0.0,0.3076647903176986,155022.1553372261,118548.84866905631
18269.0,3880473.35,3917965.6922996296,4035661.9934390024,0.0,0.0,0.31855157669935624,155188.64343900234,117696.30113937287
17231.0,3552811.6,3552958.868724347,4035802.921020911,0.0,0.0,0.00030500266834921323,482991.321020911,482844.052296564
18267.0,3880468.15,3915050.2348389304,4035897.0399180627,0.0,0.0,0.28616465959762566,155428.88991806284,120846.80507913232
18465.0,3923478.65,4017283.8510957095,4036181.987028251,1.0,1.0,4.963727715291891,112703.33702825103,18898.135932541452
18419.0,3915258.1,4013723.8358313893,4036441.929380045,1.0,0.0,4.334242907333065,121183.82938004471,22718.09354865551
18763.0,4028562.85,4028829.9146749536,4036604.9466359243,0.0,1.0,0.034349013135133284,8042.096635924187,7775.031960970722
18774.0,4033595.8,4033595.8,4036609.680952459,2.0,0.0,0.0,3013.8809524592943,3013.8809524592943
18411.0,3909991.8,4013445.166396536,4036733.7048041113,1.0,0.0,4.442243844847069,126741.90480411146,23288.53840757534
18060.0,3864178.5,3864178.5,4036895.8009092417,0.0,0.0,0.0,172717.30090924166,172717.30090924166
18325.0,3881885.15,3985583.7893869816,4036898.7893869816,0.0,0.0,2.0208250879271503,155013.63938698173,51315.0
18320.0,3881873.45,3983255.3901590053,4037079.2651335984,1.0,1.0,1.883586795021007,155205.81513359817,53823.874974593055
18600.0,3944657.6,3983276.683994495,4037187.1444718163,0.0,0.0,0.7163560402297193,92529.54447181616,53910.46047732141
18313.0,3881749.95,3983255.3901590053,4037363.5192733207,1.0,1.0,1.875973939970322,155613.5692733205,54108.12911431538
18259.0,3880165.25,3910957.592805606,4037379.539187787,0.0,0.0,0.24356801715833987,157214.2891877871,126421.94638218125
18619.0,3955354.65,3989029.8180599655,4037452.2937493646,0.0,0.0,0.6954449887273725,82097.64374936465,48422.475689399056
18517.0,3929870.1,4034069.7687226445,4037667.63647839,0.0,0.0,28.96150603541362,107797.53647838999,3597.8677557455376
18310.0,3881744.1,3935032.81409355,4037918.7275927854,0.0,0.0,0.5179398450298665,156174.62759278528,102885.91349923518
18157.0,3874372.45,3908107.6955969348,4038091.307237211,0.0,0.0,0.2595346072572233,163718.85723721096,129983.61164027639
18649.0,3974548.5,3997759.6086081993,4038341.180025089,0.0,0.0,0.5719617993535601,63792.68002508907,40581.57141688978
17840.0,3807551.8,3990170.047832059,4038682.047832059,0.0,0.0,3.764393301287504,231130.2478320594,48512.0
18519.0,3931675.15,4021002.7751125866,4038713.0859388043,2.0,0.0,5.043820291417416,107037.93593880441,17710.310826217756
18647.0,3973333.65,3997713.9926075363,4038746.342937708,0.0,0.0,0.5941736803121697,65412.692937707994,41032.35033017164
18317.0,3881758.4,3936687.4414195665,4038938.087657074,0.0,0.0,0.5371999438710403,157179.68765707407,102250.64623750746
18417.0,3914772.55,4013647.8794321576,4038978.014620888,2.0,0.0,3.90346631375849,124205.46462088823,25330.135188730434
18651.0,3976392.55,3997859.5870880666,4039035.342587273,0.0,0.0,0.5213513833032282,62642.79258727329,41175.75549920648
18278.0,3880710.6,3923806.0052707097,4040558.107337834,0.0,0.0,0.3691188810110921,159847.50733783375,116752.1020671241
18326.0,3881887.75,3936739.702182251,4040618.2199350814,0.0,0.0,0.5280394192066382,158730.46993508143,103878.5177528304
18324.0,3881882.55,3983642.2705398966,4040849.699861565,0.0,1.0,1.7787850589775236,158967.14986156533,57207.42932166858
18491.0,3927101.75,4017796.546036813,4041411.731509934,1.0,0.0,3.840528635273333,114309.98150993418,23615.185473121237
18279.0,3880715.8,3924568.5057351897,4041554.067834153,0.0,0.0,0.3748557082462272,160838.26783415303,116985.56209896319
18524.0,3933377.5,4021316.583468922,4041711.583468922,0.0,0.0,4.311796198525224,108334.08346892195,20395.0
18565.0,3935893.0,4023656.897235934,4041936.510100641,1.0,1.0,4.801190150223814,106043.51010064082,18279.612864706665
18543.0,3935077.9,4021770.782919962,4042031.782919962,0.0,0.0,4.278805731205866,106953.88291996205,20261.0
18793.0,4038615.75,4038746.342937708,4042116.653351175,1.0,0.0,0.03874804444898372,3500.903351175133,3370.310413467232
18568.0,3937057.15,4024816.0116831786,4042584.011598969,1.0,0.0,4.939152526964394,105526.86159896897,17767.99991579028
18193.0,3877885.05,3981716.8082250934,4043269.8082250934,0.0,0.0,1.6868675486993907,165384.7582250936,61553.0
18285.0,3881060.3,3925345.7951709568,4043472.7838639864,0.0,0.0,0.3748973512398536,162412.48386398656,118126.98869302962
18779.0,4034578.6,4034746.7440282544,4043585.253131871,0.0,3.0,0.019024026143223047,9006.653131871019,8838.5091036167
18609.0,3947333.0,3986793.254189185,4043606.9186402974,0.0,0.0,0.6945556948388703,96273.91864029737,56813.664451112505
18284.0,3881059.0,3924692.5175844724,4043729.141875915,0.0,0.0,0.3665554012825708,162670.14187591523,119036.6242914428
18276.0,3880700.2,3923228.645108003,4043751.023056594,0.0,0.0,0.3528676236884701,163050.823056594,120522.37794859102
18809.0,4043574.6,4043606.983315214,4043777.983315214,0.0,0.0,0.18937611236231544,203.38331521395594,171.0
18782.0,4036123.65,4036123.65,4043860.1974440217,0.0,1.0,0.0,7736.547444021795,7736.547444021795
17935.0,3821002.9,4028776.8748619794,4043908.5974206557,0.0,1.0,13.731019324223965,222905.69742065575,15131.722558676265
18811.0,4043646.75,4043777.983315214,4043909.9298784444,2.0,0.0,0.9945944176274794,263.17987844441086,131.9465632303618
18556.0,3935257.3,4038978.014620888,4043916.146825775,1.0,0.0,21.00403762342403,108658.84682577522,4938.1322048869915
18812.0,4043715.65,4043908.5974206557,4044086.7880554046,0.0,1.0,1.082814598688905,371.1380554046482,178.19063474889845
18690.0,3987707.75,4003294.570597188,4044094.2623453666,0.0,0.0,0.38203280292880964,56386.512345366646,40799.691748178564
18795.0,4040407.15,4040558.107337834,4044176.957441432,2.0,1.0,0.04171417259970224,3769.807441432029,3618.850103598088
18813.0,4043785.2,4043916.146825775,4044281.9301629183,0.0,0.0,0.3579901337156049,496.730162918102,365.7833371432498
18449.0,3921589.75,4021561.4314590716,4044524.7052163016,2.0,0.0,4.353546559431463,122934.9552163016,22963.273757230025
18497.0,3927448.2,4018816.5581052555,4045336.5581052555,0.0,0.0,3.445262371993035,117888.35810525529,26520.0
17972.0,3826236.7,4038682.047832059,4045390.047832059,0.0,0.0,31.670445413246725,219153.34783205902,6708.0
18288.0,3881068.1,3926194.675193837,4045758.7446908006,0.0,0.0,0.3774258887615298,164690.64469080046,119564.06949696364
18785.0,4037515.3,4037515.3,4045885.189288144,0.0,1.0,0.0,8369.889288144186,8369.889288144186
18612.0,3949506.6,4028076.007680302,4045906.2632380594,1.0,0.0,4.40652168028624,96399.66323805926,17830.255557757337
18578.0,3940151.8,4026399.9725005846,4046108.861916613,2.0,0.0,4.376105151335585,105957.06191661302,19708.88941602828
18549.0,3935151.35,4038713.0859388043,4046187.0859388043,0.0,0.0,13.85626651576187,111035.73593880422,7474.0
18544.0,3935084.4,4002184.675193837,4046207.4293980794,0.0,0.0,1.5242180187665433,111123.0293980795,44022.75420424249
18628.0,3961568.65,3993750.546036813,4046228.962363395,0.0,0.0,0.6132406099402793,84660.312363395,52478.416326581966
18546.0,3935100.65,4003495.5498721027,4046516.5469443975,0.0,0.0,1.5898027597353979,111415.8969443976,43020.99707229482
18378.0,3894471.1,4015417.6692435564,4046649.3470597677,0.0,1.0,3.8725607364192687,152178.2470597676,31231.677816211246
18289.0,3881074.6,3926885.696269218,4046763.4838217623,0.0,0.0,0.38214832959890954,165688.88382176217,119877.78755254438
18657.0,3977797.85,3999351.5876852055,4046829.1422023987,0.0,0.0,0.4539774195277913,69031.29220239865,47477.55451719323
18810.0,4043604.5,4043729.141875915,4047198.896660931,1.0,0.0,0.035922387499399286,3594.3966609309427,3469.7547850157134
18695.0,3989755.25,4006015.6185023487,4047402.739360813,0.0,0.0,0.392884746874658,57647.48936081305,41387.12085846439
18702.0,3990633.4,4006194.484949347,4047660.4323013257,0.0,0.0,0.3752738317361671,57027.03230132582,41465.947351978626
18797.0,4041103.95,4041103.95,4047882.6754991394,0.0,1.0,0.0,6778.725499139167,6778.725499139167
18644.0,3971055.4,4031240.6069703065,4048014.124545752,2.0,0.0,3.588108856690292,76958.72454575216,16773.517575445585
18686.0,3986453.25,4002426.898923151,4048150.222975871,0.0,0.0,0.34935449803984664,61696.97297587106,45723.324052719865
18630.0,3962119.85,4030113.3628239427,4048213.276524312,2.0,1.0,3.756565580893113,86093.42652431177,18099.913700369187
18627.0,3961376.9,4029114.484820494,4048528.2056701826,1.0,1.0,3.489160338966163,87151.30567018269,19413.72084968863
18632.0,3962171.85,3994930.533051578,4048698.5269131837,0.0,0.0,0.6092599090807769,86526.67691318365,53767.99386160588
18687.0,3986636.55,4032672.206153816,4048717.203307143,1.0,0.0,2.869159508967002,62080.65330714313,16044.997153326869
18728.0,4004073.45,4034081.026861979,4049448.8280939595,3.0,0.0,1.9526265604954172,45375.3780939593,15367.801231980324
18629.0,3961937.2,4029739.9546854305,4049533.6642771093,3.0,0.0,3.425469812588051,87596.46427710913,19793.70959167881
18722.0,4000930.05,4008946.006802574,4049622.343257915,0.0,0.0,0.19706683298223548,48692.293257915415,40676.33645534143
18153.0,3873881.7,3877416.363547514,4050109.8503467087,0.0,0.0,0.020467845157496084,176228.15034670848,172693.48679919448
18563.0,3935441.9,4043916.146825775,4050188.3771860143,0.0,1.0,17.2943658946922,114746.47718601441,6272.2303602392785
18427.0,3918620.55,4050239.6050320594,4050393.5023465925,0.0,0.0,855.2394525619173,131772.95234659268,153.8973145331256
18654.0,3977201.8,4032078.552515772,4050530.0137555017,1.0,0.0,2.9741141800526973,73328.2137555019,18451.461239729542
18448.0,3921588.45,4020491.6913394984,4050533.2630690904,2.0,0.0,3.292212612234096,128944.81306909025,30041.571729592048
18726.0,4003186.85,4009330.201656614,4050682.1967630535,0.0,0.0,0.14856240045494667,47495.34676305344,41351.99510643957
18622.0,3957233.15,3991532.6331627294,4050743.269936619,0.0,0.0,0.5792790794280877,93510.11993661895,59210.63677388942
18828.0,4046244.8,4046244.8,4051052.7863216186,1.0,2.0,0.0,4807.9863216187805,4807.9863216187805
18635.0,3963059.1,4030229.600147054,4051064.1068439856,1.0,1.0,3.2240024265583718,88005.00684398552,20834.506696931552
18721.0,3999714.55,4033780.50004029,4051222.1288950327,1.0,0.0,1.9531404047178138,51507.57889503287,17441.62885474274
18636.0,3963757.2,4030716.666416232,4051460.666416232,0.0,0.0,3.2278956043304965,87703.46641623182,20744.0
18379.0,3894484.1,3998805.154098319,4051693.96997413,0.0,0.0,1.9724596281995896,157209.86997412983,52888.81587581104
18723.0,4001287.55,4034032.5907626394,4051789.5450046253,2.0,0.0,1.8440685444362237,50501.995004625525,17756.95424198592
18434.0,3919449.95,4051789.5450046253,4051975.4680164917,0.0,0.0,711.7978225294814,132525.51801649155,185.92301186639816
18447.0,3921585.85,4017890.791793439,4052061.422510089,2.0,1.0,2.818354235016034,130475.5725100888,34170.630716649815
18380.0,3894497.75,3999687.6860322943,4052174.6680970243,0.0,0.0,2.004114770831516,157676.91809702432,52486.98206473002
18017.0,3841988.15,4045390.047832059,4052179.7382221296,0.0,1.0,29.9574628807116,210191.58822212974,6789.690390070435
18807.0,4043326.95,4043472.7838639864,4052437.061704717,0.0,1.0,0.016268333777381287,9110.111704716925,8964.277840730734
18548.0,3935115.6,4037667.63647839,4052669.7431360125,1.0,1.0,6.835842379928994,117554.14313601237,15002.106657622382
18607.0,3946883.2,4027855.9069551066,4052793.1845095293,0.0,1.0,3.247054806940864,105909.98450952908,24937.277554422617
18839.0,4049167.85,4049448.8280939595,4052993.426605085,2.0,0.0,0.07926937086879812,3825.576605084818,3544.5985111254267
18604.0,3944930.6,4027824.1552217915,4053076.508470068,2.0,1.0,3.2826071458289987,108145.90847006813,25252.353248276748
18435.0,3919695.0,4051975.4680164917,4053096.6609439207,0.0,0.0,117.98189658565252,133401.66094392072,1121.1929274289869
18633.0,3962249.85,4030187.0808269433,4053183.8824062096,1.0,0.0,2.9542034614150294,90934.0324062095,22996.80157926632
18760.0,4025990.8,4036182.03775659,4053248.510022039,2.0,0.0,0.5971496392504351,27257.710022039246,17066.472265448887
18659.0,3978661.05,3999762.544530486,4053311.7220299076,0.0,0.0,0.3940582379760064,74650.67202990782,53549.17749942141
18573.0,3938054.25,4026034.3931181733,4053870.7790504387,1.0,1.0,3.160616587665393,115816.52905043866,27836.385932265315
18826.0,4046117.4,4046117.4,4053883.0061852266,0.0,1.0,0.0,7765.606185226701,7765.606185226701
18018.0,3841999.2,4052179.7382221296,4053953.8751457417,2.0,0.0,118.46917530706,211954.67514574155,1774.1369236120954
18445.0,3920579.65,4032377.5739105674,4053966.242119186,0.0,0.0,5.178546579632711,133386.59211918619,21588.66820861865
18661.0,3979228.5,4000236.493018533,4053995.7355623296,0.0,0.0,0.390779185577593,74767.23556232965,53759.24254379654
18841.0,4051128.25,4051128.25,4054223.2070490588,2.0,0.0,0.0,3094.9570490587503,3094.9570490587503
18737.0,4012827.0,4034325.400244527,4054277.2569497074,1.0,1.0,1.077513765370273,41450.2569497074,19951.85670518037
18429.0,3918639.4,4050393.5023465925,4054414.6791774966,0.0,0.0,32.76506054994103,135775.27917749668,4021.1768309040926
18770.0,4031277.9,4037515.345059611,4054619.6437628376,2.0,1.0,0.36467119569388146,23341.743762837723,17104.298703226727
18542.0,3935068.15,4035070.8948189155,4054743.1389748314,1.0,0.0,5.083443659316437,119674.98897483153,19672.24415591592
18547.0,3935107.8,4037079.2651335984,4054764.0001773085,1.0,0.0,5.766072541181021,119656.20017730864,17684.735043710098
18431.0,3918646.55,4050682.1967630535,4054849.1691592326,0.0,0.0,31.68623024335932,136202.61915923283,4166.972396179102
18662.0,3979624.35,4000828.7498195455,4054884.946125584,0.0,0.0,0.39226585051410084,75260.5961255841,54056.19630603865
18557.0,3935268.35,4042199.2941516005,4055150.7147283787,2.0,0.0,8.256310071755866,119882.3647283786,12951.42057677824
18516.0,3929404.7,4038091.307237211,4055458.1836563093,0.0,0.0,6.258270319565917,126053.48365630908,17366.876419098116
18376.0,3894449.65,3998487.5870880666,4055578.7005011514,0.0,1.0,1.822314032225936,161129.05050115148,57091.113413084764
18845.0,4052122.75,4052122.75,4055902.8116965555,2.0,1.0,0.0,3780.0616965554655,3780.0616965554655
18466.0,3923825.1,4048622.5208160686,4056003.889345367,3.0,0.0,16.90708441405127,132178.78934536688,7381.368529298343
18837.0,4048622.5,4048622.5,4056127.4336388614,0.0,1.0,0.0,7504.933638861403,7504.933638861403
18717.0,3996902.0,4033747.719198644,4056213.947048569,2.0,0.0,1.6400492082949862,59311.9470485691,22466.227849924937
18640.0,3965886.6,3996621.221116836,4056424.584631799,0.0,0.0,0.5139279684351933,90537.9846317987,59803.363514962606
18740.0,4013872.2,4034556.400573686,4056460.8827365786,2.0,0.0,0.9442907812140136,42588.6827365784,21904.482162892353
18796.0,4040693.15,4041711.583468922,4056566.1337884036,2.0,0.0,0.06856037019083458,15872.983788403682,14854.550319481641
18769.0,4031183.0,4037363.5192733207,4056611.105061308,2.0,1.0,0.32110620736539436,25428.105061308015,19247.585787987337
18742.0,4014123.75,4015983.8610396422,4057041.1144567416,0.0,0.0,0.04530529650255545,42917.364456741605,41057.25341709936
16739.0,3417659.0500000007,4053953.8751457417,4057599.8751457417,0.0,0.0,174.5186026181407,639940.825145741,3646.0
18603.0,3944838.3,4027712.74150692,4057649.741911748,0.0,1.0,2.768294765214878,112811.44191174814,29937.000404827762
18738.0,4013143.55,4034556.3901590053,4057783.9672844857,1.0,1.0,0.9218714480347515,44640.417284485884,23227.5771254804
18561.0,3935286.55,4043909.9298784444,4058355.9298784444,0.0,0.0,7.519270377851626,123069.3798784446,14446.0
18653.0,3976514.1,3998632.116700185,4058500.9022616777,0.0,0.0,0.369441546086933,81986.80226167757,59868.78556149267
18679.0,3985302.75,4032436.279271062,4058518.822000513,2.0,1.0,1.8070910401631057,73216.07200051285,26082.542729450855
18732.0,4008044.3,4013051.51411501,4058736.4863834986,0.0,0.0,0.10960308973337918,50692.18638349883,45684.972268488724
18559.0,3935277.45,4043908.5974206557,4059272.557236737,0.0,1.0,7.070517543722765,123995.10723673692,15363.95981608145
18707.0,3993198.3,4032767.696602056,4059400.5553105134,0.0,2.0,1.485735986332188,66202.25531051354,26632.858708457556
18748.0,4016604.15,4018035.016870886,4059569.1354489475,0.0,0.0,0.03445039692360227,42964.98544894764,41534.11857806146
18713.0,3996106.4,4007076.610749988,4059587.8384930254,0.0,0.0,0.2089117170078455,63481.43849302549,52511.22774303751
18362.0,3893569.55,3997769.5581052555,4059646.5581052555,0.0,0.0,1.6839861031603933,166077.00810525566,61877.0
18375.0,3894430.8,3997899.0037633926,4059701.077869715,0.0,0.0,1.6741865909773332,165270.27786971536,61802.0741063226
18715.0,3996681.0,4007215.0981051363,4060169.67293126,0.0,0.0,0.1989270641814237,63488.672931259964,52954.57482612366
18663.0,3979634.1,4032294.5943544335,4060409.257571743,0.0,1.0,1.8730615390054473,80775.15757174278,28114.663217309397
18751.0,4017711.75,4018671.900045408,4060505.6020251215,0.0,0.0,0.02295159165864745,42793.85202512145,41833.701979713514
18718.0,3997175.65,4007335.8717774176,4060667.556809972,0.0,0.0,0.19051004616140949,63491.90680997213,53331.68503255444
18855.0,4053611.25,4053870.7790504387,4061662.4991057776,0.0,0.0,0.033308313003472735,8051.2491057775915,7791.720055338927
18864.0,4058582.45,4058582.45,4061727.376973351,2.0,0.0,0.0,3144.9269733508117,3144.9269733508117
18744.0,4014476.05,4035433.6207703436,4061895.702905183,1.0,1.0,0.7919849490131888,47419.65290518338,26462.082134839613
16741.0,3418040.6,4057599.8751457417,4062270.003894477,2.0,0.0,136.9468187186323,644229.403894477,4670.128748735413
17600.0,3716715.6,3716960.752134694,4062560.752134694,0.0,0.0,0.0007093522415905479,345845.1521346937,345600.0
18443.0,3920154.55,4054849.1691592326,4062767.4024752295,0.0,0.0,17.010690868014176,142612.85247522965,7918.233315996826
18857.0,4055101.7,4055150.7147283787,4063091.451034277,0.0,2.0,0.006172567189026979,7989.751034277026,7940.736305898521
18712.0,3996097.3,4007045.596479715,4063824.2018889952,0.0,0.0,0.1928243288258987,67726.90188899543,56778.6054092804
18858.0,4056102.05,4056127.4336388614,4063863.643122466,0.0,0.0,0.003281146783238673,7761.593122466002,7736.2094836044125
18574.0,3938092.6,4056566.1337884036,4064296.692698611,0.0,0.0,15.325351654971824,126204.09269861085,7730.558910207357
18747.0,4016062.7,4017704.8780127415,4064331.9604509785,0.0,0.0,0.035219403120847606,48269.2604509783,46627.082438237034
18871.0,4061203.9,4061727.420975324,4065302.2573891804,0.0,1.0,0.14644613479239177,4098.357389180455,3574.83641385613
18869.0,4061040.75,4061727.376973351,4065581.376973351,0.0,0.0,0.17815956755345044,4540.626973350998,3854.0
18870.0,4061088.2,4061727.376973351,4065690.8839656822,1.0,0.0,0.1612655092037224,4602.683965682052,3963.5069923312403
18815.0,4044779.05,4045336.5581052555,4066625.290787788,1.0,1.0,0.02618794239983566,21846.240787788294,21288.73268253263
18877.0,4064572.2,4066625.290787788,4066798.290787788,0.0,0.0,11.867576808022669,2226.0907877879217,173.0
18860.0,4058070.25,4058070.25,4067012.2636544905,0.0,1.0,0.0,8942.013654490467,8942.013654490467
18832.0,4047473.3,4047473.3,4067122.2955836006,2.0,0.0,0.0,19648.99558360083,19648.99558360083
18879.0,4065102.6,4067122.2955836006,4067262.098349143,1.0,0.0,14.446749860547289,2159.4983491427265,139.80276554217562
18575.0,3938103.65,4059701.077869715,4067433.7401432414,0.0,0.0,15.725169879204527,129330.09014324145,7732.662273526192
18773.0,4031882.4,4041411.731509934,4067906.1540051918,1.0,1.0,0.3596731165451897,36023.75400519185,26494.422495257575
18745.0,4014526.75,4036181.987028251,4068242.05848951,0.0,1.0,0.6754581646650075,53715.30848950986,32060.07146125892
18762.0,4027425.35,4028101.682504043,4068990.381288048,0.0,0.0,0.016540817491298158,41565.03128804779,40888.6987840049
18840.0,4049255.6,4049448.8280939595,4069099.4262003046,2.0,1.0,0.009833191484232631,19843.826200304553,19650.59810634516
18876.0,4064136.7,4064331.9604509785,4069117.164897678,1.0,1.0,0.040805038353789874,4980.464897677768,4785.20444669947
18849.0,4052349.6,4052669.7431360125,4069256.9321662458,2.0,0.0,0.019300626250104595,16907.332166245673,16587.189030233305
18836.0,4047994.6,4048014.124545752,4069363.846385311,1.0,0.0,0.000914510544854068,21369.246385310777,21349.7218395588
18756.0,4022859.75,4023121.958407837,4069696.7516421103,0.0,0.0,0.005629835145333786,46837.00164211029,46574.793234273326
18743.0,4014251.8,4016542.980014992,4070057.584295393,0.0,0.0,0.042814107397431425,55805.784295393154,53514.60428040102
18070.0,3866244.85,4055150.7222973094,4070395.7222973094,0.0,0.0,12.391333046724128,204150.87229730934,15245.0
18071.0,3866250.7,4070395.7222973094,4070576.3828089247,1.0,0.0,1129.9924951619048,204325.68280892447,180.66051161522046
18886.0,4067175.45,4067262.098349143,4071134.198871694,1.0,0.0,0.022377608390585682,3958.7488716938533,3872.10052255122
18889.0,4068356.5,4068356.5,4071394.7830744027,1.0,0.0,0.0,3038.283074402716,3038.283074402716
18875.0,4063506.85,4063863.643122466,4071420.0349611477,0.0,0.0,0.047217392914865076,7913.184961147606,7556.391838681884
18765.0,4030072.15,4030113.329615404,4071586.86479738,0.0,0.0,0.0009929130763342193,41514.714797379915,41473.53518197592
18729.0,4004936.0,4012137.687687017,4072744.7429785305,0.0,0.0,0.11882589662833273,67808.74297853047,60607.05529151345
18894.0,4073070.3,4073179.5555399526,4073320.056210177,1.0,0.0,0.7776157919977067,249.7562101772055,140.50067022442818
18838.0,4048919.55,4048919.55,4073368.8931064135,1.0,1.0,0.0,24449.343106413726,24449.343106413726
18853.0,4052914.45,4053076.508470068,4073414.0478747617,2.0,1.0,0.007968440372419571,20499.59787476156,20337.539404693525
18859.0,4057108.25,4057108.25,4073759.2726239692,2.0,0.0,0.0,16651.022623969242,16651.022623969242
18883.0,4065918.35,4066625.290787788,4074231.0761009306,0.0,0.0,0.09294777050391524,8312.726100930478,7605.785313142464
18890.0,4070213.55,4070213.55,4074766.586913943,1.0,0.0,0.0,4553.036913943011,4553.036913943011
18892.0,4070757.6,4071134.198871694,4076635.371925546,0.0,1.0,0.06845792124831614,5877.771925545763,5501.173053851817
18897.0,4073462.25,4073759.2726239692,4078529.8627375476,2.0,1.0,0.0622611913615963,5067.612737547606,4770.590113578364
18794.0,4039166.95,4039166.95,4079795.0580265243,0.0,0.0,0.0,40628.108026524074,40628.108026524074
18896.0,4073179.5,4073179.5,4080756.6021421878,0.0,2.0,0.0,7577.102142187767,7577.102142187767
18898.0,4075611.15,4075611.15,4081889.131352294,0.0,1.0,0.0,6277.981352293864,6277.981352293864
18758.0,4024605.65,4024605.65,4083035.170742648,0.0,0.0,0.0,58429.52074264828,58429.52074264828
18907.0,4081557.35,4083035.170742648,4083374.9639680614,0.0,0.0,4.3491765936506415,1817.6139680612832,339.79322541318834
18766.0,4030245.05,4030456.631819622,4083526.598683592,0.0,0.0,0.003986846650284205,53281.54868359212,53069.96686396981
18910.0,4081832.3,4083374.9639680614,4083712.7404699605,0.0,0.0,4.567114525101855,1880.440469960682,337.77650189911947
18903.0,4079674.95,4079795.0580265243,4084105.1223212127,1.0,0.0,0.027866875831084926,4430.172321212478,4310.064294688404
18904.0,4080415.3,4080824.5055468823,4084148.349217659,1.0,0.0,0.12311215189818564,3733.0492176590487,3323.8436707765795
18767.0,4030840.45,4031367.2150326767,4084234.7308909837,0.0,0.0,0.009963869573299504,53394.28089098353,52867.515858307015
18901.0,4078031.75,4078529.8627375476,4084360.9453934645,0.0,1.0,0.08542371407514877,6329.195393464528,5831.082655916922
18792.0,4037971.6,4038341.180025089,4084436.0866672234,0.0,0.0,0.008017806131125748,46464.486667223275,46094.9066421343
18545.0,3935088.95,4036733.7048041113,4085196.4304501084,0.0,1.0,2.0973800678606014,150107.48045010818,48462.725645997096
18808.0,4043527.15,4043606.9186402974,4085455.761497771,0.0,0.0,0.0019061134036402545,41928.611497770995,41848.84285747353
18771.0,4031615.9,4032527.3177128164,4085853.507581541,0.0,0.0,0.01709137133292632,54237.60758154094,53326.18986872444
18899.0,4076586.15,4076635.371925546,4086250.4166083876,0.0,0.0,0.00511926123794173,9664.266608387697,9615.044682841748
18922.0,4086403.1,4086403.1,4086782.1,0.0,0.0,0.0,379.0,379.0
18928.0,4086450.55,4086782.3816582393,4086833.3816582393,0.0,0.0,6.506503102734831,382.8316582394764,51.0
18934.0,4086522.05,4086783.4210300627,4087019.3437309987,1.0,0.0,1.1078672337420985,497.29373099887744,235.92270093597472
18931.0,4086487.6,4086782.7721160646,4087129.7721160646,0.0,0.0,0.8506401039321803,642.1721160644665,347.0
18933.0,4086512.95,4086783.1753900764,4087145.1753900764,0.0,0.0,0.7464789781109713,632.2253900761716,362.0
18932.0,4086507.75,4086782.9581688084,4087160.9581688084,0.0,0.0,0.7280639386464837,653.2081688083708,378.0
18929.0,4086459.0,4086782.4928783234,4087164.4928783234,0.0,0.0,0.8468399956110494,705.4928783234209,382.0
18930.0,4086469.4,4086782.622492042,4087179.622492042,0.0,0.0,0.7889735315919335,710.2224920419976,397.0
18924.0,4086414.15,4086782.1300486336,4087300.1300486336,0.0,0.0,0.7103861942734483,885.9800486336462,518.0
18925.0,4086423.9,4086782.1676936736,4087310.1676936736,0.0,0.0,0.6785372986244814,886.2676936737262,528.0
18927.0,4086437.55,4086782.276103508,4087320.276103508,0.0,0.0,0.6407548392349057,882.7261035083793,538.0
18923.0,4086410.25,4086782.1,4087331.1,0.0,0.0,0.6773224043717544,920.8500000000931,549.0
18926.0,4086428.45,4086782.2174702142,4087341.2174702142,0.0,0.0,0.632857728468784,912.7674702140503,559.0
18919.0,4085162.25,4085162.25,4088261.120382393,2.0,0.0,0.0,3098.870382392779,3098.870382392779
18921.0,4085918.85,4085918.85,4090707.85,0.0,0.0,0.0,4789.0,4789.0
18913.0,4082806.0,4084105.1223212127,4091286.1326951967,0.0,1.0,0.18091079855826975,8480.132695196662,7181.010373983998
18957.0,4091228.7,4091286.1326951967,4091338.3876701356,1.0,1.0,1.0990856901873556,109.68767013540491,52.25497493892908
18955.0,4091215.05,4091286.1326951967,4091343.1326951967,0.0,0.0,1.2470648280148835,128.08269519684836,57.0
18956.0,4091220.9,4091286.1326951967,4091343.1326951967,0.0,0.0,1.1444332490658813,122.23269519675523,57.0
18953.0,4091201.4,4091286.1326951967,4091364.1326951967,0.0,0.0,1.0863166050866055,162.73269519675523,78.0
18954.0,4091205.95,4091286.1326951967,4091364.1326951967,0.0,0.0,1.0279832717496902,158.18269519647583,78.0
18952.0,4091196.2,4091286.1326951967,4091380.1326951967,0.0,0.0,0.9567307999625089,183.93269519647583,94.0
18949.0,4091066.2,4091286.1326951967,4091405.1326951967,0.0,0.0,1.8481739092140825,338.93269519647583,119.0
18946.0,4091048.0,4091286.1326951967,4091411.1326951967,0.0,0.0,1.9050615615732969,363.1326951966621,125.0
18951.0,4091079.85,4091286.1326951967,4091415.1326951967,0.0,0.0,1.599090660438519,335.28269519656897,129.0
18947.0,4091052.55,4091286.1326951967,4091426.1326951967,0.0,0.0,1.6684478228346311,373.58269519684836,140.0
18948.0,4091056.45,4091286.1326951967,4091426.1326951967,0.0,0.0,1.6405906799748273,369.68269519647583,140.0
18950.0,4091070.75,4091286.1326951967,4091436.1326951967,0.0,0.0,1.435884634644414,365.3826951966621,150.0
18888.0,4068190.75,4069099.4262003046,4092903.651579909,1.0,2.0,0.038172895182012764,24712.901579909027,23804.22537960438
18970.0,4092222.55,4092903.673255058,4093013.2388786096,2.0,0.0,6.216578092465032,790.6888786097988,109.56562355160713
18827.0,4046142.75,4046187.0859388043,4093099.8665681803,0.0,2.0,0.0009450716459248823,46957.11656818027,46912.78062937595
18914.0,4082811.85,4084148.349217659,4093729.4234043756,0.0,1.0,0.1394936717546459,10917.573404375464,9581.074186716694
18856.0,4054055.2,4054055.2,4094008.0481267665,0.0,2.0,0.0,39952.84812676627,39952.84812676627
18776.0,4033963.7,4034032.544899152,4094409.2808898576,0.0,0.0,0.0011402553984126945,60445.580889857374,60376.735990705434
18977.0,4094382.5,4094409.2808898576,4094545.457369196,1.0,1.0,0.1966631094269726,162.95736919622868,136.1764793386683
18935.0,4087535.4,4088261.120382393,4094686.0493274303,0.0,1.0,0.11295383787137467,7150.649327430408,6424.928945037536
18940.0,4088992.05,4090707.85,4094825.3765814235,1.0,0.0,0.41670647804468025,5833.3265814236365,4117.526581423357
18895.0,4073142.45,4073179.6867417526,4095208.2133122217,2.0,1.0,0.0016903873090759656,22065.763312221505,22028.52657046914
18906.0,4081485.85,4095208.2133122217,4095378.2133122217,0.0,0.0,80.71978418953881,13892.363312221598,170.0
18908.0,4081626.9,4095208.221955845,4095397.9966664114,0.0,1.0,71.5654995089691,13771.096666411497,189.7747105662711
18887.0,4067286.6,4068356.5324561917,4095471.399998421,0.0,2.0,0.039459254393380286,28184.799998420756,27114.867542229127
18900.0,4076879.3,4078529.8696987163,4095577.270964076,2.0,0.0,0.0968223644779507,18697.970964075997,17047.401265359484
18959.0,4091281.35,4094686.0493274303,4095765.436227523,0.0,0.0,3.154290020694645,4484.086227522697,1079.3869000924751
18943.0,4089930.65,4090707.888106992,4096055.774591942,0.0,3.0,0.14533556558827826,6125.124591941945,5347.88648494985
18960.0,4091285.25,4095397.9966664114,4096621.512304146,0.0,0.0,3.3614173285328,5336.262304145843,1223.5156377344392
18961.0,4091289.15,4095765.436227523,4096926.9062385354,0.0,0.0,3.8539834735984524,5637.756238535512,1161.4700110126287
18978.0,4094714.65,4094825.3765814235,4097740.04979396,2.0,1.0,0.03798936393530689,3025.399793960154,2914.6732125366107
18962.0,4091295.0,4096621.512304146,4097844.6477353643,0.0,0.0,4.354801740016505,6549.6477353642695,1223.1354312184267
18440.0,3920023.25,4054764.0001773085,4098037.7225322546,0.0,0.0,3.11368523077626,178014.47253225464,43273.72235494619
18983.0,4098398.2,4098398.2,4098476.2,0.0,0.0,0.0,78.0,78.0
18990.0,4099050.8,4099050.8,4099147.54084335,1.0,0.0,0.0,96.74084335006773,96.74084335006773
18979.0,4095081.9,4095208.2133122217,4099687.8608387066,1.0,2.0,0.02819715423478855,4605.960838706698,4479.647526484914
18993.0,4099856.8,4099856.8,4099907.9549363772,1.0,0.0,0.0,51.15493637742475,51.15493637742475
18997.0,4099977.05,4099977.05,4100098.05,0.0,0.0,0.0,121.0,121.0
18862.0,4058395.25,4058500.9022616777,4100145.6982410536,0.0,0.0,0.00253698593528917,41750.448241053615,41644.79597937595
18998.0,4099988.75,4100098.05,4100203.05,0.0,0.0,1.040952380950607,214.29999999981374,105.0
19004.0,4100138.25,4100145.801143272,4100213.801143272,0.0,0.0,0.11104622458600823,75.55114327184856,68.0
19001.0,4100112.9,4100145.733220532,4100220.733220532,0.0,0.0,0.43777627376218636,107.83322053216398,75.0
19005.0,4100184.4,4100203.05,4100272.05,0.0,0.0,0.270289855071114,87.64999999990687,69.0
18999.0,4100005.0,4100098.07779579,4100295.07779579,0.0,0.0,0.4724761207616382,290.0777957900427,197.0
19009.0,4100247.45,4100247.45,4100300.45,0.0,0.0,0.0,53.0,53.0
19007.0,4100211.05,4100213.801143272,4100324.801143272,0.0,0.0,0.02478507452283625,113.75114327203482,111.0
19010.0,4100259.15,4100272.05,4100339.05,0.0,0.0,0.19253731343144578,79.89999999990687,67.0
19011.0,4100336.5,4100336.5,4100419.5,0.0,0.0,0.0,83.0,83.0
19012.0,4100359.25,4100359.25,4100441.25,0.0,0.0,0.0,82.0,82.0
19013.0,4100400.2,4100419.5,4100477.5,0.0,0.0,0.33275862068644374,77.29999999981374,58.0
19014.0,4100413.85,4100419.5279308823,4100486.5279308823,0.0,0.0,0.08474523704777014,72.6779308822006,67.0
18971.0,4092321.35,4093013.2388786096,4100497.6842543795,0.0,0.0,0.09244357382170758,8176.334254379384,7484.445375769865
18589.0,3941100.15,4098037.7225322546,4100750.005880161,0.0,0.0,57.86179111905318,159649.85588016128,2712.283347906545
19025.0,4100606.9,4100606.9,4100814.7804581667,0.0,0.0,0.0,207.8804581668228,207.8804581668228
18814.0,4043859.3,4044086.7880554046,4101176.5476309224,0.0,0.0,0.003984743622957845,57317.24763092259,57089.75957551785
18980.0,4097210.65,4097740.04979396,4101253.3207228896,1.0,0.0,0.15068572981402664,4042.670722889714,3513.27092892956
19003.0,4100130.45,4101253.3207228896,4101332.3207228896,0.0,0.0,14.21355345429664,1201.8707228894345,79.0
19006.0,4100187.0,4101332.3207228896,4101440.3207228896,0.0,0.0,10.60482150823723,1253.3207228896208,108.0
19008.0,4100234.45,4101440.3207228896,4101538.3207228896,0.0,0.0,12.304803294790148,1303.8707228894345,98.0
18967.0,4092023.0,4092023.0,4101566.763497377,0.0,0.0,0.0,9543.763497376814,9543.763497376814
19027.0,4100682.3,4100814.7804581667,4101588.4471477265,0.0,0.0,0.17123712311084704,906.1471477267332,773.6666895598173
19015.0,4100485.35,4101538.3207228896,4101724.619649849,1.0,0.0,5.652049317061711,1239.2696498488076,186.29892695927992
18982.0,4098190.2,4098398.2266446813,4103225.2266446813,0.0,0.0,0.04309646668347104,5035.026644681115,4827.0
19040.0,4101934.2,4103225.2266446813,4103284.2266446813,0.0,0.0,21.881807536968047,1350.0266446811147,59.0
19039.0,4101794.45,4103225.2266446813,4103423.9957614085,0.0,1.0,7.198183843846316,1629.5457614082843,198.7691167271696
19041.0,4101949.15,4103225.240240028,4103426.324638476,0.0,1.0,6.346043004217481,1477.1746384762228,201.0843984480016
19043.0,4102099.3,4103225.2687861295,4103446.344258276,0.0,1.0,5.093142062294186,1347.0442582760006,221.07547214627266
18992.0,4099635.15,4099687.8608387066,4103479.8608387066,0.0,0.0,0.01390053763362296,3844.7108387066983,3792.0
19046.0,4103524.75,4103524.75,4103652.135614124,1.0,1.0,0.0,127.38561412412673,127.38561412412673
19044.0,4102493.85,4103284.2266446813,4104027.7063670163,0.0,0.0,1.0630776078181636,1533.8563670162112,743.4797223350033
19045.0,4103427.9,4103427.9,4104071.6459101983,0.0,0.0,0.0,643.7459101984277,643.7459101984277
19047.0,4104027.2,4104027.7063670163,4104313.9066863866,2.0,0.0,0.001769274811545326,286.7066863863729,286.2003193702549
19042.0,4102072.0,4103284.333316512,4106728.1469170176,1.0,0.0,0.3520322111318443,4656.146917017642,3443.813600505702
19058.0,4105393.5,4106728.1469170176,4106789.1469170176,0.0,0.0,21.879457656026926,1395.6469170176424,61.0
19052.0,4105065.9,4106728.1469170176,4106790.1469170176,0.0,0.0,26.81043414544735,1724.2469170177355,62.0
19054.0,4105127.0,4106728.1469170176,4106795.1469170176,0.0,0.0,23.897715179367797,1668.1469170176424,67.0
19057.0,4105346.05,4106728.1469170176,4106795.1469170176,0.0,0.0,20.62831219429595,1449.0969170178287,67.0
19072.0,4106198.2,4106728.1469170176,4106795.1469170176,0.0,0.0,7.90965547787248,596.9469170174561,67.0
19053.0,4105082.15,4106728.1469170176,4106796.1469170176,0.0,0.0,24.2058370149667,1713.9969170177355,68.0
19056.0,4105297.3,4106728.1469170176,4106796.1469170176,0.0,0.0,21.041866426732774,1498.8469170178287,68.0
19060.0,4105439.0,4106728.1469170176,4106802.1469170176,0.0,0.0,17.420904284022196,1363.1469170176424,74.0
19055.0,4105175.75,4106728.1469170176,4106806.1469170176,0.0,0.0,19.90252457714926,1630.3969170176424,78.0
19059.0,4105415.6,4106728.1469170176,4106807.1469170176,0.0,0.0,16.614517936931005,1391.5469170175493,79.0
19051.0,4105029.5,4106728.1469170176,4106841.1469170176,0.0,0.0,15.03227360192604,1811.6469170176424,113.0
19070.0,4106129.3,4106807.1844886253,4106940.1844886253,0.0,0.0,5.096875854326706,810.8844886254519,133.0
19062.0,4105453.95,4106807.1469170176,4107072.9968768205,0.0,0.0,5.09007756864492,1619.04687682027,265.8499598028138
18902.0,4078859.2,4085196.4304501084,4107165.642574979,0.0,1.0,0.2884596140311291,28306.442574978806,21969.212124870624
18881.0,4065545.25,4067122.3836001507,4107450.852188562,0.0,2.0,0.03910720281116503,41905.60218856204,40328.46858841134
19069.0,4105754.25,4106940.1844886253,4107657.720882503,0.0,0.0,1.652786532842531,1903.4708825028501,717.5363938775845
19080.0,4107267.45,4107657.720882503,4108361.2723955666,0.0,0.0,0.5547154334203197,1093.8223955663852,703.5515130637214
19048.0,4104393.15,4104393.15,4108636.812385561,1.0,0.0,0.0,4243.662385561038,4243.662385561038
18984.0,4098470.35,4107165.642574979,4108834.8627501866,0.0,0.0,5.209194511381646,10364.512750186492,1669.2201752075925
19082.0,4107917.45,4108361.2723955666,4108964.8308478445,0.0,0.0,0.7353428551805388,1047.3808478442952,603.55845227791
18872.0,4061387.2,4061895.702905183,4109396.0548162865,0.0,2.0,0.01070524500817734,48008.85481628636,47500.35191110335
19050.0,4104937.2,4108636.812385561,4109567.812385561,0.0,0.0,3.9738049254143486,4630.612385560758,931.0
18436.0,3919857.5,4053096.6609439207,4110159.97067386,0.0,0.0,2.334935733214478,190302.47067386005,57063.30972993933
18985.0,4098478.8,4108834.8627501866,4110289.896807571,0.0,0.0,7.117402302461123,11811.096807571128,1455.0340573843569
18667.0,3982840.55,4110159.97067386,4110367.8850011914,0.0,0.0,612.3648250125223,127527.33500119159,207.91432733135298
19037.0,4101289.4,4101724.619649849,4110904.931006173,0.0,1.0,0.04740793998769713,9615.53100617323,9180.311356324237
18891.0,4070632.8,4071134.2311719935,4111103.516901035,0.0,2.0,0.012545412379721102,40470.71690103505,39969.28572904132
19071.0,4106161.15,4109567.812385561,4111228.812385561,0.0,0.0,2.050970731824827,5067.662385561038,1661.0
18439.0,3919972.55,4054414.6791774966,4111416.812980615,0.0,0.0,2.3585455527305483,191444.26298061525,57002.133803118486
19084.0,4108187.2,4111228.812385561,4111426.5807032096,2.0,1.0,15.379674670459694,3239.3807032094337,197.7683176486753
18987.0,4098545.75,4110289.896807571,4111755.2326006573,0.0,0.0,8.014645423241262,13209.48260065727,1465.3357930863276
19090.0,4110367.3,4110904.931006173,4111828.5755859306,0.0,0.0,0.5820756359708128,1461.2755859307945,923.6445797574706
19087.0,4108900.25,4111426.5807032096,4111916.747577106,1.0,0.0,5.1540216969927055,3016.4975771061145,490.1668738964945
18994.0,4099916.6,4111755.2326006573,4112113.0507882363,0.0,0.0,33.085608869565526,12196.450788236223,357.81818757904693
19089.0,4109727.7,4111916.7762167845,4112237.7762167845,0.0,0.0,6.819552077209676,2510.076216784306,321.0
19095.0,4111614.0,4111828.5755859306,4112348.2124055144,0.0,0.0,0.41293376035681817,734.2124055144377,519.6368195838295
19092.0,4110895.1,4112237.7762167845,4112538.7762167845,0.0,0.0,4.460718328187372,1643.676216784399,301.0
18893.0,4071902.25,4071902.25,4112599.1072522565,0.0,1.0,0.0,40696.85725225648,40696.85725225648
18995.0,4099934.8,4112113.0507882363,4112880.7137947218,0.0,0.0,15.86405842843944,12945.913794721942,767.6630064854398
19096.0,4111790.8,4112348.2124055144,4113175.8990094583,0.0,0.0,0.6734582906846958,1385.0990094584413,827.6866039438173
18668.0,3983083.0,4110367.8850011914,4113563.9097175095,0.0,0.0,39.8260014546527,130480.90971750952,3196.0247163181193
18854.0,4053553.4,4053870.7790504387,4113608.224312742,0.0,2.0,0.005312899623429959,60054.82431274187,59737.44526230311
19016.0,4100518.5,4112880.7137947218,4114313.9677883876,0.0,0.0,8.625277759110384,13795.467788387556,1433.2539936657995
19049.0,4104534.2,4106728.1469170176,4114347.3033649228,0.0,1.0,0.2879514198216367,9813.103364922572,7619.156447905116
19034.0,4100963.75,4101566.763497377,4114457.776351116,0.0,0.0,0.046777821434092925,13494.026351116132,12891.012853739318
19088.0,4109485.9,4111916.747577106,4115384.025358668,1.0,1.0,0.7010824428411251,5898.125358668156,3467.2777815619484
18905.0,4080646.05,4092903.651579909,4115656.364480992,0.0,1.0,0.5387314309813958,35010.314480992034,22752.71290108282
19020.0,4100560.1,4114313.9677883876,4115757.0058188112,0.0,0.0,9.531188713265719,15196.905818811152,1443.0380304236896
19078.0,4107010.7,4108636.812385561,4116355.3898296505,0.0,0.0,0.2106751402495725,9344.689829650335,7718.577444089577
19081.0,4107438.4,4111103.516901035,4116398.3415342574,0.0,1.0,0.6922074204380759,8959.941534257494,5294.824633222539
18909.0,4081695.8,4095378.2133122217,4116924.371582562,1.0,0.0,0.6350279776351845,35228.57158256229,21546.158270340413
19098.0,4112094.35,4114457.776351116,4117061.4376990977,2.0,0.0,0.9077318572740872,4967.087699097581,2603.6613479815423
19021.0,4100569.2,4115656.364480992,4117125.29964989,0.0,0.0,10.270817120069404,16556.09964988986,1468.9351688981988
19022.0,4100580.9,4115757.0058188112,4117172.1684187804,0.0,0.0,10.723930818367972,16591.268418780528,1415.1625999691896
18672.0,3984471.4,4113563.9097175095,4117952.842352029,0.0,0.0,29.413190054954036,133481.44235202903,4388.932634519413
18918.0,4084253.55,4097100.1084142993,4118013.1084142993,0.0,0.0,0.614285775082461,33759.55841429951,20913.0
18423.0,3917678.05,4043269.8082250934,4118174.8082250934,0.0,0.0,1.6766805717254334,200496.7582250936,74905.0
18878.0,4064644.35,4066798.290787788,4118392.555003117,0.0,1.0,0.04174767913732697,53748.205003116746,51594.26421532873
19026.0,4100614.7,4117172.1684187804,4118597.2016005553,0.0,0.0,11.61900552951176,17982.501600555144,1425.0331817748956
18884.0,4066038.6,4067262.098349143,4118617.9833891285,0.0,3.0,0.023823917126345146,52579.38338912837,51355.885039985646
18361.0,3893564.35,3994232.542494478,4119112.832331703,0.0,0.0,0.806117543654759,225548.48233170295,124880.28983722487
19101.0,4114052.15,4115384.025358668,4119286.718186959,2.0,0.0,0.3412708653402669,5234.568186959252,3902.692828291096
18916.0,4083456.65,4095577.270964076,4119609.270964076,0.0,0.0,0.5043534023000958,36152.620964075904,24032.0
19106.0,4116137.35,4119286.718186959,4119620.5837864894,0.0,0.0,9.433041892875224,3483.233786489349,333.86559953028336
18942.0,4089923.5,4118174.8082250934,4119688.2297876286,0.0,0.0,18.667177027508423,29764.729787628632,1513.4215625352226
19023.0,4100591.3,4117125.29964989,4119967.6472683833,0.0,0.0,5.817022359374545,19376.347268383484,2842.3476184932515
19030.0,4100891.6,4118597.2016005553,4120068.2782073426,0.0,0.0,12.035812084064736,19176.678207342513,1471.0766067872755
18880.0,4065176.05,4067122.2955836006,4120143.6222878257,0.0,0.0,0.036706844294142164,54967.57228782587,53021.32670422504
18885.0,4066600.85,4067906.1540051918,4120371.397282181,0.0,1.0,0.02487940441446803,53770.54728218075,52465.24327698909
19097.0,4111952.0,4112538.7762167845,4120413.53243891,0.0,0.0,0.07451357225965091,8461.5324389101,7874.7562221256085
19093.0,4111042.65,4111094.8609640757,4120469.8165021655,0.0,0.0,0.005569195913903322,9427.166502165608,9374.955538089853
19061.0,4105452.65,4119112.832331703,4120527.8947551684,0.0,0.0,9.653413238301594,15075.244755168445,1415.0624234653078
18671.0,3984468.8,4111416.812980615,4121197.057056726,0.0,0.0,12.980045486870518,136728.25705672614,9780.244076110888
19063.0,4105459.8,4119967.6472683833,4121439.011799726,0.0,0.0,9.860131163514316,15979.211799726356,1471.3645313428715
19066.0,4105502.05,4120068.2782073426,4121497.3827758296,0.0,0.0,10.192555904263738,15995.332775829826,1429.1045684870332
18692.0,3989072.75,4117952.842352029,4121599.2799302773,0.0,0.0,35.34411040540568,132526.52993027726,3646.4375782483257
19067.0,4105510.5,4120527.8947551684,4121997.077431059,0.0,0.0,10.221598036516967,16486.577431058977,1469.1826758906245
18873.0,4062397.3,4062560.752134694,4122451.509490877,0.0,0.0,0.00272917127632713,60054.20949087711,59890.75735618314
19120.0,4116952.45,4119688.271756649,4123167.1413356573,1.0,0.0,0.78641112997076,6214.691335657146,3478.8695790083148
19116.0,4116543.6,4120371.397282181,4123575.7608702113,0.0,0.0,1.194557726370087,7032.160870211199,3204.36358803045
19102.0,4114468.15,4116355.3898296505,4124110.5822165064,0.0,0.0,0.24335177459288693,9642.432216506451,7755.192386855837
18693.0,3989083.15,4121197.057056726,4124843.368130434,0.0,0.0,36.23220959104328,135760.21813043393,3646.3110737078823
18915.0,4083066.0,4095577.270964076,4125375.5282757147,0.0,2.0,0.4198658610545332,42309.52827571472,29798.25731163891
19130.0,4121985.4,4121997.1245766114,4125951.1245766114,0.0,0.0,0.0029652444642229354,3965.7245766115375,3954.0
19137.0,4124478.8,4125951.1245766114,4126051.970752106,2.0,1.0,14.59970662636,1573.1707521062344,100.84617549460381
19121.0,4117044.1,4117061.4376990977,4126258.910465754,0.0,0.0,0.001885050332569129,9214.81046575401,9197.472766656429
18920.0,4085509.35,4085509.35,4127027.468704202,0.0,0.0,0.0,41518.11870420212,41518.11870420212
19131.0,4122948.05,4123167.1413356573,4127122.171976276,1.0,1.0,0.05539561019007311,4174.121976276394,3955.0306406188756
19139.0,4124540.55,4126051.9784376384,4127332.7135199206,0.0,1.0,1.1801257407154466,2792.1635199207813,1280.735082282219
19126.0,4119459.5,4119620.5837864894,4127520.86364627,0.0,0.0,0.020389630411639735,8061.363646269776,7900.279859780334
18820.0,4045613.0,4046187.1617185054,4127915.230465113,0.0,1.0,0.00702526962047254,82302.23046511319,81728.06874660775
19118.0,4116624.85,4127027.468704202,4128489.7420929237,1.0,0.0,7.114003977941,11864.892092923634,1462.2733887215145
18958.0,4091276.8,4127915.230465113,4128497.230465113,0.0,0.0,62.95262966514325,37220.43046511337,582.0
18963.0,4091298.9,4128497.230465113,4129119.6961121494,0.0,1.0,59.759652026145304,37820.79611214949,622.4656470362097
18969.0,4092193.95,4098037.7720458265,4129320.1926315855,0.0,2.0,0.18680849935527993,37126.24263158534,31282.420585758984
19127.0,4120006.15,4120371.397282181,4129540.1321804845,0.0,0.0,0.03983617000950827,9533.98218048457,9168.734898303635
19117.0,4116567.0,4125375.5282757147,4129596.933618909,1.0,0.0,2.0866340850009406,13029.933618909214,4221.405343194492
19119.0,4116701.55,4128489.7420929237,4129839.1234285235,1.0,0.0,8.735997587875293,13137.573428523727,1349.3813355998136
18874.0,4062667.05,4063824.2018889952,4129965.3880020846,2.0,0.0,0.01749517897996134,67298.33800208475,66141.18611308932
19138.0,4124528.2,4126051.970752106,4130121.059941001,0.0,1.0,0.37447465055927176,5592.8599410005845,4069.0891888947226
19133.0,4123219.75,4129320.201404783,4130323.6195379132,1.0,0.0,6.079670282369494,7103.8695379132405,1003.4181331302971
19135.0,4124000.4,4129965.3880020846,4131225.932291708,1.0,0.0,4.7320733203803735,7225.532291708048,1260.5442896233872
19144.0,4127063.2,4127122.171976276,4131575.249478203,0.0,1.0,0.013242971012857496,4512.049478202593,4453.077501926571
19145.0,4128846.8,4128900.095865113,4133421.932293892,1.0,1.0,0.011786331936773708,4575.132293892093,4521.836428778712
18866.0,4058916.55,4058955.7401453326,4133706.2378578256,1.0,0.0,0.0005242793898652811,74789.68785782577,74750.49771249294
18968.0,4092114.0,4093099.8665681803,4134305.075470894,0.0,0.0,0.023925775270498287,42191.07547089411,41205.20890271384
18976.0,4093848.85,4094008.0481267665,4135069.5905981115,0.0,0.0,0.003877061532149262,41220.74059811141,41061.54247134505
18867.0,4059067.35,4059272.557236737,4135168.476884152,1.0,2.0,0.0027037980129937457,76101.12688415172,75895.9196474147
18912.0,4082377.65,4083712.7404699605,4135222.48233555,0.0,0.0,0.025919183859325193,52844.83233554987,51509.74186558928
19142.0,4125901.65,4126258.910465754,4135442.6554316794,0.0,0.0,0.03890139230561688,9541.005431679543,9183.744965925347
19151.0,4132081.85,4133706.250995,4136655.632462647,2.0,0.0,0.5507598840023167,4573.782462646719,2949.381467646919
18917.0,4083765.4,4084234.7308909837,4136769.3812769726,0.0,0.0,0.00893373968486484,53003.981276972685,52534.650385988876
19146.0,4129561.15,4129561.15,4137435.611634603,0.0,0.0,0.0,7874.461634602863,7874.461634602863
18981.0,4097809.3,4118013.1084142993,4138070.9784418303,1.0,0.0,1.0072758666083814,40261.678441830445,20057.87002753094
18988.0,4098968.25,4118174.8082250934,4139125.8082250934,0.0,0.0,0.9167370638677586,40157.55822509341,20951.0
19105.0,4116065.85,4139125.8082250934,4139305.6844344046,0.0,1.0,128.1990448508919,23239.834434404504,179.87620931118727
19114.0,4116201.7,4139305.6844344046,4139475.6844344046,0.0,0.0,135.9057907906142,23273.98443440441,170.0
19123.0,4117759.1,4120469.8165021655,4139833.38962396,0.0,0.0,0.13999051131293525,22074.28962395992,19363.5731217945
17133.0,3540787.9,4070576.3828089247,4139961.3828089247,0.0,0.0,7.63549013200151,599173.4828089247,69385.0
18861.0,4058278.9,4058355.9298784444,4140050.1174584967,1.0,0.0,0.0009429052509889062,81771.2174584968,81694.1875800523
19168.0,4140335.55,4140880.9386170343,4140940.7496189717,1.0,0.0,9.118533369590143,605.1996189719066,59.81100193737075
18972.0,4092433.8,4116924.371582562,4141060.560238364,1.0,1.0,1.0146826382497243,48626.76023836434,24136.18865580205
19170.0,4140875.05,4140881.0142752053,4141238.767098783,1.0,1.0,0.01667149722498844,363.717098783236,357.7528235777281
19160.0,4137686.15,4138070.9960372793,4141888.9800896724,1.0,0.0,0.10079823068881773,4202.830089672469,3817.98405239312
19149.0,4131790.65,4133421.932293892,4141908.876528253,0.0,2.0,0.19221079446798486,10118.22652825294,8486.94423436094
18911.0,4081901.85,4083526.598683592,4142358.994685632,0.0,0.0,0.027616564920039877,60457.14468563208,58832.396002040245
19156.0,4134620.75,4135069.5905981115,4142892.901566691,0.0,1.0,0.05737220467320768,8272.151566691231,7823.310968579724
18989.0,4099046.9,4119609.270964076,4143741.270964076,0.0,0.0,0.8520790222143173,44694.370964075904,24132.0
18865.0,4058715.05,4058955.73,4143799.2418339346,1.0,1.0,0.002836751977820697,85084.19183393475,84843.51183393458
19173.0,4142440.25,4143741.2937677777,4143935.3581627957,2.0,0.0,6.7041858330457025,1495.1081627956592,194.06439501792192
19182.0,4143857.25,4143857.25,4144003.25,0.0,0.0,0.0,146.0,146.0
19183.0,4143891.05,4143935.3581627957,4144064.3581627957,0.0,0.0,0.3434741302003521,173.30816279584542,129.0
19185.0,4143998.3,4144003.297645432,4144093.297645432,0.0,0.0,0.055529393690327805,94.9976454321295,90.0
19186.0,4144033.4,4144064.3581627957,4144132.3581627957,0.0,0.0,0.4552670999375336,98.95816279575229,68.0
19187.0,4144097.75,4144097.75,4144146.078398709,2.0,1.0,0.0,48.32839870918542,48.32839870918542
19184.0,4143976.85,4144003.25,4144149.25,0.0,0.0,0.18082191780758128,172.39999999990687,146.0
19157.0,4134750.1,4135069.5905981115,4144224.741865213,0.0,0.0,0.03489735874266583,9474.641865212936,9155.151267101523
19159.0,4137138.85,4137435.611634603,4145262.1249382016,0.0,0.0,0.03791747654299873,8123.274938201532,7826.513303598855
19172.0,4142127.6,4142358.994685632,4145655.8671040596,2.0,1.0,0.07018612074241565,3528.267104059458,3296.872418427374
19199.0,4144735.4,4145262.1249382016,4145672.560630263,1.0,0.0,1.2833312218937636,937.1606302629225,410.43569206120446
19198.0,4144731.5,4145262.1249382016,4146059.1249382016,0.0,0.0,0.6657778396507213,1327.624938201625,797.0
19208.0,4146925.9,4147227.955246603,4147293.955246603,0.0,0.0,4.5765946455031745,368.0552466032095,66.0
19207.0,4146867.4,4147227.955246603,4147295.955246603,0.0,0.0,5.302283038282493,428.5552466032095,68.0
19211.0,4146974.0,4147228.154570577,4147306.154570577,0.0,0.0,3.2583919304769293,332.1545705772005,78.0
19205.0,4146822.55,4147227.955246603,4147309.6566108135,1.0,0.0,4.9620376663427805,487.1066108136438,81.70136421034113
19210.0,4146942.15,4147228.054936224,4147311.054936224,0.0,0.0,3.444637785834002,368.9049362242222,83.0
19214.0,4147433.55,4147433.55,4147486.665307032,1.0,0.0,0.0,53.11530703213066,53.11530703213066
19165.0,4139650.45,4139833.38962396,4147577.9086113926,0.0,0.0,0.02362181876714271,7927.458611392416,7744.518987432588
19216.0,4147860.6,4147860.6,4147941.6,0.0,0.0,0.0,81.0,81.0
19181.0,4143562.8,4143741.3498706715,4148240.3498706715,0.0,0.0,0.0396865682755511,4677.549870671704,4499.0
17680.0,3753293.05,3909691.8636374874,4148435.879918817,0.0,0.0,0.6550899832948752,395142.82991881715,238744.01628132956
19215.0,4147642.85,4148435.9153873012,4148964.9153873012,0.0,0.0,1.4991784259000889,1322.065387301147,529.0
19230.0,4148688.05,4148964.9153873012,4148992.161172819,1.0,0.0,10.161769317401244,304.11117281904444,27.24578551761806
19232.0,4148860.95,4148964.9153873012,4149011.9153873012,0.0,0.0,2.2120295170436988,150.96538730105385,47.0
18964.0,4091586.2,4148435.879918817,4149073.5972408922,0.0,0.0,89.14557900640881,57487.39724089205,637.7173220752738
19000.0,4100013.45,4149073.5972408922,4149300.5972408922,0.0,0.0,216.12399665591212,49287.14724089205,227.0
19233.0,4149118.35,4149300.6246440005,4149356.583254091,1.0,0.0,3.2573118543492496,238.23325409088284,55.9586100904271
19235.0,4149213.25,4149300.658967558,4149397.1110278512,1.0,0.0,0.9062426172331791,183.86102785123512,96.45206029340625
18850.0,4052608.3,4052669.7431360125,4149502.9959127195,1.0,1.0,0.000634525168273881,96894.6959127197,96833.25277670706
19064.0,4105467.6,4129119.6961121494,4149523.6961121494,0.0,0.0,1.15918918408887,44056.0961121493,20404.0
19197.0,4144615.15,4145655.8671040596,4149531.8671040596,0.0,0.0,0.26850286482446956,4916.717104059644,3876.0
19017.0,4100528.25,4149300.5972408922,4150036.1831200607,1.0,1.0,66.30408307460424,49507.93312006071,735.5858791684732
19169.0,4140619.6,4140940.7496189717,4150075.0986484955,0.0,0.0,0.03515845715262428,9455.498648495413,9134.349029523786
17930.0,3820832.6,3925345.7951709568,4150160.818198862,1.0,0.0,0.4648852810783197,329328.2181988619,224815.02302790526
18699.0,3990256.4,4148435.879918817,4150346.5954829054,0.0,0.0,82.78546681241998,160090.1954829055,1910.7155640884303
19018.0,4100538.65,4150036.1831200607,4150686.0671585915,1.0,0.0,76.16363871924565,50147.41715859156,649.8840385307558
19188.0,4144173.15,4144224.741865213,4150724.6335560586,2.0,1.0,0.007937342292300626,6551.4835560587235,6499.891690845601
18863.0,4058486.25,4058500.9687978365,4150787.1724268436,0.0,1.0,0.00015949077172599564,92300.92242684355,92286.2036290071
19079.0,4107176.45,4130323.6195379132,4150876.6195379132,0.0,0.0,1.1262185344189681,43700.169537913054,20553.0
19019.0,4100549.7,4150160.818198862,4150878.818198862,0.0,0.0,69.09626490092177,50329.118198861834,718.0
19236.0,4149267.2,4150686.0671585915,4151029.8381902752,0.0,0.0,4.1273610276052874,1762.6381902750582,343.7710316837765
19238.0,4149314.65,4149356.583254091,4151178.325176464,1.0,0.0,0.023018218758696606,1863.6751764640212,1821.741922372952
19024.0,4100601.05,4150686.0671585915,4151226.3616132117,2.0,0.0,92.69948401339245,50625.311613211874,540.2944546202198
19204.0,4146461.15,4147227.98805593,4151786.98805593,0.0,0.0,0.1682031269862032,5325.8380559301,4559.0
18700.0,3990279.15,4150160.818198862,4152009.6122544636,0.0,0.0,86.47889564251004,161730.4622544637,1848.794055601582
19213.0,4147091.65,4148240.3498706715,4152095.3498706715,0.0,0.0,0.2979766201482779,5003.699870671611,3855.0
18986.0,4098501.55,4100145.6982410536,4152164.1188167147,0.0,0.0,0.03160703886928626,53662.56881671492,52018.42057566112
19029.0,4100885.1,4150878.818198862,4152327.818198862,0.0,0.0,34.50222097920078,51442.71819886193,1449.0
19240.0,4149553.85,4149553.85,4153027.083523028,1.0,1.0,0.0,3473.2335230279714,3473.2335230279714
19031.0,4100895.5,4152327.818198862,4153082.818198862,0.0,0.0,68.12227576008215,52187.31819886202,755.0
19176.0,4143464.65,4152164.1188167147,4153663.005216449,0.0,0.0,5.8039547348331,10198.355216449127,1498.8863997342996
19002.0,4100123.3,4101176.5476309224,4153925.387058359,0.0,0.0,0.019967219039415583,53802.08705835929,52748.8394274367
18944.0,4090450.0,4119688.2297876286,4154122.115639258,0.0,0.0,0.8491121191959509,63672.115639258176,34433.885851629544
19032.0,4100900.05,4153082.818198862,4154610.326129286,0.0,1.0,34.16202767888433,53710.27612928627,1527.5079304240644
19033.0,4100903.95,4154122.115639258,4154871.115639258,0.0,0.0,71.05229057310812,53967.16563925799,749.0
19243.0,4151011.8,4154122.1385870134,4154992.6902945857,0.0,1.0,3.572836122149826,3980.8902945858426,870.5517075723037
19094.0,4111424.85,4113608.224312742,4155122.6213393165,0.0,0.0,0.05259318378980751,43697.77133931639,41514.397026574705
19178.0,4143487.4,4153663.005216449,4155157.908012098,0.0,0.0,6.806867473968808,11670.50801209826,1494.9027956491336
19244.0,4151185.35,4151226.3616132117,4155560.5560262734,0.0,0.0,0.009462338165542393,4375.206026273314,4334.194413061719
18991.0,4099082.0,4127915.230465113,4155583.268588699,0.0,1.0,1.0421132982513193,56501.268588698935,27668.03812358575
19065.0,4105496.2,4154871.115639258,4155615.115639258,0.0,0.0,66.36413392373386,50118.91563925799,744.0
19068.0,4105514.4,4155615.115639258,4156348.115639258,0.0,0.0,68.35022597443147,50833.71563925827,733.0
19258.0,4155600.15,4155615.1508994163,4156749.1508994163,0.0,0.0,0.013228306363663608,1149.0008994163945,1134.0
19179.0,4143494.55,4155583.268588699,4157194.6282652146,0.0,0.0,7.502185120356932,13700.078265214805,1611.3596765156835
19249.0,4152334.55,4153925.387058359,4157597.0657064146,1.0,0.0,0.43327241048226706,5262.5157064148225,3671.678648055531
19260.0,4157169.9,4157169.9,4157769.9,0.0,0.0,0.0,600.0,600.0
19261.0,4157169.9,4157169.9,4157769.9,0.0,0.0,0.0,600.0,600.0
19262.0,4157170.55,4157194.6722190734,4157794.6722190734,0.0,0.0,0.04020369845597694,624.1222190735862,600.0
19263.0,4157170.55,4157194.737613018,4157794.737613018,0.0,0.0,0.040312688363871224,624.1876130183227,600.0
19264.0,4157170.55,4157194.821797607,4157794.821797607,0.0,0.0,0.04045299601197864,624.2717976071872,600.0
19265.0,4157171.2,4157194.945138538,4157794.945138538,0.0,0.0,0.03957523089600727,623.7451385376044,600.0
19266.0,4157172.5,4157195.103369126,4157795.103369126,0.0,0.0,0.03767228187682728,622.6033691260964,600.0
19267.0,4157172.5,4157195.283586345,4157795.283586345,0.0,0.0,0.0379726439085789,622.7835863451473,600.0
19268.0,4157172.5,4157195.5098739937,4157795.5098739937,0.0,0.0,0.038349789989491304,623.0098739936948,600.0
19269.0,4157173.15,4157195.773102556,4157795.773102556,0.0,0.0,0.03770517092663795,622.6231025559828,600.0
19270.0,4157173.15,4157196.0802065223,4157796.0802065223,0.0,0.0,0.038217010870575906,622.9302065223455,600.0
19271.0,4157173.15,4157196.419552602,4157796.419552602,0.0,0.0,0.03878258766994501,623.269552601967,600.0
19272.0,4157173.15,4157196.792959553,4157796.792959553,0.0,0.0,0.039404932588804516,623.6429595532827,600.0
19273.0,4157173.15,4157197.204538032,4157797.204538032,0.0,0.0,0.04009089672006667,624.05453803204,600.0
19274.0,4157173.8,4157197.6557323234,4157797.6557323234,0.0,0.0,0.03975955387266974,623.8557323236018,600.0
19275.0,4157173.8,4157198.155890087,4157798.155890087,0.0,0.0,0.04059315014552946,624.3558900873177,600.0
19276.0,4157173.8,4157198.6990299798,4157798.6990299798,0.0,0.0,0.04149838329991326,624.899029979948,600.0
19277.0,4157173.8,4157199.284443773,4157799.284443773,0.0,0.0,0.042474072955083104,625.4844437730499,600.0
19278.0,4157173.8,4157199.912549253,4157799.912549253,0.0,0.0,0.04352091542212293,626.1125492532738,600.0
19279.0,4157174.45,4157200.5601072884,4157800.5601072884,0.0,0.0,0.04351684548038368,626.1101072882302,600.0
19280.0,4157174.45,4157201.234555674,4157801.234555674,0.0,0.0,0.0446409261226654,626.7845556735992,600.0
19281.0,4157174.45,4157201.9537872225,4157801.9537872225,0.0,0.0,0.045839645370530584,627.5037872223184,600.0
19282.0,4157174.45,4157202.7169809225,4157802.7169809225,0.0,0.0,0.04711163487052545,628.2669809223153,600.0
19283.0,4157175.1,4157203.5124698323,4157803.5124698323,0.0,0.0,0.04735411638704439,628.4124698322266,600.0
18596.0,3944175.95,4029183.573943154,4157876.561001045,1.0,1.0,0.6605458920998855,213700.61100104498,128692.98705789121
19239.0,4149390.7,4149502.9959127195,4158679.761946997,0.0,0.0,0.012236981121658445,9289.061946996953,9176.766034277622
19247.0,4151967.95,4151967.95,4159170.035801835,0.0,2.0,0.0,7202.085801834706,7202.085801834706
19028.0,4100808.4,4107450.852188562,4159772.327605317,0.0,0.0,0.1269546039299005,58963.927605316974,52321.47541675484
19100.0,4112589.0,4118392.555003117,4160275.429307077,0.0,0.0,0.1385663018492521,47686.42930707708,41882.87430396024
19083.0,4107956.45,4112599.1072522565,4160736.715700841,0.0,0.0,0.09644553192157608,52780.26570084086,48137.608448584564
19134.0,4123645.5,4141060.560238364,4161149.232792148,1.0,0.0,0.8669094581405771,37503.7327921479,20088.67255378375
19284.0,4157295.35,4157597.1087296503,4161203.6309716483,1.0,0.0,0.08367028106362108,3908.2809716481715,3606.522241997998
19259.0,4156872.85,4157597.0657064146,4161378.0657064146,0.0,0.0,0.19154078455819706,4505.215706414543,3781.0
19166.0,4139776.55,4139833.38962396,4161418.1214670753,0.0,0.0,0.002633325462337414,21641.571467075497,21584.731843115296
19253.0,4154459.4,4154459.4,4162003.2174912426,0.0,0.0,0.0,7543.817491242662,7543.817491242662
19291.0,4160079.3,4160736.715700841,4162044.0552821457,1.0,2.0,0.5028652924170959,1964.7552821459249,1307.3395813046955
19103.0,4114722.95,4138070.9784418303,4162108.9784418303,0.0,0.0,0.9712966320754669,47386.02844183007,24038.0
19140.0,4124884.4,4143741.270964076,4162251.7811086006,1.0,0.0,1.0187115761179393,37367.381108600646,18510.510144524742
19297.0,4161699.1,4161699.1,4162299.1,0.0,0.0,0.0,600.0,600.0
19298.0,4161703.0,4162003.2174912426,4162603.2174912426,0.0,0.0,0.5003624854042815,900.2174912425689,600.0
19299.0,4161703.0,4162003.2174912426,4162603.2174912426,0.0,0.0,0.5003624854042815,900.2174912425689,600.0
19300.0,4161703.0,4162003.2174912426,4162603.2174912426,0.0,0.0,0.5003624854042815,900.2174912425689,600.0
19301.0,4161703.65,4162003.2174912426,4162603.2174912426,0.0,0.0,0.49927915207110346,899.5674912426621,600.0
19302.0,4161703.65,4162003.2174912426,4162603.2174912426,0.0,0.0,0.49927915207110346,899.5674912426621,600.0
19303.0,4161703.65,4162003.2174912426,4162603.2174912426,0.0,0.0,0.49927915207110346,899.5674912426621,600.0
19304.0,4161703.65,4162003.2174912426,4162603.2174912426,0.0,0.0,0.49927915207110346,899.5674912426621,600.0
19305.0,4161704.3,4162003.2174912426,4162603.2174912426,0.0,0.0,0.49819581873792534,898.9174912427552,600.0
19306.0,4161704.3,4162003.2174912426,4162603.2174912426,0.0,0.0,0.49819581873792534,898.9174912427552,600.0
19307.0,4161704.3,4162003.2174912426,4162603.2174912426,0.0,0.0,0.49819581873792534,898.9174912427552,600.0
19308.0,4161704.3,4162003.2174912426,4162603.2174912426,0.0,0.0,0.49819581873792534,898.9174912427552,600.0
19309.0,4161704.95,4162003.2174912426,4162603.2174912426,0.0,0.0,0.4971124854039711,898.2674912423827,600.0
19310.0,4161704.95,4162003.2174912426,4162603.2174912426,0.0,0.0,0.4971124854039711,898.2674912423827,600.0
19311.0,4161704.95,4162003.2174912426,4162603.2174912426,0.0,0.0,0.4971124854039711,898.2674912423827,600.0
19312.0,4161704.95,4162003.2174912426,4162603.2174912426,0.0,0.0,0.4971124854039711,898.2674912423827,600.0
19313.0,4161705.6,4162003.2174912426,4162603.2174912426,0.0,0.0,0.496029152070793,897.6174912424758,600.0
19314.0,4161705.6,4162003.2174912426,4162603.2174912426,0.0,0.0,0.496029152070793,897.6174912424758,600.0
19315.0,4161705.6,4162003.2174912426,4162603.2174912426,0.0,0.0,0.496029152070793,897.6174912424758,600.0
19316.0,4161706.25,4162003.2174912426,4162603.2174912426,0.0,0.0,0.4949458187376149,896.9674912425689,600.0
19317.0,4161706.25,4162003.2174912426,4162603.2174912426,0.0,0.0,0.4949458187376149,896.9674912425689,600.0
19318.0,4161706.25,4162003.250417174,4162603.250417174,0.0,0.0,0.4950006952897335,897.0004171738401,600.0
19319.0,4161706.25,4162003.2888239273,4162603.2888239273,0.0,0.0,0.49506470654547835,897.038823927287,600.0
19320.0,4161706.25,4162003.377061957,4162603.377061957,0.0,0.0,0.4952117699283796,897.1270619570278,600.0
19321.0,4161706.9,4162003.5066411397,4162603.5066411397,0.0,0.0,0.49434440189972517,896.6066411398351,600.0
19322.0,4161706.9,4162003.6756994864,4162603.6756994864,0.0,0.0,0.49462616581081725,896.7756994864903,600.0
19323.0,4161706.9,4162003.871611076,4162603.871611076,0.0,0.0,0.49495268512672436,896.9716110760346,600.0
19324.0,4161706.9,4162004.0814205045,4162604.0814205045,0.0,0.0,0.4953023675076353,897.1814205045812,600.0
19325.0,4161706.9,4162004.322788286,4162604.322788286,0.0,0.0,0.49570464714352663,897.422788286116,600.0
19326.0,4161707.55,4162004.604768516,4162604.604768516,0.0,0.0,0.4950912808603607,897.0547685162164,600.0
19327.0,4161707.55,4162004.908213211,4162604.908213211,0.0,0.0,0.49559702201901623,897.3582132114097,600.0
19328.0,4161707.55,4162005.2327272804,4162605.2327272804,0.0,0.0,0.49613787880089755,897.6827272805385,600.0
19333.0,4162478.45,4162603.2174912426,4162869.2174912426,0.0,0.0,0.46905071895632583,390.7674912423827,266.0
19332.0,4162375.1,4162603.2174912426,4163017.2174912426,0.0,0.0,0.5510084329528401,642.1174912424758,414.0
19334.0,4163489.2,4163489.2,4163556.2,0.0,0.0,0.0,67.0,67.0
19336.0,4163550.3,4163556.2,4163659.2,0.0,0.0,0.05728155340167504,108.90000000037253,103.0
19340.0,4163634.8,4163659.3558796635,4163726.3558796635,0.0,0.0,0.3665056666220302,91.55587966367602,67.0
19339.0,4163621.15,4163659.290330438,4163742.290330438,0.0,0.0,0.45952205347031894,121.14033043803647,83.0
19338.0,4163593.2,4163659.238551211,4163758.238551211,0.0,0.0,0.6670560728372874,165.03855121089146,99.0
19337.0,4163581.5,4163659.2,4163777.2,0.0,0.0,0.658474576272765,195.70000000018626,118.0
19344.0,4163749.85,4163749.85,4163807.85,0.0,0.0,0.0,58.0,58.0
19342.0,4163706.3,4163724.419537913,4163809.419537913,0.0,0.0,0.21317103427341755,103.11953791324049,85.0
19343.0,4163736.2,4163736.2,4163815.2,0.0,0.0,0.0,79.0,79.0
19341.0,4163685.5,4163724.419537913,4163823.419537913,0.0,0.0,0.39312664558640636,137.91953791305423,99.0
19345.0,4163764.15,4163764.15,4163831.15,0.0,0.0,0.0,67.0,67.0
17720.0,3760689.4,3920449.5393634015,4163864.6467820685,0.0,0.0,0.6563279537478283,403175.2467820686,243415.10741866706
19257.0,4155282.3,4155560.5560262734,4164626.2998954915,0.0,0.0,0.0306931268175784,9343.999895491637,9065.743869218044
19329.0,4161769.3,4162108.988760743,4165402.21592846,1.0,0.0,0.10314768567225148,3632.915928460192,3293.227167717181
19124.0,4117837.75,4139475.6844344046,4165564.6844344046,0.0,0.0,0.8293891844993905,47726.9344344046,26089.0
19296.0,4161691.3,4161699.1394027304,4166315.1394027304,0.0,0.0,0.0016983108168493704,4623.839402730577,4616.0
19290.0,4159323.35,4159323.35,4166782.8309857156,0.0,0.0,0.0,7459.48098571552,7459.48098571552
19360.0,4164120.35,4164626.2998954915,4167572.1064955834,2.0,0.0,0.1717525839868647,3451.756495583337,2945.806600091979
19189.0,4144190.7,4157194.6282652146,4168185.8217488476,0.0,0.0,1.1831224957124638,23995.12174884742,10991.19348363299
19287.0,4158230.7,4158679.761946997,4168223.6106028827,0.0,0.0,0.04705250085038004,9992.910602882504,9543.848655885551
19035.0,4101002.1,4109396.0548162865,4168968.8585223197,0.0,0.0,0.14090246377704674,67966.75852231961,59572.803706033155
19091.0,4110752.1,4136655.632462647,4169412.4052168485,0.0,1.0,0.7907840206671186,58660.305216848385,32756.772754201666
19380.0,4167712.25,4168185.8368938183,4169482.8368938183,0.0,0.0,0.3651402419570865,1770.5868938183412,1297.0
19104.0,4115414.55,4118617.9833891285,4170214.5563313584,0.0,0.0,0.06208616593034918,54800.00633135857,51596.57294222992
19129.0,4120496.9,4129839.1234285235,4170505.511004613,0.0,0.0,0.22972838221845437,50008.611004612874,40666.38757608924
19125.0,4118705.5,4129320.1926315855,4170514.9507417516,0.0,0.0,0.25767095423157793,51809.450741751585,41194.75811016606
19385.0,4168563.75,4170214.5563313584,4170566.369866111,0.0,0.0,4.69227635747409,2002.6198661108501,351.8135347524658
18595.0,3944143.45,4027216.3163602822,4171570.3163602822,0.0,0.0,0.5754801831627947,227426.86636028206,144354.0
19192.0,4144203.7,4171570.3163602822,4171756.1964051477,0.0,0.0,147.22729586220845,27552.49640514748,185.88004486542195
19115.0,4116275.15,4120143.6222878257,4171803.1194775454,0.0,0.0,0.0748840483990542,55527.96947754547,51659.497189719696
19147.0,4130170.2,4143935.4047385864,4172976.459202975,1.0,1.0,0.47399121665729055,42806.25920297485,29041.05446438864
19148.0,4130306.7,4149523.6961121494,4173454.6961121494,0.0,0.0,0.8030168447682591,43147.99611214921,23931.0
19388.0,4168882.9,4170214.5708408374,4173824.460205351,1.0,2.0,0.3688951949409589,4941.560205351096,3609.8893645135686
19190.0,4144194.6,4165564.6844344046,4173854.6158770025,0.0,0.0,2.5778360873522,29660.015877002385,8289.931442597881
19371.0,4166485.05,4166485.05,4173916.307519238,0.0,1.0,0.0,7431.257519238163,7431.257519238163
19217.0,4147872.95,4173854.6158770025,4174588.3328986103,0.0,0.0,35.41101693411538,26715.382898610085,733.7170216077939
18430.0,3918642.65,4022257.883699602,4174783.3493227973,0.0,0.0,0.679330715538198,256140.69932279736,152525.46562319528
19193.0,4144208.25,4171756.1964051477,4175026.239907745,0.0,0.0,8.42433636839036,30817.989907744806,3270.0435025971383
19150.0,4132045.45,4134305.075470894,4175047.9981314135,0.0,0.0,0.05546056402781191,43002.54813141329,40742.92266051937
19143.0,4126169.45,4133706.2378578256,4175127.3593141166,0.0,0.0,0.18195518597386287,48957.90931411646,41421.12145629106
19122.0,4117283.95,4122451.509490877,4175230.8212371715,0.0,0.0,0.0979088078244887,57946.87123717135,52779.31174629461
19412.0,4174909.7,4175127.3593141166,4175231.3593141166,0.0,0.0,2.0928780203506063,321.65931411646307,104.0
19398.0,4171285.95,4171570.3163602822,4175354.5467434344,1.0,1.0,0.07514509728268493,4068.596743434202,3784.230383152142
19154.0,4133676.3,4155157.908012098,4175717.908012098,0.0,0.0,1.044825292417235,42041.60801209835,20560.0
19410.0,4174752.4,4175047.9981314135,4176190.0361616774,1.0,1.0,0.2588338773142675,1437.6361616775393,1142.0380302639678
19191.0,4144199.8,4168185.8217488476,4176473.9579834663,0.0,0.0,2.894018760051332,32274.157983466517,8288.136234618723
19415.0,4175066.35,4175231.3593141166,4176803.664139885,2.0,1.0,0.10494740677013496,1737.3141398848966,1572.3048257683404
19073.0,4106285.95,4156348.115639258,4176988.5202099173,2.0,0.0,2.4254449794275152,70702.57020991715,20640.404570659157
19152.0,4132144.9,4150876.6195379132,4177028.206581279,1.0,1.0,0.7162746760589106,44883.30658127926,26151.58704336593
19234.0,4149152.15,4177028.206581279,4177252.206581279,0.0,0.0,124.44668116642528,28100.056581279263,224.0
19077.0,4106344.45,4176988.5202099173,4177764.5202099173,0.0,0.0,91.03617295092415,71420.07020991715,776.0
19361.0,4164651.4,4165402.21592846,4178935.9784571156,0.0,2.0,0.055477250089941046,14284.578457115684,13533.762528655585
19285.0,4157323.3,4157597.0657064146,4179249.3135125027,0.0,0.0,0.01264375453609239,21926.01351250289,21652.247806088068
19161.0,4138470.05,4162108.9784418303,4179754.1735022156,1.0,0.0,1.3396807664031651,41284.123502215836,17645.19506038539
19194.0,4144299.9,4172976.459202975,4180101.7322900617,0.0,0.0,4.024625983100444,35801.83229006175,7125.273087086622
17937.0,3821035.4,3927715.6971635576,4180315.6971635576,0.0,0.0,0.4223289673933402,359280.2971635577,252600.0
19076.0,4106323.65,4121439.011799726,4180947.4489608314,0.0,0.0,0.25400367613091474,74623.79896083148,59508.43716110522
19407.0,4173664.3,4173824.460205351,4181314.1333807306,0.0,0.0,0.021384138079305528,7649.833380730823,7489.673175379634
19421.0,4178445.05,4179754.1735022156,4183011.0987450234,1.0,0.0,0.4019507371582384,4566.048745023552,3256.925242807716
19167.0,4139929.3,4139961.394799384,4183071.5367184277,0.0,1.0,0.0007444837329526688,43142.236718427856,43110.14191904385
19155.0,4134410.8,4161149.232792148,4183224.9047084283,2.0,0.0,1.2112171667322604,48814.104708428495,22075.671916280407
18684.0,3985895.55,4036895.8009092417,4183453.4272206225,0.0,0.0,0.3479876973504274,197557.87722062273,146557.62631138088
19418.0,4176060.2,4176190.0361616774,4183650.167874105,0.0,0.0,0.017404003934806418,7589.967874104623,7460.131712427363
19164.0,4139601.05,4141888.9800896724,4183690.9911369076,0.0,0.0,0.05473253636259887,44089.941136907786,41802.011047235224
19419.0,4176578.25,4176803.664139885,4183930.6504468964,0.0,1.0,0.031628254941815974,7352.400446896441,7126.986307011452
19177.0,4143474.4,4183224.9047084283,4183963.9047084283,0.0,0.0,53.78958688555941,40489.5047084284,739.0
19153.0,4133029.55,4154610.326129286,4184762.8621438644,0.0,1.0,0.7157201012496025,51733.312143864576,30152.536014578305
19180.0,4143502.35,4183963.9047084283,4184769.9047084283,0.0,0.0,50.20044008489853,41267.554708428215,806.0
19429.0,4183380.5,4183690.9911369076,4186734.792294687,1.0,1.0,0.10200769393691449,3354.292294687126,3043.801157779526
19227.0,4148660.75,4176988.5202099173,4186736.5410479545,0.0,0.0,2.906002221433641,38075.791047954466,9748.020838037133
19427.0,4180870.2,4183690.9911369076,4187057.9834945467,1.0,0.0,0.8377777070112798,6187.783494546544,3366.99235763913
18775.0,4033788.2,4180315.6971635576,4187273.660265699,0.0,0.0,21.05896438549119,153485.46026569884,6957.963102141395
19158.0,4134753.35,4135168.476884152,4187665.6330069155,0.0,0.0,0.007907607093629018,52912.28300691536,52497.15612276364
19162.0,4139172.05,4140050.1174584967,4187747.9223873154,0.0,0.0,0.01840896996847693,48575.87238731561,47697.80492881872
19430.0,4184149.45,4187665.6330069155,4187979.4577939063,0.0,0.0,11.204287082069895,3830.007793906145,313.82478699088097
19431.0,4184220.95,4187747.9223873154,4188061.7060701274,0.0,0.0,11.24013956273286,3840.756070127245,313.7836828120053
19436.0,4185876.5,4187979.4577939063,4188325.325105774,0.0,0.0,6.080244422490035,2448.8251057742164,345.8673118678853
19438.0,4186017.55,4188061.7060701274,4188395.537825405,0.0,0.0,6.1233122308186925,2377.9878254053183,333.8317552777007
19128.0,4120357.8,4129596.933618909,4188528.453912174,0.0,0.0,0.1567774524215923,68170.65391217405,58931.52029326465
19439.0,4186086.45,4188325.325105774,4188675.096039725,0.0,0.0,6.400975291128824,2588.6460397248156,349.77093395078555
19440.0,4186159.25,4188395.537825405,4188733.306179964,0.0,0.0,6.6207736610668455,2574.0561799639836,337.76835455885157
18011.0,3838498.3,3843356.039438276,4188799.5597700626,0.0,0.0,0.014062326118060001,350301.25977006275,345443.5203317865
17131.0,3540750.2,4056003.889345367,4189857.889345367,0.0,0.0,3.8493708768162835,649107.6893453668,133854.0
19435.0,4185814.1,4186396.5634385543,4190231.582098298,1.0,1.0,0.15188020978055985,4417.482098297682,3835.0186597434804
19074.0,4106291.15,4157876.561001045,4190422.561001045,0.0,0.0,1.5850000307578582,84131.41100104526,32546.0
19212.0,4147004.55,4150160.818198862,4191291.456495533,0.0,0.0,0.0767376420491303,44286.90649553342,41130.63829667121
19200.0,4145253.45,4173824.474136967,4191292.7184612937,2.0,0.0,1.6355979230940014,46039.26846129354,17468.244324326515
18683.0,3985885.8,4036441.929380045,4192123.3232232747,0.0,0.0,0.3247409862668283,206237.52322327485,155681.39384322986
19163.0,4139488.6,4162251.7811086006,4192344.7811086006,0.0,0.0,0.7564277775097351,52856.18110860046,30093.0
19220.0,4148197.3,4175026.239907745,4192555.2558898483,0.0,0.0,1.5305445516814138,44357.95588984853,17529.015982103534
18778.0,4034181.45,4187273.660265699,4193009.1878975458,0.0,0.0,26.691913995087194,158827.73789754556,5735.527631846722
19445.0,4188224.3,4190231.582098298,4193999.1745180013,1.0,1.0,0.5327758087102038,5774.874518001452,3767.592419703491
18781.0,4036010.55,4193009.1878975458,4194264.25629815,0.0,0.0,125.09169844605078,158253.70629815012,1255.0684006041847
19248.0,4152045.3,4153027.083523028,4194383.834212194,0.0,0.0,0.023739377650997134,42338.53421219438,41356.75068916613
19226.0,4148612.65,4176473.9579834663,4194513.592199222,0.0,0.0,1.5444497183392056,45900.94219922228,18039.634215755854
19218.0,4148164.8,4174588.3328986103,4195190.3032933,0.0,0.0,1.2825730933688482,47025.50329330005,20601.97039468959
19223.0,4148440.4,4175717.908012098,4195692.893651022,0.0,0.0,1.3655833603677294,47252.49365102174,19974.985638923477
19450.0,4193099.95,4193999.1745180013,4197221.300655058,1.0,0.0,0.2790779999763066,4121.3506550574675,3222.126137056388
19201.0,4145831.3,4149502.9959127195,4197308.684441638,0.0,0.0,0.07680458174969321,51477.384441638365,47805.68852891866
19458.0,4198872.6000000015,4198885.87988409,4198932.029531444,1.0,0.0,0.287757000327127,59.429531442932785,46.14964735414833
19448.0,4190656.6,4192123.3232232747,4199127.977566457,0.0,2.0,0.2093926625661506,8471.37756645726,7004.654343182687
19457.0,4198571.65,4198885.87988409,4199231.87988409,0.0,0.0,0.908178855751162,660.229884089902,346.0
19465.0,4199671.45,4199671.45,4199749.45,0.0,0.0,0.0,78.0,78.0
19469.0,4199786.5,4199786.5,4199868.5,0.0,0.0,0.0,82.0,82.0
19471.0,4199912.6000000015,4199912.6000000015,4200001.6000000015,0.0,0.0,0.0,89.0,89.0
19470.0,4199819.65,4199912.617433019,4200005.617433019,0.0,0.0,0.9996498174044073,185.96743301860988,93.0
19219.0,4148184.95,4190422.561001045,4200335.561001046,0.0,0.0,4.260830323922424,52150.61100104544,9913.000000000466
19352.0,4163898.7,4195692.893651022,4200343.998964545,0.0,0.0,6.8358361094460385,36445.29896454513,4651.1053135236725
18819.0,4045602.6,4045906.2632380594,4200363.943450947,0.0,0.0,0.001965996366388041,154761.3434509472,154457.68021288794
19464.0,4199457.6000000015,4200363.943450947,4200431.943450947,0.0,0.0,13.328580160967677,974.343450945802,68.0
19364.0,4164811.3,4200363.943450947,4200549.817570677,0.0,0.0,191.27269306045295,35738.51757067721,185.87411972973496
19476.0,4200528.15,4200528.15,4200736.064155507,0.0,0.0,0.0,207.9141555065289,207.9141555065289
19370.0,4166410.95,4200549.817570677,4200758.5520021515,0.0,1.0,163.55168301427253,34347.60200215131,208.7344314744696
19472.0,4199936.65,4200736.069306794,4200803.785272114,1.0,0.0,11.80547752677367,867.1352721136063,67.71596532035619
19480.0,4200713.4,4200758.5520021515,4200852.5520021515,0.0,0.0,0.48034044841621465,139.15200215112418,94.0
19242.0,4149956.2,4179754.1735022156,4200860.451595902,2.0,1.0,1.4118061635475412,50904.25159590226,21106.278093686793
19288.0,4158625.25,4159772.327605317,4200861.442218782,0.0,0.0,0.02791682459229645,42236.19221878238,41089.1146134655
19479.0,4200610.7,4200736.064155507,4200881.95670307,0.0,0.0,0.8592910165806915,271.25670306943357,145.8925475627184
19481.0,4200838.2,4200838.2,4200925.2,0.0,0.0,0.0,87.0,87.0
19372.0,4166521.45,4200860.451595902,4201033.416292962,1.0,0.0,198.53185175782116,34511.9662929615,172.96469705924392
19374.0,4166646.9,4201033.416292962,4201170.967472104,1.0,0.0,249.99070533082013,34524.06747210445,137.55117914266884
19455.0,4198477.4,4200861.442218782,4201235.207167683,0.0,0.0,6.37845315831052,2757.8071676827967,373.764948900789
19375.0,4166774.95,4201170.967472104,4201349.938805013,1.0,1.0,192.18730124599645,34574.98880501278,178.97133290860802
19376.0,4166884.15,4201349.938805013,4201491.678232381,2.0,0.0,243.1630312396492,34607.52823238121,141.7394273681566
17932.0,3820859.25,3926194.675193837,4201603.767211682,0.0,1.0,0.3824689461850143,380744.51721168216,275409.09201784525
19486.0,4201578.55,4201603.797401726,4201702.797401726,0.0,0.0,0.25502425986295096,124.24740172643214,99.0
19487.0,4201656.55,4201702.797401726,4201762.797401726,0.0,0.0,0.770790028773869,106.24740172643214,60.0
19488.0,4201674.75,4201762.797401726,4201950.6826802315,0.0,0.0,0.4686232068138045,275.93268023151904,187.88527850527316
18945.0,4090798.4,4201603.767211682,4202019.767211682,0.0,0.0,266.3590557973131,111221.36721168226,416.0
19490.0,4201741.7,4201762.8050446985,4202197.8050446985,0.0,0.0,0.04851734413412111,456.1050446983427,435.0
19292.0,4160380.25,4161378.0657064146,4202292.41379407,0.0,0.0,0.02438791653912988,41912.16379406955,40914.348087654915
19255.0,4154642.7,4154992.6902945857,4202546.18862648,0.0,0.0,0.007359927384158989,47903.4886264801,47553.49833189463
19075.0,4106295.7,4163864.6467820685,4202550.820356954,0.0,2.0,1.4881013411841146,96255.1203569537,38686.17357488535
19489.0,4201737.15,4202546.18862648,4202706.18862648,0.0,0.0,5.056491415499477,969.0386264799163,160.0
19237.0,4149281.5,4177028.24657778,4202782.246577781,0.0,0.0,1.077376197009386,53500.746577780694,25754.000000000466
19483.0,4200911.65,4200911.65,4202788.986918012,0.0,1.0,0.0,1877.3369180113077,1877.3369180113077
19383.0,4168398.0,4202782.246577781,4203015.498729674,0.0,2.0,147.41234453214054,34617.498729674146,233.2521518934518
19384.0,4168495.5,4203015.498729674,4203148.105006324,2.0,0.0,260.3194931774664,34652.60500632413,132.60627664998174
19202.0,4145869.0,4188799.5597700626,4203300.80314147,0.0,0.0,2.9604744000579926,57431.80314147007,14501.243371407501
19453.0,4195515.3500000015,4196042.918461294,4203824.838913611,0.0,0.0,0.06779412158284517,8309.488913609646,7781.920452317223
19501.0,4203496.7,4203824.838913611,4203879.507035634,1.0,0.0,6.002381305076118,382.80703563336283,54.66812202241272
19504.0,4203664.4,4203824.838913611,4203891.838913611,0.0,0.0,2.394610650906923,227.43891361076385,67.0
19241.0,4149670.2,4177252.206581279,4204050.430673541,1.0,1.0,1.029247553357236,54380.23067354038,26798.2240922614
17550.0,3710357.3,3944964.2621559734,4204164.262155973,0.0,0.0,0.9051194527622436,493806.96215597354,259200.0
19222.0,4148428.7,4191292.7184612937,4204789.135457007,0.0,1.0,3.175955401711974,56360.43545700703,13496.416995713487
19196.0,4144403.25,4184769.9047084283,4205324.904708428,0.0,0.0,1.9638362786878283,60921.65470842831,20555.0
19499.0,4203050.8,4203300.80314147,4206166.53479047,2.0,0.0,0.0872388527926106,3115.734790470451,2865.7316490001976
19454.0,4198019.15,4199127.977566457,4206968.704257273,0.0,0.0,0.1414189794111567,8949.554257272743,7840.726690815762
17928.0,3820818.95,3923806.0052707097,4207136.738636145,0.0,1.0,0.36348705997198844,386317.7886361452,283330.7333654356
18975.0,4093248.25,4207136.738636145,4207711.194305072,0.0,1.0,198.25461701687695,114462.9443050716,574.455668926239
18784.0,4036709.95,4194264.25629815,4207784.2285791,0.0,0.0,11.653448914251445,171074.27857910004,13519.972280950285
19229.0,4148671.15,4203300.80314147,4208145.80314147,0.0,0.0,11.275470204637804,59474.65314147016,4845.0
19228.0,4148665.3,4203148.105006324,4208154.593265009,0.0,1.0,10.882439384894289,59489.2932650093,5006.488258684985
19423.0,4179689.15,4208154.593265009,4208295.970922716,1.0,0.0,201.3432937475392,28606.820922716055,141.37765770684928
19477.0,4200546.3500000015,4200549.817570677,4208370.6544622425,0.0,0.0,0.0004433759102272874,7824.304462241009,7820.836891565472
19424.0,4179760.0,4208295.970922716,4208440.180614509,1.0,0.0,197.87831572187872,28680.18061450869,144.20969179272652
19432.0,4184293.1,4208440.180614509,4208599.475744706,1.0,0.0,151.58706097701915,24306.375744705554,159.29513019695878
19524.0,4208754.55,4208754.55,4208888.485173878,0.0,0.0,0.0,133.93517387844622,133.93517387844622
19373.0,4166617.65,4167572.1064955834,4209437.392824731,0.0,0.0,0.02279827941649625,42819.74282473093,41865.286329147406
19525.0,4208844.25,4208888.485173878,4209890.040907491,0.0,0.0,0.04416646262779414,1045.7909074909985,1001.5557336127385
19245.0,4151440.15,4183453.4272206225,4209984.427220622,0.0,0.0,1.2066366597800007,58544.27722062217,26530.999999999534
19513.0,4205575.4,4207711.194305072,4210664.058888442,2.0,0.0,0.7232957166743924,5088.6588884415105,2952.864583370276
19528.0,4209886.8500000015,4210664.058888442,4210740.851643887,1.0,1.0,10.12086210387814,854.0016438858584,76.79275544546545
19346.0,4163867.5,4180101.7322900617,4211340.783563063,0.0,0.0,0.5196775071108669,47473.28356306255,31239.051273000892
19536.0,4211142.0,4211340.876873332,4211506.876873332,0.0,0.0,1.1980534538076855,364.8768733320758,166.0
19537.0,4211280.45,4211506.876873332,4211630.876873332,0.0,0.0,1.826023172031367,350.4268733318895,124.0
18583.0,3940994.2,4064296.692698611,4211662.997410719,0.0,0.0,0.8367075020269517,270668.7974107191,147366.30471210834
19543.0,4211500.15,4211663.020473146,4211741.020473146,0.0,0.0,2.088082989044965,240.87047314550728,78.0
19538.0,4211361.7,4211630.876873332,4211891.21743278,0.0,1.0,1.0339413647358895,529.517432780005,260.3405594481155
19541.0,4211435.8,4211741.020473146,4212010.860458826,0.0,0.0,1.1311165481168157,575.0604588259012,269.8399856798351
19224.0,4148448.85,4200335.561001046,4212023.455643163,0.0,1.0,4.439354784570979,63574.60564316297,11687.894642117433
19542.0,4211472.2,4212010.860458826,4212075.886825503,1.0,0.0,8.283723762393972,603.6868255026639,65.02636667713523
19548.0,4212002.6000000015,4212075.886825503,4212171.571654526,1.0,0.0,0.7659189680314583,168.97165452409536,95.68482902273536
19437.0,4185948.0,4212023.455643163,4212192.455643163,0.0,0.0,154.29263694179326,26244.455643163063,169.0
19546.0,4211648.3500000015,4212023.455643163,4212717.181624806,0.0,0.0,0.540711538976035,1068.8316248040646,693.7259816424921
19347.0,4163874.65,4180947.4489608314,4212767.353789716,0.0,0.0,0.5365446267876196,48892.70378971612,31819.90482888464
19554.0,4212382.2,4212717.181624806,4212903.081667761,0.0,0.0,1.801944848851272,520.8816677611321,185.90004295576364
19251.0,4153166.55,4192123.3232232747,4213063.323223274,0.0,0.0,1.8603998673961661,59896.77322327439,20939.999999999534
19544.0,4211541.75,4213063.368039397,4213232.391902386,0.0,1.0,9.002385890861113,1690.6419023862109,169.02386298961937
19246.0,4151787.9,4186736.5410479545,4213234.541047955,0.0,0.0,1.3189161841631045,61446.641047955025,26498.000000000466
19446.0,4188465.45,4213063.323223274,4213240.323223274,0.0,0.0,138.9710351597402,24774.873223274015,177.0
19399.0,4172377.3,4172696.5236210246,4213331.218397792,0.0,0.0,0.007855937463747369,40953.918397792615,40634.694776767865
19547.0,4211857.0,4213232.391902386,4213348.515548071,1.0,1.0,11.84420187875347,1491.5155480708927,116.12364568468183
19549.0,4212010.4,4213331.218397792,4213454.274806775,1.0,1.0,10.733438499554197,1443.8748067747802,123.05640898272395
19545.0,4211644.45,4213348.515548071,4213468.45971534,0.0,0.0,14.207156436739325,1824.0097153401002,119.9441672693938
19553.0,4212202.15,4213468.45971534,4213561.45971534,0.0,0.0,13.616233498278644,1359.309715339914,93.0
19555.0,4212496.6000000015,4213561.45971534,4213717.45971534,0.0,0.0,6.826023816274335,1220.8597153387964,156.0
19530.0,4209946.65,4210664.058888442,4214496.116348436,0.0,0.0,0.18721245595377703,4549.46634843573,3832.0574599942192
19564.0,4213724.45,4214496.116348436,4214532.326257578,1.0,0.0,21.310916451346845,807.876257577911,36.20990914199501
18786.0,4037559.5,4202019.767211682,4214578.877070816,0.0,0.0,13.094898369096791,177019.37707081623,12559.10985913407
19195.0,4144331.75,4173454.6961121494,4215623.431605012,0.0,0.0,0.6906288692739809,71291.68160501216,42168.73549286276
19335.0,4163533.4,4205324.904708428,4215730.904708428,0.0,0.0,4.016096935270844,52197.5047084284,10406.0
19583.0,4215537.3,4215616.012472684,4215801.012472684,0.0,0.0,0.4254728253175681,263.7124726837501,185.0
19560.0,4213243.45,4215615.981669001,4215957.787096664,0.0,0.0,6.941176110696742,2714.3370966641232,341.80542766302824
19517.0,4208086.3500000015,4208145.82649481,4215958.509530282,0.0,1.0,0.007612812978415174,7872.159530280158,7812.683035471477
19587.0,4215979.3,4215979.3,4216046.3,0.0,0.0,0.0,67.0,67.0
19561.0,4213313.0,4215801.012472684,4216052.842378857,0.0,0.0,9.879733946189345,2739.8423788566142,251.8299061730504
19569.0,4214094.3,4215957.787096664,4216149.702007288,0.0,0.0,9.709965164287565,2055.4020072882995,191.91491062380373
19573.0,4214166.45,4216052.842378857,4216256.760795566,0.0,0.0,9.250720995654234,2090.310795566067,203.91841670963913
19576.0,4214276.95,4216149.702007288,4216379.58800091,0.0,0.0,8.146438057315043,2102.6380009101704,229.8859936222434
19589.0,4216115.15,4216256.760795566,4216504.614574515,0.0,0.0,0.5713481398845864,389.4645745148882,247.8537789490074
19590.0,4216267.25,4216379.58800091,4216565.469322726,0.0,0.0,0.6043533573625774,298.2193227261305,185.88132181577384
19558.0,4213126.45,4213717.45971534,4217190.109700583,2.0,1.0,0.17018983135405344,4063.6597005827352,3472.649985242635
19593.0,4216435.6000000015,4216504.614574515,4217328.19981114,0.0,0.0,0.08379773148509015,892.5998111385852,823.5852366248146
19584.0,4215646.5,4217190.126267616,4217578.730332375,0.0,1.0,3.9722339718024884,1932.2303323745728,388.604064758867
19600.0,4217461.95,4217461.95,4217675.27586575,1.0,1.0,0.0,213.32586575020105,213.32586575020105
19557.0,4212780.0,4217190.109700583,4217933.572885008,0.0,0.0,5.931846785386765,5153.5728850075975,743.463184424676
19532.0,4210596.65,4210740.851643887,4218014.457699147,0.0,1.0,0.019825330488265937,7417.8076991466805,7273.606055259705
19604.0,4217823.3500000015,4217823.3500000015,4218316.846795688,1.0,2.0,0.0,493.49679568689317,493.49679568689317
19294.0,4161364.35,4192344.7811086006,4218411.180482961,0.0,1.0,1.1885197745828022,57046.830482961144,26066.399374360684
19482.0,4200854.45,4200854.45,4218717.109056278,0.0,2.0,0.0,17862.659056277946,17862.659056277946
18882.0,4065764.3,4065764.3,4218951.607426937,0.0,0.0,0.0,153187.30742693692,153187.30742693692
19586.0,4215870.1000000015,4218951.607426937,4219091.607426937,0.0,0.0,22.01076733525177,3221.507426935248,140.0
19588.0,4216040.4,4219091.607426937,4219170.217646284,1.0,0.0,38.814386377125984,3129.8176462836564,78.6102193472907
19591.0,4216336.8,4219170.217646284,4219274.217646284,0.0,0.0,27.24440044504053,2937.417646284215,104.0
19592.0,4216382.95,4219274.217646284,4219383.217646284,0.0,0.0,26.525391250310484,3000.2676462838426,109.0
19596.0,4216668.3,4219383.217646284,4219476.217646284,0.0,0.0,29.19266286327113,2807.917646284215,93.0
19289.0,4159018.5,4160275.429307077,4219835.239428472,0.0,0.0,0.021103648660316564,60816.739428471774,59559.810121394694
19574.0,4214208.05,4219835.239428472,4219908.239428472,0.0,0.0,77.08478669139672,5700.18942847196,73.0
19559.0,4213171.95,4217933.572885008,4220026.45660224,0.0,0.0,2.275149281253022,6854.506602239795,2092.883717232384
19577.0,4214346.5,4219908.239428472,4220043.239428472,0.0,0.0,41.19806984053166,5696.739428471774,135.0
19606.0,4218329.7,4219170.217646284,4220397.5630352,0.0,0.0,0.684825684664016,2067.8630352001637,1227.345388916321
18787.0,4037565.35,4207784.2285791,4220614.222400611,0.0,0.0,13.267261149705893,183048.87240061117,12829.993821511045
18074.0,3866331.3,4204164.262155973,4220754.094925888,0.0,1.0,20.363855792966746,354422.79492588807,16589.83276991453
19614.0,4220664.5,4220754.094925888,4220843.094925888,0.0,0.0,1.006684560538008,178.5949258878827,89.0
19252.0,4154171.45,4220754.094925888,4221001.949073727,0.0,0.0,268.63639566379766,66830.49907372706,247.85414783935994
19618.0,4220873.8,4220873.8,4221002.8,0.0,0.0,0.0,129.0,129.0
19619.0,4220966.75,4221002.8,4221048.096653284,1.0,0.0,0.7958645371431583,81.34665328357369,45.29665328375995
19611.0,4219549.1000000015,4220397.5630352,4221671.060685742,0.0,0.0,0.6662462508966368,2121.960685740225,1273.4976505413651
19378.0,4167000.5,4168968.8585223197,4221716.371892688,0.0,0.0,0.03731661260501164,54715.871892687865,52747.513370368164
19622.0,4221646.65,4221671.060685742,4221811.060685742,0.0,0.0,0.17436204100959002,164.4106857413426,140.0
19585.0,4215657.55,4218316.846795688,4222266.846795688,0.0,0.0,0.6732396951110302,6609.29679568857,3950.0
19605.0,4218182.15,4219476.217646284,4222660.889759607,2.0,0.0,0.40634250567588925,4478.739759606309,3184.672113322653
19351.0,4163893.5,4208145.80314147,4223371.80314147,0.0,0.0,2.9063643203382417,59478.30314147007,15226.0
19386.0,4168633.95,4170505.511004613,4223660.440403285,0.0,0.0,0.03520954737001927,55026.49040328525,53154.929398672655
19389.0,4169031.1,4170514.9507417516,4223805.175285644,0.0,0.0,0.027844708001358173,54774.075285643805,53290.22454389231
19610.0,4219228.0,4222660.960004531,4223904.291474833,1.0,0.0,2.761097974698694,4676.291474833153,1243.3314703023061
19348.0,4163879.2,4192555.2558898483,4223917.354800296,0.0,0.0,0.9143538502231839,60038.15480029583,31362.098910447676
19390.0,4169255.35,4170566.369866111,4224437.120698362,0.0,0.0,0.024336394905524292,55181.770698361564,53870.75083225081
18788.0,4037573.8,4211662.997410719,4224553.462757404,0.0,0.0,13.505268640708442,186979.66275740415,12890.46534668468
19595.0,4216531.15,4224437.120698362,4225156.691419318,0.0,0.0,10.987065576890608,8625.541419317946,719.5707209566608
19426.0,4180211.75,4183453.4272206225,4225326.473373727,0.0,0.0,0.07741679955094957,45114.72337372694,41873.0461531044
19570.0,4214117.05,4220026.45660224,4225329.677863735,0.0,0.0,1.114305119634875,11212.62786373496,5303.221261494793
19623.0,4221903.4,4223917.369154763,4225755.474674504,0.0,1.0,1.0956765719559933,3852.0746745038778,1838.1055197408423
19349.0,4163884.4,4194513.592199222,4226018.035035679,0.0,0.0,0.9722181838993891,62133.63503567921,31504.442836456932
19428.0,4181492.9,4184762.8621438644,4226414.903945023,0.0,0.0,0.07850664703245133,44922.00394502329,41652.041801158804
19625.0,4223220.3,4223660.440403285,4226568.183571636,2.0,0.0,0.15136839046735123,3347.8835716359317,2907.743168350309
19382.0,4167950.15,4202550.820356954,4226575.333940654,0.0,2.0,1.4402235548456381,58625.183940654155,24024.513583700173
19408.0,4173695.5,4204789.141669001,4226696.765746026,0.0,1.0,1.4193068842006555,53001.2657460263,21907.62407702487
19350.0,4163888.95,4195190.3032933,4227012.8720267555,0.0,0.0,0.9836212015277077,63123.92202675529,31822.568733455613
19171.0,4140880.9,4140880.9,4227225.962048285,0.0,0.0,0.0,86345.0620482848,86345.0620482848
18789.0,4037756.45,4214578.877070816,4227333.893342933,0.0,0.0,13.862971500660871,189577.4433429325,12755.016272116452
19615.0,4220697.0,4220754.094925888,4227532.264828368,0.0,3.0,0.008423354195797164,6835.26482836809,6778.169902480207
19563.0,4213551.55,4213561.480874858,4227894.480874858,0.0,0.0,0.000692867847488421,14342.930874858052,14333.0
19633.0,4227605.2,4227894.480874858,4228252.315922353,0.0,0.0,0.8084196248587845,647.1159223532304,357.8350474955514
19353.0,4163903.9,4212356.512155973,4228373.512155973,0.0,0.0,3.025074118497437,64469.612155973446,16017.0
19356.0,4163916.9,4228373.512155973,4228509.306873461,1.0,0.0,474.6621470141265,64592.406873461325,135.7947174878791
19420.0,4176853.2,4180315.6971635576,4228684.020594182,0.0,0.0,0.07158604884297354,51830.82059418224,48368.32343062479
19358.0,4164027.4,4197308.684441638,4229076.386350241,0.0,0.0,1.0476453266084704,65048.98635024065,31767.70190860238
19492.0,4201963.3500000015,4229076.386350241,4229266.301707787,0.0,0.0,142.7637906720955,27302.95170778595,189.91535754688084
19494.0,4202003.65,4229266.301707787,4229452.175455243,0.0,0.0,146.6729545239151,27448.525455242954,185.8737474558875
19496.0,4202138.2,4229452.175455243,4229700.013670484,0.0,0.0,110.20889344592173,27561.813670483418,247.83821524027735
19580.0,4214626.65,4222660.889759607,4229857.0537268575,0.0,0.0,1.1164614642147508,15230.403726857156,7196.163967250846
19444.0,4186927.55,4188733.306179964,4229954.187496413,0.0,0.0,0.043806830962723996,43026.63749641273,41220.88131644856
19354.0,4163908.45,4215730.904708428,4230130.087366884,1.0,0.0,3.5989858547976326,66221.63736688346,14399.182658455335
19636.0,4228458.65,4228509.306873461,4230142.306873461,0.0,0.0,0.031020743086870216,1683.656873460859,1633.0
19434.0,4185550.85,4209984.427220622,4230532.427220622,0.0,0.0,1.1890975871433709,44981.577220621984,20548.0
19508.0,4204577.65,4230532.427220622,4230652.359233292,0.0,0.0,216.41242102801706,26074.709233291447,119.93201266974211
19510.0,4205055.4,4230652.359233292,4230772.274389849,0.0,0.0,213.45891518789225,25716.874389848672,119.91515655722469
19511.0,4205150.3,4230772.274389849,4230892.201291928,0.0,0.0,213.64659593196316,25741.901291928254,119.92690207902342
19514.0,4205638.45,4230892.201291928,4231012.156125515,0.0,0.0,210.52716707472334,25373.70612551458,119.95483358670026
19582.0,4215306.55,4223917.354800296,4231114.488857077,0.0,0.0,1.1964213438796194,15807.938857077621,7197.134056781419
19535.0,4210940.5,4231012.156125515,4231132.096990224,0.0,0.0,167.3462682979489,20191.596990223974,119.94086470920593
18798.0,4041475.1,4220754.094925888,4231677.79317474,0.0,0.0,16.4119321901562,190202.69317473983,10923.698248852044
19635.0,4228244.8,4228252.315922353,4231753.787898972,2.0,1.0,0.002146503642979835,3508.9878989718854,3501.4719766182825
19359.0,4164046.9,4200343.998964545,4232045.106363857,0.0,0.0,1.144978896394431,67998.20636385726,31701.107399311848
18868.0,4059218.15,4059272.557236737,4232078.471038623,0.0,1.0,0.0003148459189861674,172860.32103862287,172805.91380188568
19550.0,4212059.15,4232078.471038623,4232138.471038623,0.0,0.0,333.6553506437068,20079.32103862241,60.0
19568.0,4213864.2,4232138.471038623,4232510.492468793,0.0,1.0,49.12155471867279,18646.29246879276,372.0214301701635
18791.0,4037777.9,4220614.222400611,4232943.552154803,0.0,0.0,14.829380513442326,195165.6521548028,12329.32975419145
19628.0,4225720.2,4225724.398104706,4233556.030862117,0.0,0.0,0.0005360446327987899,7835.830862117,7831.632757411338
19643.0,4234140.95,4234960.017330545,4235374.883695681,2.0,0.0,1.9742919633338003,1233.9336956804618,414.86636513564736
19639.0,4234066.2,4234960.017330545,4235414.71247651,2.0,1.0,1.9657507639511018,1348.512476509437,454.6951459646225
19641.0,4234099.3500000015,4234960.017330545,4235421.639858937,2.0,0.0,1.864439618104719,1322.2898589354008,461.6225283918902
19391.0,4169287.2,4204050.430673541,4236021.957074034,0.0,1.0,1.087318454492177,66734.75707403384,31971.526400493458
19648.0,4235556.0,4236021.957074034,4236431.740996957,0.0,0.0,1.1370799291259974,875.7409969568253,409.7839229227975
19433.0,4184365.9,4208599.475744706,4236952.646104614,0.0,1.0,0.8547042689438367,52586.74610461434,28353.170359908603
19459.0,4198876.5,4213240.323223274,4237357.655537979,0.0,1.0,0.5955809305872712,38481.155537978746,24117.332314704545
19637.0,4230739.5,4230772.312186539,4237601.813499088,0.0,2.0,0.004804477667920006,6862.313499088399,6829.501312549226
18973.0,4092637.9,4151226.3616132117,4237626.361613212,0.0,0.0,0.6781071945973549,144988.46161321225,86400.00000000047
19355.0,4163913.0,4223371.80314147,4237709.902044002,1.0,0.0,4.14690982016943,73796.90204400197,14338.0989025319
19365.0,4164949.75,4237626.361613212,4237719.361613212,0.0,0.0,781.4689420775501,72769.61161321215,93.0
17547.0,3710277.35,3719820.5380370454,4237931.790027693,0.0,0.0,0.018419186999663086,527654.4400276928,518111.2519906475
17439.0,3697593.25,3732037.725670579,4238184.928692555,41.0,41.0,0.06805228886957489,540591.678692555,506147.20302197617
19655.0,4237064.0,4237064.0,4238475.198388205,1.0,1.0,0.0,1411.1983882049099,1411.1983882049099
19443.0,4186780.0,4212192.455643163,4238558.562315475,1.0,1.0,0.9638304190678812,51778.562315475196,26366.106672312133
19462.0,4198929.8,4207347.988636145,4239454.0134068085,0.0,0.0,0.2621996555561645,40524.213406808674,32106.02477066312
19425.0,4179828.25,4183011.0987450234,4240489.203421502,0.0,0.0,0.05537497735769705,60660.953421502374,57478.10467647901
19441.0,4186228.15,4188528.453912174,4240716.061456524,0.0,0.0,0.044077588922219066,54487.91145652393,52187.60754434997
19256.0,4154803.25,4221001.949073727,4240936.7773469305,0.0,0.0,3.3207559235768684,86133.52734693047,19934.828273203224
19638.0,4233219.25,4233556.030862117,4241336.176486733,0.0,0.0,0.04328721830753657,8116.9264867333695,7780.145624616183
19442.0,4186361.4,4188675.096039725,4241815.123910275,0.0,0.0,0.04353960907512666,55453.72391027538,53140.027870550286
19551.0,4212093.6000000015,4212171.571654526,4241832.120331403,0.0,1.0,0.002628800140331873,29738.520331401378,29660.548676877283
19456.0,4198547.6000000015,4213234.541047955,4241912.541047955,0.0,0.0,0.5121326817753484,43364.94104795344,28678.0
18974.0,4092784.8,4155582.003894477,4241982.003894477,0.0,0.0,0.7268194895194137,149197.20389447734,86400.0
19474.0,4200281.15,4201235.207167683,4242141.774778178,0.0,0.0,0.023322835999518777,41860.62477817759,40906.56761049479
19357.0,4163922.1,4228509.306873461,4242399.667185351,1.0,0.0,4.649786285109903,78477.56718535116,13890.360311890021
19451.0,4193793.5,4200758.5520021515,4242408.541941989,0.0,0.0,0.16722817969973885,48615.04194198921,41649.98993983772
19452.0,4195006.4,4200860.451595902,4242715.461377869,0.0,0.0,0.13986501559543937,47709.06137786899,41855.00978196692
19463.0,4198957.75,4211340.783563063,4242809.854918284,0.0,0.0,0.3934985377637393,43852.10491828434,31469.071355221793
19449.0,4192533.8,4194383.834212194,4243147.471305098,0.0,0.0,0.03793880691609834,50613.67130509857,48763.63709290419
19657.0,4238163.8,4238475.198388205,4243174.36684675,0.0,2.0,0.06626670036458693,5010.566846749745,4699.168458544649
19651.0,4235721.1000000015,4235721.1000000015,4243355.441189204,0.0,0.0,0.0,7634.341189202853,7634.341189202853
18075.0,3866378.1,4238184.928692555,4243409.928692555,0.0,0.0,71.15920166364688,377031.82869255496,5225.0
19660.0,4238975.65,4239454.055450415,4243926.459903404,1.0,0.0,0.10696828863390274,4950.809903403744,4472.404452988878
19664.0,4240614.95,4240936.7773469305,4244106.409344522,1.0,0.0,0.10153460943566772,3491.459344522096,3169.631997591816
19515.0,4207310.25,4226568.183571636,4244839.514892122,1.0,0.0,1.0539972831669646,37529.26489212178,18271.33132048603
19512.0,4205449.95,4206166.53479047,4245697.807513044,1.0,1.0,0.01812703566361221,40247.85751304403,39531.27272257395
19556.0,4212612.95,4242809.854918284,4246557.250377469,0.0,0.0,8.05810468822422,33944.30037746858,3747.395459184423
19460.0,4198890.15,4231132.096990224,4246885.096990224,0.0,0.0,2.0467178943835207,47994.9469902236,15753.0
19497.0,4202278.6000000015,4229700.013670484,4246911.921380832,0.0,0.0,1.593165274410322,44633.32138083037,17211.907710348256
19521.0,4208568.65,4229954.187496413,4246993.737480979,2.0,0.0,1.2550529512681714,38425.08748097904,17039.549984566867
19630.0,4227388.1000000015,4246911.921380832,4247066.105482555,1.0,0.0,126.62668305380102,19678.005482553504,154.18410172313452
19518.0,4208090.9,4215623.431605012,4247119.528232955,0.0,0.0,0.23915762305380248,39028.628232955,31496.096627943218
18823.0,4045834.65,4231677.79317474,4247238.048318209,0.0,0.0,11.943450892110874,201403.39831820922,15560.2551434692
19631.0,4227460.9,4247066.105482555,4247239.613148345,1.0,1.0,112.99331008417046,19778.713148344308,173.50766578968614
19632.0,4227530.45,4247170.593894477,4247368.853796899,1.0,2.0,99.06261253292183,19838.403796899132,198.25990242231637
19666.0,4245545.2,4245695.292844906,4249097.658463612,1.0,0.0,0.044114260995665115,3552.4584636120126,3402.3656187057495
19581.0,4214768.3500000015,4245695.292844906,4250208.101739144,0.0,0.0,6.853147024328062,35439.75173914246,4512.808894237503
18824.0,4045841.8,4232943.552154803,4250234.957807102,0.0,0.0,10.820505626731444,204393.15780710243,17291.405652299523
19500.0,4203152.2,4223904.291474833,4250356.291474833,0.0,0.0,0.7845188067001726,47204.09147483297,26452.0
19665.0,4243085.6000000015,4243147.471305098,4250526.717040554,0.0,2.0,0.008384502605682232,7441.117040552199,7379.245735455304
19396.0,4170234.25,4204789.135457007,4250594.291124523,0.0,1.0,0.7543885607076579,80360.04112452269,45805.15566751547
18938.0,4088495.45,4250234.957807102,4250870.716383243,0.0,0.0,254.40397326436928,162375.2663832428,635.758576140739
19467.0,4199759.2,4237719.361613212,4251286.942590975,1.0,0.0,2.7978577519034373,51527.742590975016,13567.58097776305
18704.0,3990879.75,4163864.6467820685,4251334.215782119,0.0,0.0,1.977658044501955,260454.46578211896,87469.56900005043
19461.0,4198909.0,4237709.902044002,4251347.970375385,1.0,0.0,2.8450438215443956,52438.970375385135,13638.068331383169
19038.0,4101486.35,4251334.215782119,4251480.919333183,0.0,2.0,1021.4331193421248,149994.5693331831,146.7035510642454
19495.0,4202084.9,4251480.919333183,4251595.919333183,0.0,0.0,429.53060289724203,49511.019333182834,115.0
19447.0,4188536.95,4191291.456495533,4251600.577293969,0.0,0.0,0.04567313300320073,63063.62729396857,60309.12079843553
19505.0,4204092.1000000015,4226018.035035679,4251681.127232736,1.0,0.0,0.8543761939253827,47589.02723273449,25663.09219705686
19667.0,4246285.55,4251681.169923106,4251892.846215103,0.0,1.0,25.48995861658766,5607.296215103008,211.67629199661314
19503.0,4203602.0,4225326.473373727,4251944.473373727,0.0,0.0,0.8161572384749771,48342.47337372694,26618.0
19519.0,4208110.4,4227333.940671042,4253193.157423885,1.0,0.0,0.7433922247056369,45082.757423884235,25859.216752843
19552.0,4212198.9,4213454.274806775,4254415.220331781,0.0,0.0,0.030648091509714065,42216.32033178024,40960.94552500546
19485.0,4201302.3,4202292.41379407,4255010.628984401,0.0,0.0,0.018781246491275837,53708.32898440119,52718.21519033145
19680.0,4254611.4,4255010.628984401,4255346.456141764,0.0,0.0,1.1887930313174369,735.0561417639256,335.82715736329556
19036.0,4101163.95,4250870.716383243,4255566.716383243,0.0,0.0,31.879635090128364,154402.7663832428,4696.0
19473.0,4199950.3,4241912.541047955,4255645.425726957,1.0,0.0,3.0556028124314922,55695.125726956874,13732.884679001756
18703.0,3990862.85,4152009.6122544636,4255771.247893301,0.0,0.0,1.5530476294279563,264908.39789330075,103761.63563883724
19676.0,4252803.75,4253193.157423885,4256300.018863386,1.0,0.0,0.12533787922874332,3496.268863385543,3106.8614395009354
19685.0,4255838.6000000015,4256300.018863386,4256368.018863386,0.0,0.0,6.785571520353722,529.4188633840531,68.0
19686.0,4255955.6000000015,4256300.018863386,4256430.018863386,0.0,0.0,2.649375872185024,474.4188633840531,130.0
19468.0,4199764.4,4240936.7773469305,4256530.7773469305,0.0,0.0,2.6402704467699176,56766.377346930094,15594.0
19669.0,4247945.65,4249097.658463612,4256575.4621381685,0.0,1.0,0.1540570619059719,8629.812138168141,7477.803674556315
19687.0,4256467.15,4256467.15,4256596.15,0.0,0.0,0.0,129.0,129.0
18800.0,4041610.3,4224553.462757404,4256878.210437354,0.0,0.0,5.659538770998029,215267.9104373539,32324.747679949738
19688.0,4256660.8500000015,4256660.8500000015,4257260.8500000015,0.0,0.0,0.0,600.0,600.0
19520.0,4208371.7,4209437.392824731,4257333.100892038,0.0,0.0,0.02225027810911668,48961.4008920379,47895.70806730725
19689.0,4256718.05,4257260.8500000015,4257380.8500000015,0.0,0.0,4.523333333347304,662.8000000016764,120.0
19691.0,4256807.75,4257260.8500000015,4257390.8500000015,0.0,0.0,3.485384615396078,583.1000000014901,130.0
19692.0,4257423.95,4257423.95,4257734.95,0.0,0.0,0.0,311.0,311.0
19695.0,4257700.8500000015,4257734.95,4257801.95,0.0,0.0,0.5089552238611366,101.09999999869615,67.0
19562.0,4213550.25,4217675.27586575,4257942.536464291,0.0,0.0,0.10244118433772771,44392.28646429069,40267.260598540306
19672.0,4250392.25,4250526.717040554,4258079.1502144495,0.0,0.0,0.017804466118079683,7686.9002144495025,7552.4331738958135
19624.0,4222138.05,4241982.003894477,4258649.129850162,2.0,0.0,1.1906044237764162,36511.07985016238,16667.125955685042
19674.0,4252722.5,4258649.129850162,4258800.129850162,0.0,0.0,39.24920430570989,6077.629850162193,151.0
19475.0,4200313.65,4241982.003894477,4259277.754234966,0.0,1.0,2.4091671696331463,58964.10423496552,17295.75034048874
19698.0,4258911.15,4259277.754234966,4259355.754234966,0.0,0.0,4.7000542944297194,444.6042349655181,78.0
19683.0,4255179.5,4256300.018863386,4259357.330677697,2.0,0.0,0.3665046064782038,4177.830677697435,3057.311814311892
18805.0,4041859.25,4227333.893342933,4259417.534831363,0.0,0.0,5.780972319174493,217558.28483136278,32083.64148843009
19704.0,4259349.9,4259357.330677697,4259444.578160338,1.0,0.0,0.08516781770845987,94.67816033773124,87.24748264066875
19700.0,4259179.6000000015,4259277.754234966,4259507.654803841,0.0,0.0,0.42694211434318624,328.0548038398847,229.90056887548417
19286.0,4157936.25,4259417.534831363,4259536.534831363,0.0,0.0,852.7839061459057,101600.28483136278,119.0
19705.0,4259399.95,4259417.534831363,4260009.176105853,0.0,0.0,0.029722117304504782,609.2261058529839,591.6412744903937
19708.0,4259801.0,4260009.176105853,4260069.176105853,0.0,0.0,3.4696017642195027,268.17610585317016,60.0
19498.0,4202459.3,4251595.919333183,4260097.919333183,0.0,0.0,5.77941888181409,57638.61933318339,8502.0
19712.0,4260066.2,4260069.176105853,4260160.176105853,0.0,0.0,0.032704459922899914,93.97610585298389,91.0
19539.0,4211363.65,4260097.919333183,4260201.919333183,0.0,0.0,468.5987435882965,48838.269333182834,104.0
19697.0,4258847.45,4259357.330677697,4260232.330677697,0.0,0.0,0.5827207745111415,1384.8806776972488,875.0
19713.0,4260181.9,4260181.9,4260248.9,0.0,0.0,0.0,67.0,67.0
19607.0,4218405.75,4232510.492468793,4260925.93376319,0.0,1.0,0.4963759782106226,42520.18376319017,28415.441294397227
19718.0,4260719.45,4260925.93376319,4261105.93376319,0.0,0.0,1.1471320177221465,386.48376318998635,180.0
19594.0,4216484.3500000015,4246557.250377469,4261130.625911155,0.0,0.0,2.063550775038663,44646.275911153294,14573.37553368602
19679.0,4254541.2,4261130.625911155,4261300.625911155,0.0,0.0,38.76132888914469,6759.425911154598,170.0
19726.0,4261281.05,4261300.674177057,4261367.674177057,0.0,0.0,0.29289816503426924,86.62417705729604,67.0
19717.0,4260716.8500000015,4261130.625911155,4261410.465790731,0.0,0.0,1.4786166710050581,693.615790729411,279.8398795761168
19722.0,4260995.05,4261410.465790731,4261504.465790731,0.0,0.0,4.4193169226711415,509.4157907310873,94.0
19715.0,4260545.25,4260925.93376319,4261537.4812335335,0.0,0.0,0.6224925809544619,992.2312335334718,611.5474703432992
19728.0,4261479.95,4261486.076383243,4261553.076383243,0.0,0.0,0.0914385558675919,73.12638324312866,67.0
19727.0,4261414.95,4261486.076383243,4261580.076383243,0.0,0.0,0.7566636515226453,165.12638324312866,94.0
18591.0,3941652.65,4100750.005880161,4261628.840940311,0.0,0.0,0.9889265783201246,319976.1909403107,160878.83506014943
19578.0,4214520.7,4251286.942590975,4262096.883099935,0.0,0.0,3.4011512422756933,47576.18309993483,10809.940508959815
19699.0,4259136.7,4260925.93376319,4262125.391025942,0.0,0.0,1.4917028048880605,2988.6910259416327,1199.4572627516463
19724.0,4261132.2,4261486.076383243,4262220.076383243,0.0,0.0,0.4821204131377775,1087.8763832431287,734.0
19729.0,4261563.8,4262125.391025942,4262266.552868765,2.0,1.0,3.978348643734124,702.7528687650338,141.16184282302856
19730.0,4261814.05,4262125.391025942,4262335.308735389,0.0,0.0,1.4831575037739004,521.2587353894487,209.91770944744349
19719.0,4260820.2,4262266.552868765,4262382.552868765,0.0,0.0,12.46855921348846,1562.3528687646613,116.0
19720.0,4260875.45,4262382.552868765,4262487.358318813,0.0,1.0,14.380004742789053,1611.908318812959,104.80545004829764
19209.0,4146937.6,4255771.247893301,4262517.247893301,0.0,0.0,16.13306372565976,115579.64789330075,6746.0
19502.0,4203525.3,4244839.514892122,4262575.440844086,0.0,1.0,2.329408399878129,59050.140844086185,17735.925951964222
19721.0,4260935.9,4262575.440844086,4262710.846645915,0.0,1.0,12.108350025922462,1774.946645914577,135.40580182895064
19627.0,4225476.45,4245697.807513044,4262733.84609481,1.0,0.0,1.1869753297393395,37257.39609481022,17036.038581766188
19702.0,4259310.9,4262865.334831363,4263465.334831363,0.0,0.0,5.924058052270363,4154.434831362218,600.0
19616.0,4220814.65,4221716.371892688,4263533.245494635,0.0,0.0,0.021563589408212194,42718.59549463447,41816.87360194698
19733.0,4262913.2,4263533.245494635,4263663.245494635,0.0,0.0,4.769580727958909,750.0454946346581,130.0
19711.0,4260001.8500000015,4260009.217573326,4263720.217573326,0.0,0.0,0.0019853336902697174,3718.367573324591,3711.0
19737.0,4263358.45,4263533.245494635,4263818.245494635,0.0,0.0,0.613317525033888,459.7954946346581,285.0
19478.0,4200596.4,4242399.667185351,4263937.752047863,0.0,0.0,1.940899919941912,63341.352047862485,21538.084862511605
19613.0,4220325.8500000015,4237626.404520262,4263983.404520262,0.0,0.0,0.6563931600812134,43657.55452026054,26357.0
19509.0,4204906.55,4263937.752047863,4264003.011407141,0.0,1.0,904.5630037001922,59096.46140714083,65.25935927778482
19693.0,4257607.25,4257942.536464291,4264149.808470474,0.0,3.0,0.054015107434751,6542.558470473625,6207.272006182931
19738.0,4264412.75,4264412.75,4264480.75,0.0,0.0,0.0,68.0,68.0
19723.0,4261088.0,4264003.011407141,4264562.6304887,0.0,0.0,5.208920680504418,3474.6304887002334,559.619081559591
19739.0,4264560.95,4264560.95,4264658.95,0.0,0.0,0.0,98.0,98.0
19706.0,4259524.1000000015,4263465.334831363,4264664.713781734,0.0,0.0,3.286063032989393,5140.613781732507,1199.378950371407
19617.0,4220849.75,4237709.912981916,4264726.912981916,0.0,0.0,0.6240575556840589,43877.16298191622,27017.0
19740.0,4264680.55,4264726.912981916,4264824.912981916,0.0,0.0,0.4730916522082169,144.36298191640526,98.0
19621.0,4221417.8500000015,4238558.562315475,4264984.562315475,0.0,0.0,0.6486306030225424,43566.712315473706,26426.0
19741.0,4264774.15,4264984.562315475,4265156.562315475,0.0,0.0,1.2233274155512972,382.4123154748231,172.0
19742.0,4264845.65,4265156.562315475,4265328.562315475,0.0,0.0,1.8076297411326925,482.9123154748231,172.0
19743.0,4264917.15,4265328.562315475,4265497.562315475,0.0,0.0,2.434392399259308,580.4123154748231,169.0
19629.0,4226617.8500000015,4226617.8500000015,4267246.141876944,0.0,0.0,0.0,40628.29187694285,40628.29187694285
19760.0,4266926.95,4267246.141876944,4267294.225471922,1.0,0.0,6.638269810964727,367.2754719220102,48.08359497785568
19746.0,4265087.45,4267246.141876944,4267304.713489536,1.0,0.0,36.85559917884752,2217.2634895360097,58.57161259185523
19754.0,4265912.95,4267246.141876944,4267307.0597750265,1.0,0.0,21.885060366754015,1394.1097750263289,60.91789808217436
19759.0,4266763.8,4267246.141876944,4267313.141876944,0.0,0.0,7.199132491709359,549.341876944527,67.0
19752.0,4265513.2,4267246.141876944,4267314.141876944,0.0,0.0,25.4844393668258,1800.9418769441545,68.0
19753.0,4265630.2,4267246.141876944,4267314.141876944,0.0,0.0,23.763851131531684,1683.9418769441545,68.0
19757.0,4266366.0,4267246.141876944,4267328.141876944,0.0,0.0,10.733437523711473,962.1418769443408,82.0
19768.0,4267283.15,4267294.225471922,4267376.225471922,0.0,0.0,0.13506673075395023,93.07547192182392,82.0
19747.0,4265352.0,4267246.141876944,4267430.204142453,0.0,3.0,10.290766940786664,2078.204142453149,184.0622655088082
19749.0,4265363.7,4267430.204142453,4267608.204142453,0.0,0.0,11.609573834005408,2244.5041424529627,178.0
19750.0,4265372.8,4267608.204142453,4267774.204142453,0.0,0.0,13.466290014779128,2401.404142453335,166.0
19772.0,4267554.8500000015,4267774.204142453,4267841.204142453,0.0,0.0,3.2739424246516244,286.35414245165884,67.0
19773.0,4267697.8500000015,4267774.204142453,4267842.204142453,0.0,0.0,1.1228550360538065,144.35414245165884,68.0
18697.0,3990106.25,4121599.2799302773,4268254.982216691,0.0,0.0,0.8966104139167805,278148.73221669067,146655.7022864134
19646.0,4234412.0,4247368.853796899,4268265.853796899,0.0,0.0,0.6200341578647327,33853.85379689932,20897.0
19540.0,4211413.05,4260201.919333183,4268583.919333183,0.0,0.0,5.82067159785056,57170.86933318339,8382.0
19203.0,4146312.95,4255566.716383243,4268697.881488947,0.0,1.0,8.320188308026271,122384.93148894701,13131.165105704218
19776.0,4268364.1000000015,4268697.881488947,4268764.881488947,0.0,0.0,4.981813267846383,400.7814889457077,67.0
19778.0,4268686.5,4268697.881488947,4268764.881488947,0.0,0.0,0.1698729693611611,78.3814889471978,67.0
19779.0,4268780.75,4268780.75,4268847.75,0.0,0.0,0.0,67.0,67.0
19764.0,4267046.55,4268697.881488947,4268921.729806395,0.0,0.0,7.377010949973396,1875.1798063954338,223.84831744804978
19765.0,4267098.55,4268921.729806395,4269109.631367466,0.0,0.0,9.702845447382588,2011.0813674665987,187.9015610711649
19626.0,4223933.3500000015,4242809.89524002,4269165.533124792,0.0,1.0,0.716224184083395,45232.1831247909,26355.637884772383
19770.0,4267317.6000000015,4269165.533124792,4269289.452111355,0.0,0.0,14.912429289895723,1971.852111353539,123.91898656263947
19769.0,4267289.0,4269109.631367466,4269303.496438447,0.0,0.0,9.391229468278452,2014.496438447386,193.86507098097354
19781.0,4269244.8500000015,4269289.452111355,4269356.452111355,0.0,0.0,0.6657031545304318,111.60211135353893,67.0
19782.0,4269326.75,4269326.75,4269378.75,0.0,0.0,0.0,52.0,52.0
19783.0,4269333.25,4269356.452111355,4269423.452111355,0.0,0.0,0.3463001694780455,90.20211135502905,67.0
19293.0,4161071.2,4259536.534831363,4269431.594993869,0.0,1.0,9.950958681834313,108360.39499386866,9895.060162506066
19780.0,4269231.2,4269289.452111355,4269442.452111355,0.0,0.0,0.3807327539532208,211.25211135484278,153.0
19762.0,4266988.05,4269431.594993869,4269505.594993869,0.0,0.0,33.02087829552742,2517.544993869029,74.0
19761.0,4266933.45,4269431.594993869,4269536.594993869,0.0,0.0,23.791857084463395,2603.1449938686565,105.0
19763.0,4267009.5,4269505.594993869,4269584.594993869,0.0,0.0,31.596139162896744,2575.0949938688427,79.0
19766.0,4267218.15,4269536.594993869,4269625.594993869,0.0,0.0,26.049943751331124,2407.44499386847,89.0
19767.0,4267251.3,4269584.594993869,4269677.594993869,0.0,0.0,25.089193482462676,2426.294993869029,93.0
19784.0,4269522.4,4269625.594993869,4269749.594993869,0.0,0.0,0.8322176924876629,227.1949938684702,124.0
19731.0,4262367.8500000015,4262367.8500000015,4269812.519817285,0.0,0.0,0.0,7444.66981728375,7444.66981728375
19671.0,4249573.9,4251944.473373727,4269998.060770684,1.0,0.0,0.13130760782348116,20424.16077068355,18053.58739695698
19846.0,4269985.8500000015,4269998.060770684,4270130.060770684,0.0,0.0,0.09250583850327089,144.21077068243176,132.0
19847.0,4269994.3,4269998.060770684,4270145.060770684,0.0,0.0,0.025583474041551958,150.76077068410814,147.0
19703.0,4259315.45,4259355.754234966,4270155.754234966,0.0,0.0,0.003731873607935591,10840.304234965704,10800.0
19850.0,4270100.9,4270130.060770684,4270202.060770684,0.0,0.0,0.40501070393818533,101.16077068354934,72.0
19851.0,4270106.75,4270145.060770684,4270217.060770684,0.0,0.0,0.5320940372766927,110.31077068392187,72.0
19848.0,4270035.9,4270421.768845806,4270689.589811026,0.0,0.0,1.4407716195341111,653.6898110257462,267.8209652202204
19813.0,4269938.4,4269998.060770684,4270742.060770684,0.0,0.0,0.08018920790799643,803.6607706835493,744.0
19930.0,4270460.3500000015,4270689.589811026,4270981.422085567,0.0,0.0,0.7855190498891136,521.0720855658874,291.8322745412588
19774.0,4267844.1000000015,4269431.594993869,4271024.594993869,0.0,0.0,0.99654425227078,3180.4949938673526,1593.0
18698.0,3990247.3,4124843.368130434,4271059.225899755,0.0,0.0,0.9205298945260832,280811.9258997552,146215.85776932118
19663.0,4239792.05,4251681.127232736,4272317.127232736,0.0,0.0,0.5761328374072574,32525.077232736163,20636.0
19942.0,4271217.6000000015,4272317.127232736,4272524.998713898,0.0,0.0,5.289456863396752,1307.398713896051,207.8714811615646
17486.0,3703274.25,3790725.741529407,4272863.684505776,714.0,604.0,0.1813827200355673,569589.4345057756,482137.9429763686
19650.0,4235654.15,4250208.101739144,4273059.702137294,1.0,0.0,0.6368898232756447,37405.55213729385,22851.600398150273
19598.0,4217162.3,4264664.713781734,4273100.713781734,0.0,0.0,5.630916759333118,55938.41378173418,8436.0
19972.0,4271737.6000000015,4272524.998713898,4273724.410251486,0.0,0.0,0.6564875267742731,1986.810251484625,1199.411537588574
19979.0,4273614.8,4273724.410251486,4273910.2801792715,0.0,0.0,0.5897148225767764,295.48017927166075,185.86992778535932
19599.0,4217263.7,4268583.919333183,4277138.919333183,0.0,0.0,5.998856730938986,59875.21933318302,8555.0
19996.0,4276359.1000000015,4277139.893260906,4277185.588776419,1.0,0.0,17.08686841910266,826.4887764174491,45.69551551248878
19986.0,4274828.3500000015,4277139.231845574,4277192.231845574,0.0,0.0,43.601544256093646,2363.8818455729634,53.0
19987.0,4274834.2,4277139.345968492,4277206.345968492,0.0,0.0,34.405163708837954,2372.145968492143,67.0
19982.0,4274509.8500000015,4277138.951891061,4277216.951891061,0.0,0.0,33.7064345007619,2707.1018910594285,78.0
19799.0,4269609.5,4277138.919333183,4277232.919333183,0.0,0.0,80.10020567216178,7623.419333183207,94.0
19991.0,4275884.6000000015,4277139.5054580765,4277233.5054580765,0.0,0.0,13.3500580646276,1348.9054580749944,94.0
19993.0,4275918.4,4277139.675511426,4277234.728273468,1.0,0.0,12.84839582976937,1316.3282734677196,95.05276204179972
19985.0,4274768.55,4277139.123192574,4277281.123192574,0.0,0.0,16.69417741249355,2512.573192574084,142.0
19998.0,4276733.5,4277140.139835338,4277290.8254994415,2.0,0.0,2.6985966963596746,557.3254994414747,150.68566410336643
19984.0,4274759.45,4277139.034094756,4277297.034094756,0.0,0.0,15.060658827565517,2537.5840947553515,158.0
19579.0,4214575.3,4271059.225899755,4277454.225899755,0.0,0.0,8.832513823261174,62878.92589975521,6395.0
19849.0,4270099.6000000015,4277454.432353713,4277598.432353713,0.0,0.0,51.0752246785495,7498.832353711128,144.0
19634.0,4227680.6000000015,4247239.613148345,4277702.73153814,0.0,1.0,0.6420555144116508,50022.131538138725,30463.118389795534
19941.0,4270997.25,4277598.454587913,4277717.6963943,0.0,1.0,55.35981706357694,6720.446394300088,119.24180638696998
19932.0,4270688.5,4277598.432353713,4277753.432353713,0.0,0.0,44.580208733629796,7064.932353712618,155.0
19997.0,4276453.3500000015,4277454.614540763,4277784.55309206,1.0,0.0,3.0347000580177164,1331.2030920581892,329.93855129648
19658.0,4238369.2,4251444.542072438,4277934.542072438,0.0,0.0,0.4935953972230093,39565.34207243752,26490.0
19597.0,4217147.3500000015,4220043.239428472,4277951.609797865,0.0,0.0,0.050008131985024115,60804.25979786366,57908.37036939338
19654.0,4236098.1000000015,4236431.740996957,4278008.989232601,0.0,0.0,0.00802460506920483,41910.88923259918,41577.24823564384
20000.0,4276883.65,4278009.034845016,4278196.034845016,0.0,0.0,6.018100775484454,1312.3848450155929,187.0
19980.0,4273844.9,4277784.55309206,4278293.522747342,1.0,1.0,7.740447885596544,4448.622747341171,508.9696552818641
19975.0,4272943.3500000015,4277753.432353713,4278312.762547161,2.0,0.0,8.599718752982593,5369.41254715994,559.3301934488118
19652.0,4235946.65,4250356.291474833,4278915.291474833,0.0,0.0,0.5045569338853875,42968.64147483278,28559.0
19656.0,4237442.95,4251334.2328458065,4279334.154659694,0.0,1.0,0.4961186298354755,41891.204659693874,27999.921813887544
17335.0,3638525.8,4139961.3828089247,4280328.301046669,0.0,1.0,3.57232023830307,641802.5010466687,140366.9182377439
19659.0,4238728.65,4239454.0134068085,4280537.06727098,0.0,0.0,0.017656024530364828,41808.417270979844,41083.05386417173
19977.0,4273259.9,4277717.6963943,4280877.836050157,0.0,0.0,1.410632718727209,7617.936050157063,3160.139655857347
19992.0,4275891.1000000015,4279334.193081301,4280915.193081301,0.0,0.0,2.177794485325247,5024.093081299216,1581.0
19681.0,4254680.3,4261300.625911155,4283445.353295517,1.0,0.0,0.29895720982458124,28765.05329551734,22144.72738436237
19725.0,4261270.65,4262710.846645915,4283505.846645915,0.0,0.0,0.06925687164773152,22235.196645914577,20795.0
19466.0,4199754.0,4212767.353789716,4283842.9421638,0.0,0.0,0.18309174904362888,84088.94216379989,71075.58837408386
18594.0,3944131.1,3979090.8474292895,4284544.810470922,0.0,0.0,0.11445177231020075,340413.7104709218,305453.96304163244
19735.0,4263167.3500000015,4263983.404520262,4285040.404520262,0.0,0.0,0.03875454814363597,21873.054520260543,21057.0
19812.0,4269736.25,4285040.404520262,4285220.404520262,0.0,0.0,85.0230806681224,15484.154520262033,180.0
19231.0,4148811.55,4207711.194305072,4285356.194305072,0.0,0.0,0.7585761389023349,136544.6443050718,77645.0
19668.0,4246357.05,4251892.846215103,4285474.19117007,0.0,2.0,0.1648473645866923,39117.14117007051,33581.3449549675
19775.0,4268279.6000000015,4272863.684505776,4285827.684505776,0.0,0.0,0.353601088072669,17548.08450577408,12964.0
19678.0,4254463.2,4259277.754234966,4287304.958357161,1.0,0.0,0.17178146681969647,32841.758357160725,28027.20412219502
19748.0,4265352.0,4268265.853796899,4287319.996201232,1.0,0.0,0.15292495117684918,21967.996201232076,19054.142404332757
19675.0,4252799.8500000015,4258800.129850162,4287610.610591648,0.0,1.0,0.2082672588493304,34810.76059164666,28810.480741485953
19701.0,4259190.0,4259277.754234966,4288056.993050324,0.0,0.0,0.0030492201523780746,28866.9930503238,28779.23881535791
19690.0,4256738.8500000015,4262096.883099935,4288588.883099935,0.0,0.0,0.20225098520057103,31850.033099933527,26492.0
19662.0,4239357.2,4240716.061456524,4288595.986742054,0.0,0.0,0.02838060937689702,49238.786742053926,47879.92528553028
19684.0,4255550.65,4262096.883099935,4289004.883099935,0.0,0.0,0.2432820387964414,33454.233099934645,26908.0
19758.0,4266576.6000000015,4269431.594993869,4289850.594993869,0.0,0.0,0.13982051000868567,23273.994993867353,20419.0
19694.0,4257646.25,4277454.225899755,4290407.225899755,0.0,0.0,1.5292191692854955,32760.975899755023,12953.0
19709.0,4259821.8,4290407.225899755,4290699.084521369,0.0,0.0,104.79534827722367,30877.284521369264,291.85862161405385
19670.0,4247948.9,4250594.291124523,4291654.697770185,0.0,0.0,0.06442681260687873,43705.797770184465,41060.40664566215
19673.0,4252049.75,4253193.157423885,4292821.151618962,0.0,2.0,0.02885352759102396,40771.401618962176,39627.99419507757
19696.0,4258685.6000000015,4259277.754234966,4293836.613940678,0.0,2.0,0.017134657798519096,35151.013940676115,34558.859705711715
18137.0,3872898.9,4280328.301046669,4293904.301046669,0.0,0.0,30.011004791298515,421005.40104666864,13576.0
19661.0,4239310.4,4240489.203421502,4294156.821358883,0.0,0.0,0.02196489180640425,54846.42135888245,53667.61793738045
19710.0,4259916.7,4290699.084521369,4294297.1126141045,0.0,0.0,8.555348576493795,34380.41261410434,3598.028092735447
19745.0,4264986.05,4265497.562315475,4294526.562315475,0.0,0.0,0.017620734971076576,29540.512315475382,29029.0
19608.0,4219163.65,4251347.970375385,4294528.509188024,0.0,0.0,0.745343186082806,75364.85918802395,43180.53881263919
18701.0,3990411.1,4150346.5954829054,4294616.278020304,0.0,0.0,1.10858700643114,304205.1780203036,144269.6825373983
19677.0,4253165.15,4254415.220331781,4295777.636215753,0.0,0.0,0.03022237229292583,42612.48621575255,41362.41588397231
19609.0,4219194.2,4255645.425726957,4298828.982573899,0.0,0.0,0.8440996617335639,79634.78257389925,43183.55684694275
18173.0,3876139.15,4293904.301046669,4301142.301046669,0.0,0.0,57.71831321451625,425003.15104666864,7238.0
19682.0,4254884.4,4255346.456141764,4303474.179667227,0.0,0.0,0.009600623256561637,48589.7796672266,48127.72352546267
18174.0,3876143.05,4301142.301046669,4308423.301046669,0.0,0.0,58.37100000640966,432280.25104666874,7281.0
18182.0,3877133.0,4308423.301046669,4308516.301046669,0.0,0.0,4637.530118781382,431383.30104666855,93.0
18207.0,3878278.95,4308516.301046669,4308609.301046669,0.0,0.0,4626.208075770627,430330.35104666837,93.0
18219.0,3878475.9,4308609.301046669,4308702.301046669,0.0,0.0,4625.090333835146,430226.40104666864,93.0
18588.0,3941096.25,4073414.0478747617,4310334.3168150885,0.0,0.0,0.558490830972713,369238.0668150885,236920.26894032676
19805.0,4269610.8,4278915.291474833,4313486.651685368,2.0,0.0,0.2691387153461764,43875.851685368456,34571.36021053512
19612.0,4219935.8500000015,4256530.7773469305,4314648.358195538,0.0,1.0,0.6296705198768775,94712.50819553621,58117.580848607235
19788.0,4269608.2,4272317.127232736,4315737.979613295,1.0,1.0,0.06238770277915316,46129.77961329464,43420.85238055885
19484.0,4201136.55,4201170.967472104,4316162.292879886,0.0,1.0,0.0002993049430684523,115025.74287988618,114991.32540778164
19796.0,4269608.8500000015,4273100.713781734,4321671.713781734,0.0,0.0,0.07189194749402951,52062.86378173251,48571.0
19808.0,4269610.8,4283445.353295517,4322326.069292502,2.0,0.0,0.3558204354207457,52715.26929250173,38880.71599698439
19809.0,4269611.45,4283505.846645915,4322329.564543086,1.0,0.0,0.35788423671106373,52718.11454308592,38823.717897171155
19819.0,4269974.15,4285356.194305072,4324011.559363817,2.0,0.0,0.3979277981644945,54037.40936381649,38655.36505874526
17336.0,3638610.95,4189857.889345367,4324083.8893453665,0.0,0.0,4.106856639886227,685472.9393453663,134225.99999999953
18426.0,3918613.4,4324083.8893453665,4324235.5263156565,0.0,1.0,2673.9553591051404,405622.1263156566,151.63697028998286
19893.0,4270250.4,4324446.261464555,4325027.862988144,0.0,0.0,93.18383681336614,54777.46298814379,581.6015235893428
18817.0,4045313.35,4324235.5263156565,4325338.945648905,0.0,0.0,252.77985251040195,280025.5956489048,1103.4193332483992
19810.0,4269611.45,4283842.9421638,4325346.740027837,1.0,0.0,0.3428961419487609,55735.29002783727,41503.797864037566
19794.0,4269608.8500000015,4273100.713781734,4325353.205549818,0.0,1.0,0.06682674191368072,55744.35554981697,52252.49176808447
19892.0,4270243.25,4324235.5263156565,4325770.539675739,1.0,1.0,35.17381523817239,55527.28967573866,1535.0133600821719
19792.0,4269608.2,4273059.702137294,4326601.366236869,0.0,1.0,0.0644638562386677,56993.16623686906,53541.66409957502
19113.0,4116151.65,4121997.077431059,4329420.554200414,2.0,0.0,0.028181127431196787,213268.90420041373,207423.47676935466
19852.0,4270123.0,4294297.1126141045,4329427.813519801,2.0,0.0,0.6881192800279331,59304.81351980101,35130.70090569649
19804.0,4269610.15,4277934.542072438,4329851.49775135,0.0,1.0,0.160340527744361,60241.34775134921,51916.95567891188
19601.0,4217573.75,4268697.881488947,4331083.881488947,0.0,0.0,0.8194808368696054,113510.1314889472,62386.0
19789.0,4269608.2,4272863.684505776,4331440.168873446,0.0,1.0,0.05557664549038983,61831.968873445876,58576.48436767049
19825.0,4269974.8,4285827.684505776,4331956.751535934,1.0,0.0,0.34366367079159144,61981.95153593458,46129.067030158825
19803.0,4269609.5,4277702.73153814,4332044.177157693,0.0,1.0,0.14893294511893182,62434.67715769261,54341.445619552396
19620.0,4221035.65,4226696.765746026,4332170.076768583,0.0,0.0,0.05367344298895906,111134.42676858231,105473.31102255639
19836.0,4269976.1000000015,4289004.883099935,4333267.84665053,2.0,0.0,0.42990305152484287,63291.74665052816,44262.963550594635
19818.0,4269974.15,4285356.194305072,4334728.194305072,0.0,0.0,0.3115540043966466,64754.044305071235,49372.0
19826.0,4269974.8,4287304.958357161,4335758.682778005,1.0,1.0,0.35766411280669425,65783.88277800474,48453.724420843646
19820.0,4269974.15,4285356.194305072,4336360.194305072,0.0,0.0,0.30158505813409214,66386.04430507123,51004.0
19174.0,4142480.55,4174783.3493227973,4336672.827077196,0.0,0.0,0.19953612656533354,194192.27707719617,161889.47775439871
19830.0,4269975.45,4287304.985679995,4336835.496513916,1.0,0.0,0.3498759731774656,66860.046513916,49530.51083392091
17923.0,3820580.4,3832037.2806560295,4336921.776645439,0.0,0.0,0.022692082539745664,516341.37664543884,504884.4959894093
19815.0,4269973.5,4285220.435918668,4337485.461892403,0.0,1.0,0.2917234926149384,67511.96189240273,52265.025973734446
19839.0,4269976.1000000015,4289850.594993869,4337694.448001811,1.0,1.0,0.4154033119065063,67718.34800180979,47843.85300794244
19786.0,4269607.55,4269677.594993869,4337824.502566084,0.0,1.0,0.0010278528603048078,68216.95256608445,68146.90757221542
19832.0,4269975.45,4287319.996201232,4338836.996201232,0.0,0.0,0.3366761690554941,68861.54620123189,51517.0
19862.0,4270228.3,4294616.278020304,4339083.635264301,1.0,0.0,0.5484467603164382,68855.33526430093,44467.357243997045
19840.0,4269976.75,4294297.1126141045,4339144.608226234,1.0,1.0,0.5422903170434065,69167.8582262341,44847.49561212957
19175.0,4142500.7,4177764.5202099173,4339558.633084882,0.0,0.0,0.21795490319953237,197057.93308488186,161794.11287496472
19787.0,4269607.55,4269998.060770684,4339711.092354961,1.0,0.0,0.005601689695735231,70103.54235496093,69713.03158427682
17931.0,3820844.95,3836581.9696125896,4341553.888728177,0.0,0.0,0.031164147979062567,520708.938728177,504971.9191155876
19949.0,4271339.15,4341553.888728177,4341638.20923058,1.0,0.0,832.7125281160397,70299.05923058,84.32050240319222
18078.0,3866482.1,4243409.928692555,4341819.777267463,0.0,1.0,3.83018401258534,475337.6772674625,98409.84857490752
19854.0,4270123.65,4294526.562315475,4342050.396997802,2.0,0.0,0.5134878630606342,71926.74699780159,47523.834682326764
18848.0,4052252.1,4247238.048318209,4342136.450910071,0.0,0.0,2.0546810377494222,289884.3509100708,94898.40259186178
19814.0,4269973.5,4285220.404520262,4342465.365678747,0.0,1.0,0.26634491860428233,72491.86567874718,57244.96115848515
19842.0,4269977.4,4294297.1126141045,4345739.1126141045,0.0,0.0,0.4727598579779976,75761.71261410415,51442.0
19834.0,4269975.45,4288588.883099935,4345952.83787966,0.0,1.0,0.3244795999754499,75977.38787965942,57363.95477972459
19858.0,4270227.65,4294616.278020304,4346051.07395606,2.0,0.0,0.4741659333258635,75823.42395605985,51434.79593575653
19866.0,4270228.95,4298828.982573899,4346221.030728449,1.0,1.0,0.6034774542900533,75992.08072844893,47392.04815454967
19833.0,4269975.45,4287610.610591648,4347312.791764468,0.0,1.0,0.29538553274292423,77337.34176446777,59702.18117281981
19565.0,4213755.0,4218411.180482961,4347559.618888681,0.0,0.0,0.036052936763616567,133804.61888868082,129148.43840571959
18843.0,4051677.5,4237931.790027693,4349784.594216299,0.0,0.0,1.6651731834423276,298107.09421629924,111852.80418860633
19107.0,4116150.35,4121497.3827758296,4350006.912856411,1.0,0.0,0.023399605145325755,233856.5628564111,228509.53008058155
19109.0,4116151.0,4121599.3069517827,4350007.279158033,1.0,0.0,0.02385340099627908,233856.27915803343,228407.97220625076
19853.0,4270123.65,4294297.161383239,4350405.114985283,0.0,1.0,0.4308392987328137,80281.46498528309,56107.95360204484
16679.0,3374918.95,4062270.003894477,4353110.171151961,0.0,1.0,2.3633291796519886,978191.221151961,290840.16725748405
17936.0,3821025.65,3848167.328389957,4353139.962515369,0.0,0.0,0.0537488104419069,532114.3125153692,504972.634125412
19988.0,4274979.8,4353139.962515369,4354399.390560697,0.0,0.0,62.060046070379116,79419.59056069702,1259.4280453277752
17938.0,3821046.45,3850041.4398755366,4355009.161503443,0.0,0.0,0.057419491650006614,533962.7115034424,504967.72162790596
19989.0,4275011.65,4355009.161503443,4355269.271807104,1.0,0.0,307.55225908874667,80257.62180710398,260.110303661786
19872.0,4270229.6000000015,4310334.3168150885,4355473.621640375,2.0,0.0,0.8884655395184761,85244.0216403734,45139.30482528638
18581.0,3940966.9,4062270.003894477,4358785.010742507,0.0,0.0,0.4090960022021673,417818.11074250704,296515.0068480298
18582.0,3940981.2,4062767.4024752295,4359267.321767454,0.0,0.0,0.4107461572534162,418286.12176745385,296499.9192922246
19973.0,4271911.8,4358785.010742507,4359722.520225377,0.0,1.0,92.66382082512193,87810.72022537701,937.5094828698784
19931.0,4270491.55,4336921.776645439,4360628.776645439,0.0,0.0,2.802135514634451,90137.22664543893,23707.0
18830.0,4046370.9,4341819.777267463,4361140.6867862,0.0,0.0,15.291665073061775,314769.7867862,19320.909518737346
18847.0,4052234.55,4361140.6867862,4361326.586431373,0.0,0.0,1661.6822291335966,309092.0364313731,185.89964517299086
19874.0,4270230.25,4310334.3168150885,4361480.490480827,1.0,1.0,0.7841068830912966,91250.24048082717,51146.173665738665
19899.0,4270267.95,4324235.592733778,4365043.739309424,1.0,0.0,1.3224722821885266,94775.78930942342,40808.14657564554
19873.0,4270229.6000000015,4310334.3168150885,4366065.710934682,1.0,0.0,0.7196072778841095,95836.11093468033,55731.394119593315
17940.0,3821057.5,3862267.4583099154,4367187.083189811,0.0,0.0,0.08161686787222414,546129.5831898106,504919.62487989524
19857.0,4270227.0,4294528.509188024,4367354.335280161,2.0,0.0,0.33369356026636476,97127.33528016135,72825.82609213702
19785.0,4269607.55,4269625.594993869,4367503.222429463,0.0,0.0,0.00018436280426702294,97895.6724294629,97877.62743559387
19732.0,4262719.5,4349784.594216299,4367629.052777877,1.0,0.0,4.879111008936144,104909.55277787708,17844.458561577834
19918.0,4270271.2,4331956.773613518,4367941.371010752,2.0,1.0,1.7142215857682197,97670.17101075221,35984.59739723429
19865.0,4270228.3,4295777.687640176,4368040.370052286,2.0,0.0,0.3535626797586828,97812.07005228661,72262.68241211027
19900.0,4270268.6000000015,4325027.862988144,4368060.694131462,1.0,0.0,1.2724996597544533,97792.09413146041,43032.831143317744
19971.0,4271558.8500000015,4347559.618888681,4369171.162221548,1.0,0.0,3.516674756545297,97612.31222154666,21611.543332867324
19790.0,4269608.2,4269812.519817285,4369270.560075661,0.0,0.0,0.002054331824297599,99662.36007566098,99458.04025837593
18939.0,4088664.45,4367629.052777877,4369657.65765748,0.0,0.0,137.51549430981328,280993.2076574797,2028.6048796027899
16806.0,3426248.15,4353110.171151961,4369738.171151961,0.0,0.0,55.741040483038326,943490.0211519613,16628.0
19422.0,4179169.8,4179754.196532001,4370201.655558871,2.0,0.0,0.003068544652614772,191031.8555588713,190447.45902687032
19795.0,4269608.8500000015,4273059.702137294,4370215.706197337,0.0,0.0,0.0355186709321648,100606.85619733576,97156.00406004302
19890.0,4270232.2,4324083.8893453665,4370566.042851861,1.0,0.0,1.1585454907514683,100333.84285186045,46482.15350649413
19797.0,4269608.8500000015,4273100.713781734,4370713.522225039,0.0,2.0,0.03577259826266172,101104.67222503759,97612.80844330508
19904.0,4270269.25,4325770.539675739,4370987.338400294,1.0,0.0,1.22744845370042,100718.08840029407,45216.79872455541
19876.0,4270230.25,4313486.651685368,4370989.698471882,1.0,0.0,0.7522453870307437,100759.44847188238,57503.04678651411
19881.0,4270230.9,4321671.713781734,4371035.318072442,1.0,0.0,1.0420797776190072,100804.4180724416,49363.60429070797
19793.0,4269608.2,4271024.594993869,4371554.33921715,0.0,0.0,0.014089312618987503,101946.13921714947,100529.74422328081
19085.0,4108354.25,4371035.318072442,4372050.714824419,0.0,0.0,258.69795974933623,263696.46482441854,1015.396751976572
19915.0,4270270.55,4331956.751535934,4372169.513618968,1.0,0.0,1.5339956357278006,101898.96361896861,40212.76208303403
19919.0,4270271.2,4332170.076768583,4372204.432797004,2.0,0.0,1.5461439350901454,101933.23279700335,40034.35602842085
19800.0,4269609.5,4277138.919333183,4372755.168391077,0.0,2.0,0.07874623201987667,103145.66839107685,95616.24905789364
19983.0,4274746.45,4353139.962515369,4374128.962515369,0.0,0.0,3.734980824020624,99382.51251536887,20989.0
19798.0,4269608.8500000015,4277138.919333183,4374793.94796756,0.0,3.0,0.07710887435581538,105185.09796755854,97655.02863437682
19906.0,4270269.25,4329420.554200414,4375159.576314244,1.0,0.0,1.2932349986233567,104890.32631424442,45739.02211383078
16818.0,3428201.4,4369738.171151961,4375198.171151961,0.0,0.0,172.4426320791138,946996.7711519613,5460.0
19801.0,4269609.5,4277232.919333183,4375288.310448801,0.0,1.0,0.07774604992594816,105678.81044880114,98055.39111561794
19807.0,4269610.8,4278008.989232601,4375477.664389453,0.0,0.0,0.08616295665336582,105866.86438945308,97468.67515685223
19934.0,4270722.3,4337694.448001811,4375513.218364956,2.0,0.0,1.7708705851282158,104790.91836495604,37818.77036314458
19806.0,4269610.8,4277951.609797865,4375693.087697407,0.0,0.0,0.08533541723645674,106082.28769740742,97741.47789954208
19910.0,4270269.9,4331083.881488947,4376059.834214652,1.0,0.0,1.3521443750137678,105789.93421465158,44975.95272570476
19295.0,4161571.7,4372050.714824419,4376199.827889534,0.0,0.0,50.72867659213225,214628.12788953353,4149.113065115176
19802.0,4269609.5,4277454.307947833,4376259.656674191,0.0,2.0,0.0793965918743864,106650.15667419136,98805.34872635826
18428.0,3918629.0,4376199.827889534,4376268.752863595,1.0,0.0,6638.67972559455,457639.75286359526,68.92497406154871
19791.0,4269608.2,4269998.060770684,4376300.755724576,0.0,0.0,0.0036674589562647815,106692.55572457612,106302.69495389238
18433.0,3919442.15,4376268.752863595,4376346.15980064,2.0,0.0,5901.62355342591,456904.0098006404,77.4069370450452
19938.0,4270722.95,4339083.635264301,4376532.354856414,2.0,0.0,1.8254478660118936,105809.4048564136,37448.71959211305
19811.0,4269611.45,4278293.522747342,4376819.355108571,0.0,0.0,0.08811976046555875,107207.90510857105,98525.8323612297
19928.0,4270272.5,4336835.496513916,4376834.377311655,2.0,0.0,1.6641214750608353,106561.87731165532,39998.88079773914
19933.0,4270721.65,4337485.49996941,4376907.72583164,1.0,0.0,1.6935586083528282,106186.07583163958,39422.225862230174
16842.0,3434175.5500000007,4375198.171151961,4377338.171151961,0.0,0.0,439.7301967999815,943162.6211519605,2140.0
19923.0,4270271.8500000015,4335758.682778005,4377898.909214717,1.0,0.0,1.5540218531182501,107627.05921471585,42140.22643671278
16866.0,3437719.35,4376346.15980064,4378070.085591497,1.0,0.0,544.4705420494063,940350.7355914968,1723.9257908565924
16878.0,3438652.1,4377338.171151961,4378953.171151961,0.0,0.0,581.2297654191709,940301.0711519611,1615.0
19920.0,4270271.2,4333267.84665053,4379156.549282661,2.0,1.0,1.3728138525846993,108885.34928266052,45888.702632131055
19908.0,4270269.9,4331083.881488947,4379524.881488947,0.0,0.0,1.2554237420562504,109254.98148894683,48441.0
19978.0,4273510.15,4350007.279158033,4379564.007701961,1.0,1.0,2.5881460136679624,106053.85770196095,29556.728543927893
19981.0,4273920.95,4353110.171151961,4379847.171151961,0.0,0.0,2.9617840876673154,105926.22115196101,26737.0
19816.0,4269973.5,4278312.762547161,4380023.815756425,0.0,0.0,0.08198973743791585,110050.31575642526,101711.05320926383
19907.0,4270269.9,4329427.813519801,4380557.4927672045,0.0,1.0,1.1570171061224643,110287.59276720416,51129.67924740352
19845.0,4269977.4,4294297.1126141045,4380697.1126141045,0.0,0.0,0.2814781552558351,110719.71261410415,86400.0
19771.0,4267533.4,4359267.321767454,4380867.321767454,0.0,0.0,4.246940822567299,113333.92176745366,21600.0
19945.0,4271338.5,4339711.092354961,4381090.297741649,1.0,0.0,1.652341839724083,109751.79774164874,41379.205386688
19885.0,4270231.55,4324011.559363817,4381145.015446169,2.0,1.0,0.9413050260130997,110913.46544616949,57133.45608235244
19330.0,4162271.1,4381090.297741649,4381340.156168709,0.0,0.0,875.7727338499786,219069.05616870848,249.85842705983669
19951.0,4271339.15,4341638.20923058,4381684.43541739,2.0,0.0,1.7554477893283797,110345.28541739006,40046.22618681006
19823.0,4269974.8,4280915.193081301,4382128.094060328,0.0,0.0,0.10809287131852793,112153.29406032804,101212.90097902715
19924.0,4270271.8500000015,4336360.194305072,4382358.342070391,2.0,1.0,1.4367609896435283,112086.49207038991,45998.147765319794
19829.0,4269975.45,4285474.19117007,4383742.726701909,0.0,0.0,0.15771824710920448,113767.27670190856,98268.53553183842
19369.0,4166230.25,4268254.982216691,4384614.6783345975,35.0,30.0,0.8768047323990035,218384.4283345975,116359.69611790683
19926.0,4270272.5,4336672.827077196,4384972.827077196,0.0,0.0,1.3747479726127532,114700.32707719598,48300.0
19957.0,4271402.2,4342050.452923032,4385108.211330023,2.0,0.0,1.6407787013725008,113706.01133002248,43057.75840699021
19966.0,4271472.4,4342465.4269132195,4386066.1034674775,2.0,0.0,1.6282551676663386,114593.70346747711,43600.67655425798
19835.0,4269976.1000000015,4287304.958357161,4386216.408902888,0.0,0.0,0.1751956751372097,116240.3089028867,98911.45054572728
19821.0,4269974.15,4280328.301046669,4386419.89257794,0.0,0.0,0.09759634007956448,116445.7425779393,106091.59153127111
19969.0,4271473.05,4346051.07395606,4386814.69133604,2.0,0.0,1.8295241872397514,115341.64133604057,40763.61737998016
19367.0,4165790.2,4381340.156168709,4386847.282991434,0.0,0.0,39.14018382130109,221057.08299143426,5507.12682272587
19838.0,4269976.1000000015,4288595.986742054,4386868.000184679,0.0,0.0,0.189472934254304,116891.90018467791,98272.01344262529
19395.0,4169767.55,4386847.282991434,4387285.083898599,0.0,0.0,495.84121329770113,217517.53389859945,437.8009071648121
19394.0,4169764.3,4386814.69133604,4387460.278505846,0.0,0.0,336.20617243898863,217695.9785058461,645.5871698055416
19824.0,4269974.8,4283445.353295517,4387673.256558525,0.0,0.0,0.12924133436250565,117698.45655852556,104227.90326300822
19922.0,4270271.8500000015,4334728.194305072,4387873.004958301,0.0,1.0,1.2128436156382005,117601.15495829936,53144.810653229244
19822.0,4269974.15,4280537.06727098,4388305.080793148,0.0,0.0,0.09801532872095736,118330.93079314753,107768.01352216769
19990.0,4275624.6000000015,4367187.083189811,4388787.083189811,0.0,0.0,4.239003851380053,113162.48318980914,21600.0
19999.0,4276821.9,4347312.791764468,4388843.013285136,0.0,0.0,1.6973396525079247,112021.11328513548,41530.221520667896
19970.0,4271473.05,4346221.030728449,4389214.859146172,2.0,0.0,1.738574662442399,117741.80914617237,42993.82841772307
19909.0,4270269.9,4331083.881488947,4389490.797491371,0.0,1.0,1.0412119942512192,119220.89749137033,58406.9160024235
19400.0,4172526.8,4387460.278505846,4389898.683539854,0.0,0.0,88.1451094088836,217371.88353985455,2438.405034008436
18806.0,4041882.65,4044524.7052163016,4389937.881950371,0.0,0.0,0.0076489705496550695,348055.23195037106,345413.17673406936
19948.0,4271338.5,4341553.888728177,4390096.523113526,1.0,1.0,1.4464684419634435,118758.0231135264,48542.63438534923
19141.0,4125439.5,4131225.932291708,4390425.932291708,0.0,0.0,0.022324198656280693,264986.43229170796,259200.0
16894.0,3440384.35,4378953.171151961,4390717.743559392,1.0,0.0,79.77925492295189,950333.3935593921,11764.57240743097
19960.0,4271402.8500000015,4342136.450910071,4391258.635410903,2.0,1.0,1.4399522665542535,119855.78541090153,49122.18450083211
19891.0,4270232.2,4324083.9537667595,4392073.827982161,1.0,0.0,0.7920554992666877,121841.62798216101,67989.87421540171
19965.0,4271472.4,4342465.365678747,4392155.139827923,1.0,1.0,1.4287238550454242,120682.73982792255,49689.77414917573
19863.0,4270228.3,4294616.278020304,4392440.403976775,0.0,2.0,0.24930432837351219,122212.10397677496,97824.12595647108
19967.0,4271472.4,4345739.1126141045,4393517.291192164,1.0,2.0,1.55440652666925,122044.89119216334,47778.17857805919
19961.0,4271402.8500000015,4342136.450910071,4393665.102198787,1.0,1.0,1.3727042944273382,122262.25219878554,51528.65128871612
19856.0,4270226.3500000015,4294528.509188024,4395061.477192327,0.0,1.0,0.2417332311026831,124835.12719232589,100532.96800430305
19831.0,4269975.45,4285827.684505776,4395620.255210612,0.0,0.0,0.14438348973895634,125644.80521061178,109792.5707048364
19855.0,4270124.3,4294297.1126141045,4395742.435429576,0.0,0.0,0.23828415094183267,125618.13542957604,101445.32281547133
19937.0,4270722.95,4338836.996201232,4396211.484164411,0.0,2.0,1.1871835134275188,125488.53416441102,57374.48796317913
19843.0,4269977.4,4292821.151618962,4396981.432712308,0.0,0.0,0.2193134597869391,127004.03271230776,104160.28109334596
19404.0,4172780.3,4390717.743559392,4397432.164307379,0.0,0.0,32.4581154114792,224651.86430737935,6714.420747986995
19254.0,4154497.75,4154610.348321917,4397660.293249346,2.0,0.0,0.0004632723613684469,243162.54324934632,243049.94492742931
19409.0,4174062.1,4393665.102198787,4397904.635916501,0.0,0.0,51.7988573321658,223842.5359165012,4239.53371771425
19827.0,4269974.8,4284544.810470922,4398934.728296138,0.0,0.0,0.1273714567501005,128959.92829613853,114389.91782521643
19976.0,4273011.6000000015,4346051.07395606,4399765.739889774,0.0,0.0,1.3597678154825208,126754.13988977205,53714.66593371332
19507.0,4204413.2,4397904.635916501,4399995.848668578,0.0,0.0,92.5259449208807,195582.6486685779,2091.212752076797
19841.0,4269976.75,4291654.697770185,4400153.667883257,0.0,0.0,0.1997986501401174,130176.91788325738,108498.97011307254
18441.0,3920092.15,4397904.669340984,4400383.669340984,0.0,0.0,192.74405782209925,480291.51934098406,2479.0
19870.0,4270229.6000000015,4298828.982573899,4402293.999257253,0.0,0.0,0.27641596638817745,132064.39925725106,103465.01668335311
19603.0,4217591.95,4246993.737480979,4402395.169315749,0.0,0.0,0.18919894838704365,184803.21931574866,155401.43183476944
19416.0,4175121.6,4175354.5467434344,4402729.536179784,2.0,0.0,0.0010245046916187123,227607.93617978366,227374.98943634937
18531.0,3934594.95,4400383.669340984,4404251.669340984,0.0,0.0,120.42107532083345,469656.7193409838,3868.0
17590.0,3715196.55,3715397.9164247424,4406311.750852117,0.0,0.0,0.00029144940325230524,691115.2008521175,690913.8344273749
19844.0,4269977.4,4294156.821358883,4406654.254251768,0.0,0.0,0.21493309435696187,136676.8542517675,112497.43289288506
19602.0,4217584.15,4246885.096990224,4408801.375008764,0.0,0.0,0.18096356554631635,191217.22500876337,161916.27801853977
19864.0,4270228.3,4294616.312574769,4408814.480122036,0.0,2.0,0.2135587032486777,138586.1801220365,114198.16754726693
19869.0,4270228.95,4310334.3168150885,4409282.342862275,0.0,1.0,0.40531750270553785,139053.39286227524,98948.02604718693
19531.0,4210453.0,4399995.848668578,4409491.524492499,0.0,0.0,19.960964567796754,199038.52449249942,9495.675823921338
19534.0,4210654.5,4409491.524492499,4410489.042857716,0.0,0.0,199.33169295520267,199834.54285771586,997.5183652164415
19859.0,4270227.65,4294528.509188024,4410831.6663931385,0.0,0.0,0.20894410583511988,140604.0163931381,116303.15720511414
19860.0,4270227.65,4294616.278020304,4410836.641377123,0.0,1.0,0.20984814808593774,140608.9913771227,116220.36335681938
19867.0,4270228.95,4295777.636215753,4411400.5044035865,0.0,0.0,0.22096568452399884,141171.5544035863,115622.86818783358
18580.0,3940955.2,3972282.580595658,4413461.5104252985,0.0,2.0,0.07100833352978786,472506.3104252983,441178.9298296403
19861.0,4270227.65,4294616.278020304,4413499.97549541,0.0,2.0,0.20514695066083521,143272.32549540978,118883.69747510646
19994.0,4276248.6000000015,4355473.621640375,4414686.370045438,2.0,0.0,1.3379723754487731,138437.77004543692,59212.748405063525
19871.0,4270229.6000000015,4303474.179667227,4414826.960319886,0.0,0.0,0.2985518589870223,144597.3603198845,111352.78065265901
19875.0,4270230.25,4310334.3168150885,4418098.671921428,0.0,2.0,0.37214593615407043,147868.4219214283,107764.35510633979
19894.0,4270267.3,4324083.8893453665,4418732.0572431525,0.0,0.0,0.5685962078366396,148464.7572431527,94648.16789778601
19896.0,4270267.95,4324112.017017197,4419097.251634479,0.0,0.0,0.5668677582799826,148829.30163447838,94985.2346172817
19522.0,4208597.9,4208599.475744706,4419362.9767419305,1.0,0.0,7.476364255761007e-06,210765.0767419301,210763.50099722482
19897.0,4270267.95,4324112.088178836,4420245.100702166,0.0,1.0,0.5601003938763345,149977.15070216544,96133.01252332982
19868.0,4270228.95,4298828.982573899,4420981.735696646,0.0,3.0,0.2341333440529179,150752.7856966462,122152.75312274694
19903.0,4270269.25,4325353.263285657,4421247.677911856,0.0,1.0,0.5744235834837472,150978.4279118562,95894.41462619882
19895.0,4270267.3,4324112.017017197,4421442.479527274,0.0,1.0,0.5532154643940189,151175.17952727433,97330.46251007728
19905.0,4270269.25,4325770.539675739,4421476.479662577,0.0,3.0,0.5799147856796714,151207.2296625767,95705.93998683803
19898.0,4270267.95,4324235.5263156565,4421736.135477247,0.0,0.0,0.5535101450106273,151468.18547724653,97500.60916159023
19136.0,4124055.0,4129965.4189198436,4421747.960611991,0.0,1.0,0.020256245920564936,297692.96061199065,291782.54169214703
19878.0,4270230.9,4314648.358195538,4422132.131643146,0.0,3.0,0.4132480352226188,151901.2316431459,107483.77344760858
19901.0,4270268.6000000015,4325346.740027837,4422280.373240534,0.0,1.0,0.5682046386003161,152011.77324053273,96933.63321269676
19912.0,4270270.55,4326601.366236869,4422602.109314849,0.0,0.0,0.586774793931679,152331.55931484886,96000.74307797942
19837.0,4269976.1000000015,4287319.996201232,4423445.7275597695,0.0,0.0,0.1274108578013735,153469.62755976804,136125.73135853745
19902.0,4270268.6000000015,4325353.205549818,4423671.638946311,0.0,0.0,0.5602673237039424,153403.03894630913,98318.43339649215
19911.0,4270270.55,4325770.539675739,4423792.16927332,0.0,0.0,0.5662014588370861,153521.61927331984,98021.62959758099
19414.0,4175016.3,4175230.8212371715,4424470.678764456,2.0,1.0,0.0008607019731915749,249454.37876445614,249239.85752728442
18438.0,3919956.95,4397432.164307379,4424890.392484607,2.0,1.0,17.389148754447472,504933.442484607,27458.22817722801
19913.0,4270270.55,4329427.813519801,4425292.557428417,0.0,0.0,0.6170909252748181,155022.00742841698,95864.74390861578
19914.0,4270270.55,4329851.49775135,4426185.176648722,0.0,0.0,0.6184851282885541,155914.62664872222,96333.67889737245
19523.0,4208720.75,4208754.571150154,4426761.900945883,1.0,0.0,0.00015513767443308177,218041.15094588324,218007.32979572937
19921.0,4270271.8500000015,4332044.177157693,4428072.59224213,0.0,0.0,0.6432713390445414,157800.7422421286,96028.41508443747
19884.0,4270231.55,4322329.564543086,4428849.335709865,0.0,1.0,0.4890924376988746,158617.7857098654,106519.7711667791
19917.0,4270271.2,4331440.168873446,4429054.879972007,0.0,0.0,0.6266367864540816,158783.67997200694,97614.71109856106
19916.0,4270271.2,4331083.881488947,4430264.993758212,0.0,0.0,0.6131478070526976,159993.79375821166,99181.11226926465
19879.0,4270230.9,4314648.358195538,4430403.814225039,0.0,0.0,0.383718052859789,160172.91422503907,115755.45602950174
19880.0,4270230.9,4315737.979613295,4431729.162927837,0.0,2.0,0.39233223002725454,161498.26292783674,115991.18331454229
19575.0,4214249.0,4424890.392484607,4432239.573461213,0.0,0.0,28.661886699364743,217990.57346121315,7349.180976605974
19935.0,4270722.95,4336921.776645439,4433861.9810129795,0.0,0.0,0.6828830935248618,163139.03101297934,96940.20436754078
16922.0,3471109.2,4424890.392484607,4434038.392484607,0.0,0.0,104.26117101930554,962929.192484607,9148.0
19927.0,4270272.5,4336672.827077196,4434090.875920095,0.0,0.0,0.6816018988871007,163818.37592009455,97418.04884289857
17107.0,3532745.45,4434038.392484607,4434288.392484607,0.0,0.0,3605.171769938428,901542.942484607,250.0
19413.0,4174954.55,4175127.394496432,4434327.394496432,0.0,0.0,0.0006668383350008737,259372.84449643176,259199.99999999953
19943.0,4271250.75,4339144.619543931,4434346.0254320465,0.0,3.0,0.7131603668093237,163095.2754320465,95201.40588811506
19877.0,4270230.25,4313486.651685368,4434503.747457767,0.0,0.0,0.3574404212006723,164273.4974577669,121017.09577239864
19955.0,4271402.2,4342050.396997802,4435015.183089668,0.0,1.0,0.759945781276672,163612.98308966774,92964.78609186597
19944.0,4271338.5,4339558.633084882,4435309.224086708,0.0,1.0,0.7124774100201724,163970.7240867084,95750.59100182634
19929.0,4270272.5,4336921.776645439,4435948.974989211,0.0,1.0,0.6730401118091426,165676.4749892112,99027.19834377244
19995.0,4276259.65,4359722.520225377,4436026.520225377,0.0,0.0,1.0938203793428452,159766.87022537645,76304.0
16912.0,3449836.65,4390717.743559392,4436115.743559392,0.0,0.0,20.72516616501591,986279.0935593923,45398.0
19946.0,4271338.5,4339558.633084882,4436536.968047578,0.0,0.0,0.7034574589378539,165198.4680475779,96978.33496269584
19886.0,4270231.55,4322329.564543086,4436648.97657479,0.0,0.0,0.4557232548452769,166417.42657478992,114319.41203170363
19939.0,4270723.6000000015,4337824.502566084,4437244.069812634,0.0,0.0,0.6749265202460578,166520.46981263254,99419.56724654976
19940.0,4270723.6000000015,4339144.608226234,4437808.458973691,0.0,2.0,0.6934759560658671,167084.85897368938,98663.85074745677
19950.0,4271339.15,4341553.888728177,4438133.554878381,0.0,0.0,0.7270136823518991,166794.4048783807,96579.6661502039
19947.0,4271338.5,4339711.133235581,4438423.053938742,0.0,3.0,0.6926481902949342,167084.5539387418,98711.92070316058
19936.0,4270722.95,4337485.461892403,4438671.990994779,0.0,0.0,0.6597964421218044,167949.0409947792,101186.52910237666
19963.0,4271471.75,4342136.450910071,4439183.343100971,0.0,3.0,0.7281500655483875,167711.5931009706,97046.8921908997
19962.0,4271471.75,4342136.450910071,4440130.256938123,0.0,1.0,0.7211139537721604,168658.50693812314,97993.80602805223
19887.0,4270231.55,4324011.559363817,4440913.899408967,0.0,0.0,0.460042197128355,170682.34940896742,116902.34004515037
19964.0,4271472.4,4342136.526025171,4441052.458005414,0.0,2.0,0.7143856870224422,169580.05800541397,98915.93198024295
19952.0,4271339.15,4341819.777267463,4441906.546172294,0.0,2.0,0.7041952501681773,170567.39617229346,100086.76890483126
19882.0,4270230.9,4322326.069292502,4444060.28716242,0.0,2.0,0.4279418737315778,173829.38716241997,121734.2178699188
19401.0,4172567.1,4388787.083189811,4444574.363223809,0.0,0.0,3.875793604887002,272007.2632238087,55787.28003399819
19889.0,4270232.2,4324083.8893453665,4445420.2721735975,0.0,1.0,0.4438214498416448,175188.0721735973,121336.38282823097
19888.0,4270231.55,4324011.645517636,4445890.624171166,0.0,1.0,0.4412581735733046,175659.07417116594,121878.97865352966
16680.0,3374920.9,4272863.684505776,4446928.478849398,0.0,1.0,5.158669723488951,1072007.578849398,174064.7943436224
19225.0,4148470.3,4201491.678232381,4447748.125294861,1.0,1.0,0.2153096045397289,299277.82529486157,246256.44706248026
17415.0,3695795.35,4446928.478849398,4448597.613309312,1.0,0.0,450.01355306523976,752802.2633093116,1669.1344599137083
17416.0,3695835.0,4448597.613309312,4449703.831344156,1.0,0.0,680.4830418584935,753868.8313441556,1106.2180348439142
17417.0,3695994.25,4449703.831344156,4451043.917495426,1.0,0.0,562.4336768421603,755049.6674954258,1340.0861512701958
19959.0,4271402.8500000015,4342136.450910071,4451324.160135468,0.0,2.0,0.6478165116922983,179921.31013546605,109187.70922539663
19956.0,4271402.2,4342050.396997802,4451359.192616607,0.0,0.0,0.6463175867765915,179956.99261660688,109308.7956188051
17418.0,3696005.95,4451043.917495426,4451982.233285788,1.0,1.0,804.673624008401,755976.2832857883,938.3157903626561
19817.0,4269973.5,4279334.154659694,4452007.065074374,0.0,0.0,0.05421032539043981,182033.56507437397,172672.9104146799
19954.0,4271401.55,4341819.777267463,4452857.00853494,0.0,0.0,0.6341857272884661,181455.45853494015,111037.23126747739
19828.0,4269974.8,4285356.194305072,4458074.469960999,0.0,0.0,0.0890548162703589,188099.66996099893,172718.27565592714
18996.0,4099974.45,4369270.560075661,4459429.560075661,0.0,0.0,2.9869021403926506,359455.110075661,90159.0
17447.0,3698611.15,4451982.233285788,4462801.233285788,0.0,0.0,69.63407739031229,764190.0832857885,10819.0
16682.0,3374959.25,4378070.085591497,4465594.495406487,1.0,0.0,11.460926588501213,1090635.245406487,87524.40981499013
16830.0,3431100.4,4465594.495406487,4465687.495406487,0.0,0.0,11123.592423725668,1034587.0954064871,93.0
19393.0,4169729.85,4384614.6783345975,4468110.3657899555,0.0,0.0,2.5736039175614702,298380.5157899554,83495.68745535798
18587.0,3941093.0,4465687.495406487,4468978.645185542,0.0,1.0,159.395509358153,527885.6451855423,3291.1497790552676
19132.0,4123065.7,4123575.7608702113,4469175.760870211,0.0,0.0,0.0014758705735275072,346110.06087021064,345599.99999999953
19571.0,4214120.3,4414686.370045438,4473617.702494947,0.0,0.0,3.4033859698875726,259497.40249494743,58931.33244950883
17450.0,3698722.95,4465687.495406487,4474883.072119004,1.0,0.0,83.40581231435877,776160.1221190039,9195.576712517068
17449.0,3698713.2,4462801.233285788,4475273.098036525,0.0,1.0,61.26493900927471,776559.8980365247,12471.864750736393
17496.0,3705620.1,4468978.645185542,4475709.352197371,1.0,0.0,113.4143179674809,770089.2521973713,6730.70701182913
18669.0,3983099.9,4475273.098036525,4475933.873136968,0.0,1.0,744.8422280230873,492833.97313696845,660.7751004435122
19397.0,4171045.45,4387285.083898599,4477136.22920194,0.0,0.0,2.406643044655318,306090.7792019397,89851.14530334063
18691.0,3989056.5,4475709.380193081,4477192.271826035,1.0,1.0,328.1783168628771,488135.77182603534,1482.89163295459
17497.0,3705647.4,4475709.352197371,4482099.2970530065,1.0,0.0,120.51151764138974,776451.8970530066,6389.944855635054
17500.0,3705671.45,4477192.271826035,4483215.057144948,1.0,1.0,128.1003358036491,777543.6071449481,6022.785318912938
18586.0,3941088.45,4067433.7401432414,4485907.3359587975,0.0,0.0,0.30191938369972654,544818.8859587973,418473.5958155561
18584.0,3941000.05,4432239.573461213,4490769.436244921,1.0,0.0,8.39297240925626,549769.386244921,58529.86278370768
18188.0,3877499.6,3976744.1430668053,4494858.920914748,0.0,0.0,0.19154933869871543,617359.3209147477,518114.77784794243
19883.0,4270230.9,4322326.069292502,4495041.741853792,0.0,0.0,0.30162386840727756,224810.84185379185,172715.67256129067
18222.0,3878597.45,3983161.624651367,4501178.091284068,0.0,0.0,0.20185492428662055,622580.6412840681,518016.46663270146
17116.0,3533615.15,4434288.392484607,4501323.9679096965,1.0,0.0,13.435750148681699,967708.8179096966,67035.57542508934
18585.0,3941083.9,4446928.516083653,4501368.645044141,3.0,0.0,9.291760062706425,560284.7450441415,54440.128960488364
18777.0,4033976.7,4501323.9679096965,4503958.2742701005,1.0,0.0,177.4080930503551,469981.57427010033,2634.306360404007
18332.0,3883967.75,3986793.254189185,4504708.945646915,0.0,0.0,0.19853714781216872,620741.1956469147,517915.6914577298
18780.0,4035869.5,4503958.2742701005,4505094.3019584995,1.0,0.0,412.0399344577543,469224.8019584995,1136.0276883989573
19707.0,4259643.7,4505094.3194059115,4505694.3194059115,0.0,0.0,409.0843656765188,246050.6194059113,600.0
19925.0,4270271.8500000015,4333267.84665053,4505973.915570896,0.0,0.0,0.36475844215743897,235702.06557089463,172706.06892036647
19403.0,4172640.55,4389898.683539854,4507411.593851187,0.0,0.0,1.848802254699178,334771.04385118745,117512.9103113329
19714.0,4260258.6000000015,4505694.3194059115,4509291.950798487,0.0,0.0,68.2214748048952,249033.3507984858,3597.6313925758004
18783.0,4036418.1,4505094.3019584995,4511428.3019584995,0.0,0.0,73.9937167601041,475010.2019584994,6334.0
19953.0,4271400.9,4341819.777267463,4514316.896524443,0.0,1.0,0.4082321929246505,242915.99652444292,172497.11925698072
19958.0,4271402.2,4342050.540966272,4514639.738701767,0.0,1.0,0.40934393283724346,243237.5387017671,172589.19773549493
18790.0,4037768.15,4509291.950798487,4515282.950798487,0.0,0.0,78.70535817033674,477514.8007984874,5991.0
19566.0,4213777.1000000015,4380557.4927672045,4517166.387325162,0.0,0.0,1.2208604227921995,303389.2873251606,136608.89455795754
18799.0,4041543.35,4511428.3019584995,4517313.3019584995,0.0,0.0,79.8445118026337,475769.9519584994,5885.0
19647.0,4235543.65,4444060.28716242,4517326.970846728,0.0,0.0,2.8459952965918,281783.32084672805,73266.68368430808
18825.0,4045884.7,4325338.945648905,4517813.113402176,0.0,0.0,1.4519052032329454,471928.41340217553,192474.16775327083
19968.0,4271472.4,4345952.83787966,4518684.1663339,0.0,0.0,0.43119241046878476,247211.76633389946,172731.32845424023
19744.0,4264956.8,4459429.560075661,4520355.47764695,0.0,0.0,3.191954554449042,255398.6776469499,60925.91757128853
19649.0,4235577.45,4444574.363223809,4520379.538724912,0.0,0.0,2.7570269687030304,284802.08872491214,75805.17550110351
18801.0,4041626.55,4515282.950798487,4521255.986786684,2.0,0.0,79.29910379486682,479629.4367866842,5973.035988196731
19716.0,4260701.9,4518684.1663339,4522282.137370415,0.0,0.0,71.70215205060885,261580.23737041466,3597.9710365151986
17546.0,3710270.85,4483215.057144948,4522417.763725436,2.0,0.0,19.71660312682743,812146.9137254362,39202.70658048801
17947.0,3821707.5,4522417.763725436,4523017.763725436,0.0,0.0,1167.8504395423938,701310.2637254363,600.0
17948.0,3821715.95,4523017.763725436,4523234.763725436,0.0,0.0,3231.8055932047746,701518.8137254361,217.0
19086.0,4108385.45,4361326.586431373,4525208.19406321,0.0,0.0,1.5434382179091721,416822.74406320974,163881.60763183702
19734.0,4263007.45,4522282.137370415,4525879.660990646,0.0,0.0,72.07032246080459,262872.2109906459,3597.523620231077
18576.0,3938106.9,4404251.669340984,4531960.74783282,1.0,0.0,3.6500519371517006,593853.8478328199,127709.07849183585
18804.0,4041768.25,4525879.678277647,4532117.111457969,0.0,1.0,77.61388607816079,490348.86145796906,6237.433180321939
17585.0,3714835.8,4490769.436244921,4532777.436244921,0.0,0.0,18.47109208352983,817941.636244921,42008.0
18750.0,4017447.85,4532777.436244921,4532929.915468736,0.0,1.0,3379.6708387685635,515482.0654687355,152.47922381479293
18816.0,4044977.95,4531960.74783282,4533106.232097256,2.0,1.0,425.13268226562576,488128.2820972558,1145.484264436178
18802.0,4041711.7,4520379.538724912,4533225.293667037,1.0,0.0,37.2627253813811,491513.59366703685,12845.75494212471
18821.0,4045646.8,4533106.232097256,4533352.131136301,1.0,0.0,1982.3559863855235,487705.33113630116,245.89903904497623
18818.0,4045328.3,4532929.915468736,4533571.451618041,2.0,0.0,760.0532191315349,488243.1516180411,641.5361493052915
18822.0,4045666.95,4532929.915468736,4533743.024215154,2.0,0.0,599.2592843390814,488076.07421515416,813.1087464187294
17539.0,3709577.95,4482099.2970530065,4538598.597925498,0.0,1.0,13.673113385888476,829020.647925498,56499.30087249167
18803.0,4041738.35,4525879.660990646,4539587.62099354,1.0,0.0,35.31826113356398,497849.2709935396,13707.960002893582
18846.0,4052232.6,4539587.62099354,4539804.62099354,0.0,0.0,2245.8756727812884,487572.0209935396,217.0
18829.0,4046308.5,4533225.293667037,4542467.905047757,1.0,0.0,52.681733939691874,496159.4050477566,9242.61138071958
18844.0,4052081.8,4538598.597925498,4546017.597925498,0.0,0.0,65.57713949663005,493935.79792549834,7419.0
18590.0,3941611.7,3948740.3127950775,4550455.727999121,0.0,0.0,0.01184715002300536,608844.0279991208,601715.4152040435
17724.0,3760866.85,4521255.986786684,4551264.986786684,0.0,0.0,25.33870294867153,790398.1367866839,30009.0
18852.0,4052662.9,4533743.049394057,4554204.874356694,1.0,1.0,23.511106671693042,501541.9743566937,20461.824962636456
17718.0,3760660.8,4501368.645044141,4556424.645044141,0.0,0.0,13.453717034367584,795763.8450441416,55056.0
18389.0,3897677.55,4043908.5974206557,4561934.966145977,0.0,0.0,0.2822849496647793,664257.4161459776,518026.3687253217
19567.0,4213782.95,4410489.042857716,4567005.669526592,0.0,0.0,1.2567744209940315,353222.7195265917,156516.62666887604
17681.0,3753322.3,4501323.9679096965,4572739.9679096965,0.0,0.0,10.47386675128398,819417.6679096967,71416.0
19387.0,4168849.1,4230130.087366884,4575525.458651082,0.0,0.0,0.17742272323753974,406676.35865108157,345395.371284198
18937.0,4088411.6,4551264.986786684,4576812.343766156,1.0,0.0,18.117466599719336,488400.74376615556,25547.35697947163
18941.0,4089279.35,4556424.645044141,4581120.17950611,1.0,0.0,18.91618485777462,491840.82950610993,24695.53446196858
19221.0,4148426.1,4581120.17950611,4584384.17950611,0.0,0.0,132.56558808397975,435958.07950610993,3264.0
19331.0,4162369.25,4584384.17950611,4584509.17950611,0.0,0.0,3376.1194360488803,422139.92950611,125.0
18842.0,4051403.85,4533743.024215154,4586941.725338822,1.0,0.0,9.066747195460445,535537.8753388221,53198.70112366788
18387.0,3896980.75,3899147.5192681216,4588108.410278932,0.0,2.0,0.00314498151693718,691127.6602789322,688960.8910108106
19392.0,4169702.55,4586941.725338822,4589017.725338822,0.0,0.0,200.9822617239029,419315.1753388224,2076.0
19368.0,4166214.65,4584509.17950611,4590243.259803544,1.0,1.0,72.94884407065481,424028.6098035439,5734.080297433771
18965.0,4091686.3,4572739.9679096965,4592698.687999268,1.0,0.0,24.102430704514347,501012.38799926825,19958.72008957155
19405.0,4172793.95,4590243.259803544,4593677.476620504,1.0,1.0,121.5558982012922,420883.5266205035,3434.2168169599026
18831.0,4047373.85,4533352.131136301,4606481.214239015,0.0,0.0,6.645485770055597,559107.3642390152,73129.08310271427
19974.0,4271920.9,4606481.214239015,4607508.292319394,0.0,1.0,325.73990296407766,335587.39231939334,1027.0780803784728
17130.0,3539665.35,4436115.743559392,4611924.247555513,0.0,1.0,5.099016106633683,1072258.8975555128,175808.50399612077
19402.0,4172574.25,4589017.725338822,4612614.792603176,2.0,0.0,17.64810307456762,440040.5426031761,23597.067264353856
19493.0,4201963.3500000015,4611924.247555513,4615665.481658715,1.0,2.0,109.57905499809583,413702.13165871333,3741.2341032018885
19491.0,4201862.6000000015,4593677.476620504,4619700.101317195,1.0,0.0,15.056700897289465,417837.50131719373,26022.62469669152
19516.0,4207904.3500000015,4619700.101317195,4620021.125978213,1.0,0.0,1282.7542594761608,412116.7759782113,321.0246610175818
19526.0,4209193.95,4620021.125978213,4620656.171059886,0.0,1.0,646.9260023174772,411462.2210598858,635.04508167319
17721.0,3760727.75,4517313.3019584995,4622138.765801054,1.0,2.0,7.217574091490507,861411.0158010544,104825.46384255495
19533.0,4210648.0,4622138.765801054,4622604.971317545,1.0,0.0,882.6381311379118,411956.9713175446,466.20551649015397
19529.0,4209903.75,4620656.171059886,4624684.077047552,1.0,0.0,101.97666537343905,414780.327047552,4027.9059876659885
19644.0,4234367.15,4624684.077047552,4625471.99126791,1.0,1.0,495.379975335493,391104.84126790985,787.9142203582451
19645.0,4234376.9,4625471.99126791,4626558.99126791,0.0,0.0,359.79309224278734,392182.09126790985,1087.0
19653.0,4235985.0,4626558.99126791,4628537.88445232,0.0,1.0,197.3699208956858,392552.8844523197,1978.8931844094768
19363.0,4164709.9,4261628.840940311,4631141.065656611,0.0,0.0,0.2622888620659899,466431.16565661086,369512.22471630014
19751.0,4265372.8,4628537.88445232,4631889.88445232,0.0,0.0,108.34280562420045,366517.0844523199,3352.0
19108.0,4116150.35,4116398.3415342574,4634442.902556524,0.0,0.0,0.00047870695479929694,518292.5525565236,518044.5610222663
19111.0,4116151.0,4117061.4376990977,4635083.981500142,0.0,0.0,0.0017575252467146361,518932.98150014225,518022.5438010446
19110.0,4116151.0,4116924.371582562,4635114.043348518,0.0,0.0,0.0014924488555059477,518963.0433485182,518189.6717659561
19572.0,4214130.7,4622604.971317545,4635317.017956227,0.0,1.0,32.13284870074076,421186.3179562269,12712.046638682485
19506.0,4204385.9,4615665.481658715,4636537.81684306,2.0,0.0,19.70453128633103,432151.9168430595,20872.335184345022
19756.0,4266218.45,4636537.81684306,4637313.81684306,0.0,0.0,477.2156789214686,371095.36684305966,776.0
19112.0,4116151.65,4119620.5837864894,4637738.1155739445,0.0,0.0,0.006695264247326376,521586.4655739446,518117.5317874551
19755.0,4266213.9,4631889.88445232,4646531.784266022,0.0,1.0,24.97462686570965,380317.88426602166,14641.89981370233
19377.0,4166907.55,4646531.784266022,4646662.410524519,1.0,0.0,3671.7290978411766,479754.86052451935,130.6262584971264
18936.0,4088320.6,4542467.905047757,4650193.973357981,2.0,0.0,4.215760513415606,561873.373357981,107726.06831022445
19206.0,4146831.65,4636537.81684306,4655305.81684306,0.0,0.0,26.092613322839938,508474.16684305994,18768.0
18851.0,4052608.95,4539804.62099354,4656686.3467994565,1.0,2.0,4.1682792381294265,604077.3967994563,116881.72580591682
19406.0,4172801.75,4592698.687999268,4675954.931189936,1.0,1.0,5.043428839776611,503153.18118993565,83256.24319066759
18966.0,4091989.2,4369657.65765748,4677349.395998402,0.0,0.0,0.9024241572252542,585360.1959984014,307691.7383409217
19736.0,4263194.65,4675954.931189936,4677836.043882163,0.0,0.0,219.4234736150498,414641.39388216287,1881.112692227587
19642.0,4234103.25,4655305.81684306,4678954.81684306,0.0,0.0,17.81058678350289,444851.56684305985,23649.0
19777.0,4268451.8500000015,4678954.81684306,4679925.81684306,0.0,0.0,422.76309664578616,411473.96684305836,971.0
19362.0,4164691.7,4554204.874356694,4681298.650950276,2.0,0.0,3.064769847875942,516606.9509502761,127093.7765935827
15563.0,2912344.5,4681298.650950276,4681580.793474666,0.0,1.0,6269.71830913339,1769236.2934746658,282.1425243895501
15710.0,2982068.0500000007,4681580.793474666,4683991.17964552,0.0,2.0,705.0790300844723,1701923.129645519,2410.3861708538607
15711.0,2982072.6,4683991.17964552,4686085.783499297,0.0,1.0,812.52527850389,1704013.1834992967,2094.603853777051
16831.0,3431100.4,4686085.783499297,4686179.783499297,0.0,0.0,13350.908335098902,1255079.3834992968,94.0
19411.0,4174813.5,4175047.9981314135,4693175.618149113,0.0,0.0,0.0004525875910754726,518362.1181491129,518127.62001769943
19417.0,4175182.05,4175230.8212371715,4693422.279226221,0.0,0.0,9.411818049063894e-05,518240.22922622133,518191.4579890496
18834.0,4047815.2,4576812.343766156,4696345.743735984,1.0,1.0,4.425517419396426,648530.5437359838,119533.39996982832
18221.0,3878555.85,4308702.301046669,4696656.495455333,136.0,115.0,1.108755768712116,818100.6454553329,387954.1944086645
15404.0,2741292.45,4696656.495455333,4698970.732894336,0.0,1.0,844.9280149481376,1957678.2828943357,2314.2374390028417
19527.0,4209278.45,4209437.436865263,4714136.2238280745,0.0,1.0,0.0003150133691013125,504857.77382807434,504698.78696281184
17484.0,3703245.0,4474883.072119004,4734083.072119004,0.0,0.0,2.976998735027022,1030838.0721190041,259200.0
18208.0,3878293.25,4523234.763725436,4750678.252198064,1.0,0.0,2.835612125264488,872385.0021980638,227443.48847262748
19250.0,4152697.9,4256878.210437354,4774991.519578239,0.0,0.0,0.20107630628153794,622293.619578239,518113.30914088525
19366.0,4165335.2,4262517.247893301,4780568.247491362,0.0,0.0,0.1875916617643844,615233.0474913614,518050.99959806073
18835.0,4047819.1,4612614.792603176,4835085.334088902,1.0,0.0,2.5387437313331405,787266.2340889019,222470.5414857259
19379.0,4167471.75,4169412.4052168485,4858630.325732931,0.0,2.0,0.0028157352835447565,691158.5757329306,689217.9205160821
19640.0,4234087.65,4650193.973357981,4874656.973357981,0.0,0.0,1.85378580593675,640569.3233579807,224463.0
19381.0,4167833.15,4646662.410524519,4877375.549945782,1.0,0.0,2.075431255132016,709542.399945782,230713.13942126278
18833.0,4047811.3,4533571.451618041,5051692.187541965,0.0,0.0,0.9375423872040611,1003880.8875419656,518120.7359239245
19099.0,4112496.05,4546017.597925498,5061898.33598168,1.0,0.0,0.8403522673844933,949402.2859816803,515880.73805618193
