id,Arrival,Start,Completion,No_of_expansion,No_of_shrinkage,Wait_time,Turn_around_time,Exe_time
15002.0,16489263.05,16489263.05,16489379.05,0.0,0.0,0.0,116.0,116.0
15003.0,16491375.3,16491375.3,16491837.3,0.0,0.0,0.0,462.0,462.0
15004.0,16492028.1,16492028.1,16492274.1,0.0,0.0,0.0,246.0,246.0
15005.0,16492499.0,16492499.0,16492583.0,0.0,0.0,0.0,84.0,84.0
15006.0,16492587.4,16492587.4,16492670.4,0.0,0.0,0.0,83.0,83.0
15007.0,16492618.0,16492618.0,16492845.0,0.0,0.0,0.0,227.0,227.0
15008.0,16492765.9,16492765.9,16492860.9,0.0,0.0,0.0,95.0,95.0
15009.0,16492888.3,16492888.3,16492990.3,0.0,0.0,0.0,102.0,102.0
15010.0,16492920.6,16492920.6,16493168.6,0.0,0.0,0.0,248.0,248.0
15011.0,16493034.5,16493034.5,16493275.5,0.0,0.0,0.0,241.0,241.0
15012.0,16493232.55,16493232.55,16493379.55,0.0,0.0,0.0,147.0,147.0
15015.0,16493407.65,16493407.65,16493805.65,0.0,0.0,0.0,398.0,398.0
15014.0,16493378.75,16493378.75,16493887.75,0.0,0.0,0.0,509.0,509.0
15013.0,16493363.45,16493363.45,16495059.45,0.0,0.0,0.0,1696.0,1696.0
15018.0,16493791.0,16493791.0,16495104.184478132,1.0,0.0,0.0,1313.1844781320542,1313.1844781320542
15021.0,16494990.35,16494990.35,16495136.35,0.0,0.0,0.0,146.0,146.0
15016.0,16493494.35,16493494.35,16495224.35,0.0,0.0,0.0,1730.0,1730.0
15020.0,16494828.85,16494828.85,16495233.85,0.0,0.0,0.0,405.0,405.0
15017.0,16493776.55,16493776.55,16495442.55,0.0,0.0,0.0,1666.0,1666.0
15022.0,16495501.2,16495501.2,16496000.2,0.0,0.0,0.0,499.0,499.0
15023.0,16495735.8,16495735.8,16496035.8,0.0,0.0,0.0,300.0,300.0
15024.0,16496371.6,16496371.6,16496517.6,0.0,0.0,0.0,146.0,146.0
15025.0,16496635.95,16496635.95,16496739.95,0.0,0.0,0.0,104.0,104.0
15026.0,16496961.5,16496961.5,16497257.5,0.0,0.0,0.0,296.0,296.0
15028.0,16497241.15,16497241.15,16497294.858380571,1.0,0.0,0.0,53.7083805706352,53.7083805706352
15031.0,16497286.2,16497286.2,16497388.2,0.0,0.0,0.0,102.0,102.0
15030.0,16497264.1,16497264.1,16497399.1,0.0,0.0,0.0,135.0,135.0
15027.0,16496975.95,16496975.95,16497433.95,0.0,0.0,0.0,458.0,458.0
15036.0,16497604.95,16497604.95,16498225.603746388,1.0,0.0,0.0,620.6537463888526,620.6537463888526
15042.0,16498405.65,16498405.65,16498452.65,0.0,0.0,0.0,47.0,47.0
15048.0,16498406.5,16498406.5,16498465.885347942,1.0,0.0,0.0,59.38534794189036,59.38534794189036
15033.0,16497453.65,16497453.65,16498515.65,0.0,0.0,0.0,1062.0,1062.0
15050.0,16498407.35,16498407.35,16498529.35,0.0,0.0,0.0,122.0,122.0
15032.0,16497451.1,16497451.1,16498680.1,0.0,0.0,0.0,1229.0,1229.0
15034.0,16497465.55,16497465.55,16498692.55,0.0,0.0,0.0,1227.0,1227.0
15045.0,16498406.5,16498406.5,16498720.727295445,1.0,0.0,0.0,314.2272954452783,314.2272954452783
15047.0,16498406.5,16498406.5,16498723.326518018,1.0,0.0,0.0,316.82651801779866,316.82651801779866
15046.0,16498406.5,16498406.5,16498725.167426828,1.0,0.0,0.0,318.667426828295,318.667426828295
15035.0,16497497.85,16497497.85,16498726.85,0.0,0.0,0.0,1229.0,1229.0
15049.0,16498407.35,16498407.35,16498827.457654858,2.0,0.0,0.0,420.10765485838056,420.10765485838056
15039.0,16497965.35,16497965.35,16498900.37147864,1.0,0.0,0.0,935.0214786399156,935.0214786399156
15043.0,16498406.5,16498406.5,16499006.5,0.0,0.0,0.0,600.0,600.0
15044.0,16498406.5,16498406.5,16499006.5,0.0,0.0,0.0,600.0,600.0
15040.0,16498388.65,16498388.65,16499231.65,0.0,0.0,0.0,843.0,843.0
15055.0,16498554.4,16498554.4,16499754.4,0.0,0.0,0.0,1200.0,1200.0
15107.0,16499845.55,16499845.55,16500064.55,0.0,0.0,0.0,219.0,219.0
15109.0,16500030.85,16500030.85,16500077.85,0.0,0.0,0.0,47.0,47.0
15108.0,16500024.9,16500024.9,16500128.9,0.0,0.0,0.0,104.0,104.0
15110.0,16500103.1,16500103.1,16500205.1,0.0,0.0,0.0,102.0,102.0
15114.0,16500163.45,16500163.45,16500210.694664361,1.0,0.0,0.0,47.244664361700416,47.244664361700416
15111.0,16500117.55,16500117.55,16500217.55,0.0,0.0,0.0,100.0,100.0
15113.0,16500155.8,16500155.8,16500225.659362372,1.0,0.0,0.0,69.85936237126589,69.85936237126589
15112.0,16500139.65,16500139.65,16500247.65,0.0,0.0,0.0,108.0,108.0
15115.0,16500174.5,16500174.5,16500325.5,0.0,0.0,0.0,151.0,151.0
15057.0,16498794.95,16498794.95,16500345.95,0.0,0.0,0.0,1551.0,1551.0
15059.0,16498795.8,16498795.8,16500346.8,0.0,0.0,0.0,1551.0,1551.0
15060.0,16498795.8,16498795.8,16500346.8,0.0,0.0,0.0,1551.0,1551.0
15061.0,16498795.8,16498795.8,16500346.8,0.0,0.0,0.0,1551.0,1551.0
15063.0,16498796.65,16498796.65,16500347.65,0.0,0.0,0.0,1551.0,1551.0
15068.0,16498797.5,16498797.5,16500348.5,0.0,0.0,0.0,1551.0,1551.0
15069.0,16498797.5,16498797.5,16500348.5,0.0,0.0,0.0,1551.0,1551.0
15056.0,16498789.85,16498789.85,16500356.85,0.0,0.0,0.0,1567.0,1567.0
15058.0,16498794.95,16498794.95,16500357.95,0.0,0.0,0.0,1563.0,1563.0
15062.0,16498795.8,16498795.8,16500358.8,0.0,0.0,0.0,1563.0,1563.0
15064.0,16498796.65,16498796.65,16500359.65,0.0,0.0,0.0,1563.0,1563.0
15065.0,16498796.65,16498796.65,16500359.65,0.0,0.0,0.0,1563.0,1563.0
15066.0,16498796.65,16498796.65,16500359.65,0.0,0.0,0.0,1563.0,1563.0
15067.0,16498796.65,16498796.65,16500359.65,0.0,0.0,0.0,1563.0,1563.0
15070.0,16498797.5,16498797.5,16500360.5,0.0,0.0,0.0,1563.0,1563.0
15071.0,16498797.5,16498797.5,16500360.5,0.0,0.0,0.0,1563.0,1563.0
15072.0,16498798.35,16498798.35,16500361.35,0.0,0.0,0.0,1563.0,1563.0
15073.0,16498798.35,16498798.35,16500361.35,0.0,0.0,0.0,1563.0,1563.0
15074.0,16498798.35,16498798.35,16500361.35,0.0,0.0,0.0,1563.0,1563.0
15075.0,16498799.2,16498799.2,16500362.2,0.0,0.0,0.0,1563.0,1563.0
15076.0,16498799.2,16498799.2,16500362.2,0.0,0.0,0.0,1563.0,1563.0
15077.0,16498799.2,16498799.2,16500362.2,0.0,0.0,0.0,1563.0,1563.0
15078.0,16498799.2,16498799.2,16500362.2,0.0,0.0,0.0,1563.0,1563.0
15079.0,16498799.2,16498799.2,16500362.2,0.0,0.0,0.0,1563.0,1563.0
15080.0,16498799.2,16498799.2,16500362.2,0.0,0.0,0.0,1563.0,1563.0
15081.0,16498799.2,16498799.2,16500362.2,0.0,0.0,0.0,1563.0,1563.0
15082.0,16498800.05,16498800.05,16500363.05,0.0,0.0,0.0,1563.0,1563.0
15083.0,16498800.05,16498800.05,16500363.05,0.0,0.0,0.0,1563.0,1563.0
15084.0,16498800.05,16498800.05,16500363.05,0.0,0.0,0.0,1563.0,1563.0
15085.0,16498800.05,16498800.05,16500363.05,0.0,0.0,0.0,1563.0,1563.0
15086.0,16498800.05,16498800.05,16500363.05,0.0,0.0,0.0,1563.0,1563.0
15087.0,16498800.05,16498800.05,16500363.05,0.0,0.0,0.0,1563.0,1563.0
15088.0,16498800.05,16498800.05,16500363.05,0.0,0.0,0.0,1563.0,1563.0
15089.0,16498800.9,16498800.9,16500363.9,0.0,0.0,0.0,1563.0,1563.0
15090.0,16498800.9,16498800.9,16500363.9,0.0,0.0,0.0,1563.0,1563.0
15091.0,16498800.9,16498800.9,16500363.9,0.0,0.0,0.0,1563.0,1563.0
15092.0,16498800.9,16498800.9,16500363.9,0.0,0.0,0.0,1563.0,1563.0
15093.0,16498800.9,16498800.9,16500363.9,0.0,0.0,0.0,1563.0,1563.0
15094.0,16498800.9,16498800.9,16500363.9,0.0,0.0,0.0,1563.0,1563.0
15095.0,16498800.9,16498800.9,16500363.9,0.0,0.0,0.0,1563.0,1563.0
15096.0,16498801.75,16498801.75,16500364.75,0.0,0.0,0.0,1563.0,1563.0
15097.0,16498801.75,16498801.75,16500364.75,0.0,0.0,0.0,1563.0,1563.0
15098.0,16498801.75,16498801.75,16500364.75,0.0,0.0,0.0,1563.0,1563.0
15099.0,16498801.75,16498801.75,16500364.75,0.0,0.0,0.0,1563.0,1563.0
15100.0,16498801.75,16498801.75,16500364.75,0.0,0.0,0.0,1563.0,1563.0
15101.0,16498801.75,16498801.75,16500364.75,0.0,0.0,0.0,1563.0,1563.0
15102.0,16498801.75,16498801.75,16500364.75,0.0,0.0,0.0,1563.0,1563.0
15103.0,16498802.6,16498802.6,16500365.6,0.0,0.0,0.0,1563.0,1563.0
15104.0,16498802.6,16498802.6,16500365.6,0.0,0.0,0.0,1563.0,1563.0
15120.0,16500522.15,16500522.15,16500594.715863753,1.0,0.0,0.0,72.56586375273764,72.56586375273764
15116.0,16500516.2,16500516.2,16500618.2,0.0,0.0,0.0,102.0,102.0
15121.0,16500522.15,16500522.15,16500618.648707552,1.0,0.0,0.0,96.49870755150914,96.49870755150914
15122.0,16500522.15,16500522.15,16500619.873761054,1.0,0.0,0.0,97.72376105375588,97.72376105375588
15117.0,16500521.3,16500521.3,16500644.3,0.0,0.0,0.0,123.0,123.0
15118.0,16500521.3,16500521.3,16500655.3,0.0,0.0,0.0,134.0,134.0
15119.0,16500522.15,16500522.15,16500656.15,0.0,0.0,0.0,134.0,134.0
15123.0,16500523.0,16500523.0,16500689.0,0.0,0.0,0.0,166.0,166.0
15124.0,16500523.0,16500523.0,16500694.0,0.0,0.0,0.0,171.0,171.0
15106.0,16499176.6,16499176.6,16501872.627753463,1.0,0.0,0.0,2696.027753463015,2696.027753463015
15019.0,16494799.95,16494799.95,16503956.95,0.0,0.0,0.0,9157.0,9157.0
15037.0,16497664.45,16497664.45,16504593.45,0.0,0.0,0.0,6929.0,6929.0
15135.0,16513091.1,16513091.1,16513206.1,0.0,0.0,0.0,115.0,115.0
15137.0,16521914.95,16521914.95,16522032.95,0.0,0.0,0.0,118.0,118.0
15105.0,16499158.75,16499158.75,16525756.75,0.0,0.0,0.0,26598.0,26598.0
15128.0,16505141.9,16505141.9,16538308.302123686,1.0,0.0,0.0,33166.402123685926,33166.402123685926
15132.0,16508921.85,16508921.85,16541695.928589039,1.0,0.0,0.0,32774.07858903892,32774.07858903892
15133.0,16508953.3,16508953.3,16541697.137726758,1.0,0.0,0.0,32743.83772675693,32743.83772675693
15125.0,16501340.7,16501340.7,16543647.03576291,1.0,0.0,0.0,42306.335762910545,42306.335762910545
15131.0,16508131.35,16508131.35,16546055.360939896,1.0,0.0,0.0,37924.01093989611,37924.01093989611
15129.0,16505174.2,16505174.2,16550128.093405092,1.0,0.0,0.0,44953.89340509288,44953.89340509288
15192.0,16550083.95,16550083.95,16550597.95,0.0,0.0,0.0,514.0,514.0
15193.0,16550180.85,16550180.85,16550617.85,0.0,0.0,0.0,437.0,437.0
15195.0,16550305.8,16550305.8,16550772.8,0.0,0.0,0.0,467.0,467.0
15196.0,16550676.4,16550676.4,16551164.4,0.0,0.0,0.0,488.0,488.0
15197.0,16550681.5,16550681.5,16551169.5,0.0,0.0,0.0,488.0,488.0
15190.0,16549742.25,16549742.25,16551339.25,0.0,0.0,0.0,1597.0,1597.0
15194.0,16550246.3,16550246.3,16551404.3,0.0,0.0,0.0,1158.0,1158.0
15191.0,16549756.7,16549756.7,16551416.7,0.0,0.0,0.0,1660.0,1660.0
15198.0,16551387.85,16551387.85,16552587.85,0.0,0.0,0.0,1200.0,1200.0
15210.0,16552658.6,16552658.6,16552728.6,0.0,0.0,0.0,70.0,70.0
15208.0,16552503.05,16552503.05,16553014.801176988,1.0,0.0,0.0,511.75117698684335,511.75117698684335
15213.0,16553529.0,16553529.0,16553619.0,0.0,0.0,0.0,90.0,90.0
15214.0,16553529.0,16553529.0,16553619.0,0.0,0.0,0.0,90.0,90.0
15220.0,16553530.7,16553530.7,16553649.7,0.0,0.0,0.0,119.0,119.0
15215.0,16553529.0,16553529.0,16553652.0,0.0,0.0,0.0,123.0,123.0
15216.0,16553529.85,16553529.85,16553652.85,0.0,0.0,0.0,123.0,123.0
15217.0,16553529.85,16553529.85,16553659.464365298,1.0,0.0,0.0,129.61436529830098,129.61436529830098
15219.0,16553529.85,16553529.85,16553680.382623788,1.0,0.0,0.0,150.53262378834188,150.53262378834188
15218.0,16553529.85,16553529.85,16553694.85,0.0,0.0,0.0,165.0,165.0
15222.0,16553641.2,16553649.7,16553793.7,0.0,0.0,8.5,152.5,144.0
15223.0,16553935.3,16553935.3,16554265.3,0.0,0.0,0.0,330.0,330.0
15225.0,16554027.1,16554265.88823829,16554384.88823829,0.0,0.0,238.78823829069734,357.78823829069734,119.0
15224.0,16553940.4,16554265.3,16554540.018659675,1.0,0.0,324.90000000037253,599.6186596751213,274.7186596747488
15226.0,16554408.75,16554408.75,16554870.75,0.0,0.0,0.0,462.0,462.0
15228.0,16554917.05,16555790.815809531,16555874.815809531,0.0,0.0,873.7658095303923,957.7658095303923,84.0
15227.0,16554622.1,16555790.308092512,16555909.308092512,0.0,0.0,1168.2080925125629,1287.2080925125629,119.0
15230.0,16555079.4,16555794.142247617,16555935.142247617,0.0,0.0,714.7422476168722,855.7422476168722,141.0
15231.0,16555790.0,16555790.0,16555947.0,0.0,0.0,0.0,157.0,157.0
15238.0,16555795.95,16555935.142247617,16556047.142247617,0.0,0.0,139.19224761798978,251.19224761798978,112.0
15233.0,16555795.1,16555874.815809531,16556054.815809531,0.0,0.0,79.71580953150988,259.7158095315099,180.0
15232.0,16555794.25,16555874.815809531,16556070.815809531,0.0,0.0,80.56580953113735,276.56580953113735,196.0
15234.0,16555795.1,16555874.815809531,16556070.815809531,0.0,0.0,79.71580953150988,275.7158095315099,196.0
15235.0,16555795.1,16555874.960389202,16556102.960389202,0.0,0.0,79.86038920283318,307.8603892028332,228.0
15236.0,16555795.1,16555875.63105594,16556103.63105594,0.0,0.0,80.53105594031513,308.5310559403151,228.0
15237.0,16555795.95,16555877.025423866,16556105.025423866,0.0,0.0,81.07542386651039,309.0754238665104,228.0
15229.0,16554988.45,16555792.119975312,16556197.119975312,0.0,0.0,803.6699753124267,1208.6699753124267,405.0
15239.0,16555795.95,16556197.119975312,16556385.119975312,0.0,0.0,401.1699753124267,589.1699753124267,188.0
15240.0,16556538.85,16556538.85,16556782.85,0.0,0.0,0.0,244.0,244.0
15241.0,16556817.65,16556817.65,16557001.65,0.0,0.0,0.0,184.0,184.0
15249.0,16556883.95,16557012.46745101,16557169.46745101,0.0,0.0,128.51745101064444,285.51745101064444,157.0
15242.0,16556883.1,16557001.65,16557253.65,0.0,0.0,118.55000000074506,370.55000000074506,252.0
15243.0,16556883.1,16557001.94167551,16557306.94167551,0.0,0.0,118.84167551063001,423.84167551063,305.0
15244.0,16556883.95,16557002.99151681,16557307.99151681,0.0,0.0,119.0415168106556,424.0415168106556,305.0
15245.0,16556883.95,16557004.130061047,16557309.130061047,0.0,0.0,120.18006104789674,425.18006104789674,305.0
15261.0,16557247.75,16557253.708217101,16557340.708217101,0.0,0.0,5.958217101171613,92.95821710117161,87.0
15246.0,16556883.95,16557005.6099189,16557363.6099189,0.0,0.0,121.65991890057921,479.6599189005792,358.0
15247.0,16556883.95,16557007.22037618,16557365.22037618,0.0,0.0,123.27037618122995,481.27037618122995,358.0
15251.0,16556960.45,16557016.159047695,16557370.159047695,0.0,0.0,55.70904769562185,409.70904769562185,354.0
15252.0,16556965.55,16557020.10008012,16557397.10008012,0.0,0.0,54.55008011870086,431.55008011870086,377.0
15262.0,16557323.4,16557323.4,16557397.4,0.0,0.0,0.0,74.0,74.0
15253.0,16556965.55,16557024.420528792,16557401.420528792,0.0,0.0,58.87052879109979,435.8705287910998,377.0
15258.0,16556966.4,16557169.46745101,16557408.46745101,0.0,0.0,203.06745100952685,442.06745100952685,239.0
15254.0,16556965.55,16557029.219618293,16557437.928399565,1.0,0.0,63.66961829178035,472.3783995639533,408.7087812721729
15248.0,16556883.95,16557009.310981203,16557454.353969384,2.0,0.0,125.36098120361567,570.4039693847299,445.0429881811142
15255.0,16556965.55,16557034.822868979,16557476.958965167,1.0,0.0,69.27286897785962,511.40896516665816,442.13609618879855
15263.0,16557376.95,16557376.95,16557483.95,0.0,0.0,0.0,107.0,107.0
15257.0,16556966.4,16557047.609961463,16557492.609961463,0.0,0.0,81.20996146276593,526.2099614627659,445.0
15256.0,16556966.4,16557040.851866523,16557511.851866523,0.0,0.0,74.45186652243137,545.4518665224314,471.0
15260.0,16557189.95,16557253.65,16557574.65,0.0,0.0,63.70000000111759,384.7000000011176,321.0
15054.0,16498529.75,16498529.75,16557620.75,0.0,0.0,0.0,59091.0,59091.0
15052.0,16498484.7,16498484.7,16557718.7,0.0,0.0,0.0,59234.0,59234.0
15053.0,16498507.65,16498507.65,16557719.65,0.0,0.0,0.0,59212.0,59212.0
15250.0,16556883.95,16557454.353969384,16557722.353969384,0.0,0.0,570.4039693847299,838.4039693847299,268.0
15264.0,16557512.95,16557512.95,16557947.95,0.0,0.0,0.0,435.0,435.0
15259.0,16556966.4,16557722.353969384,16558160.353969384,0.0,0.0,755.9539693836123,1193.9539693836123,438.0
15189.0,16549485.55,16549485.55,16560285.55,0.0,0.0,0.0,10800.0,10800.0
15268.0,16560203.2,16560285.55,16560366.55,0.0,0.0,82.35000000149012,163.35000000149012,81.0
15270.0,16560297.55,16560366.55,16560436.55,0.0,0.0,69.0,139.0,70.0
15266.0,16559923.55,16560285.55,16560498.55,0.0,0.0,362.0,575.0,213.0
15051.0,16498464.3,16498464.3,16560560.3,0.0,0.0,0.0,62096.0,62096.0
15041.0,16498388.65,16498388.65,16560586.65,0.0,0.0,0.0,62198.0,62198.0
15267.0,16559980.5,16560285.55,16560600.55,0.0,0.0,305.05000000074506,620.0500000007451,315.0
15269.0,16560248.25,16560285.55,16560611.55,0.0,0.0,37.30000000074506,363.30000000074506,326.0
15038.0,16497931.35,16497931.35,16560658.35,0.0,0.0,0.0,62727.0,62727.0
15272.0,16560628.2,16560628.2,16560706.2,0.0,0.0,0.0,78.0,78.0
15271.0,16560595.05,16560628.96941931,16560802.96941931,0.0,0.0,33.91941930912435,207.91941930912435,174.0
15273.0,16560786.3,16560786.3,16561080.3,0.0,0.0,0.0,294.0,294.0
15275.0,16561186.65,16561186.65,16561264.65,0.0,0.0,0.0,78.0,78.0
15282.0,16561224.9,16561264.65,16561348.65,0.0,0.0,39.75,123.75,84.0
15281.0,16561192.6,16561273.204063188,16561362.204063188,0.0,0.0,80.60406318865716,169.60406318865716,89.0
15276.0,16561191.75,16561265.312680421,16561364.312680421,0.0,0.0,73.56268042139709,172.5626804213971,99.0
15277.0,16561191.75,16561266.201710619,16561365.201710619,0.0,0.0,74.45171061903238,173.45171061903238,99.0
15291.0,16561233.4,16561306.308402527,16561374.308402527,0.0,0.0,72.90840252675116,140.90840252675116,68.0
15278.0,16561191.75,16561267.464216456,16561380.464216456,0.0,0.0,75.71421645581722,188.71421645581722,113.0
15287.0,16561230.0,16561290.224759,16561385.456250362,0.0,1.0,60.22475899942219,155.45625036209822,95.23149136267602
15279.0,16561191.75,16561269.280411799,16561390.450893372,0.0,1.0,77.53041179850698,198.7008933722973,121.17048157379031
15283.0,16561224.9,16561275.490003387,16561392.490003387,0.0,0.0,50.59000338613987,167.59000338613987,117.0
15284.0,16561224.9,16561278.126477266,16561395.126477266,0.0,0.0,53.22647726535797,170.22647726535797,117.0
15285.0,16561224.9,16561282.064109538,16561399.064109538,0.0,0.0,57.16410953737795,174.16410953737795,117.0
15292.0,16561243.6,16561312.874632169,16561422.874632169,0.0,0.0,69.27463216893375,179.27463216893375,110.0
15286.0,16561224.9,16561286.095208162,16561426.907453643,0.0,1.0,61.19520816206932,202.00745364278555,140.81224548071623
15280.0,16561192.6,16561271.213659443,16561431.820641128,0.0,2.0,78.61365944333375,239.22064112871885,160.6069816853851
15293.0,16561243.6,16561319.944382004,16561440.944382004,0.0,0.0,76.34438200481236,197.34438200481236,121.0
15295.0,16561244.45,16561336.029710995,16561473.029710995,0.0,0.0,91.57971099577844,228.57971099577844,137.0
15294.0,16561244.45,16561327.639697341,16561479.639697341,0.0,0.0,83.18969734199345,235.18969734199345,152.0
15288.0,16561230.85,16561295.097893052,16561483.184926188,0.0,1.0,64.24789305217564,252.3349261879921,188.08703313581645
15299.0,16561248.7,16561364.129854707,16561522.129854707,0.0,0.0,115.4298547077924,273.4298547077924,158.0
15298.0,16561245.3,16561362.204063188,16561543.204063188,0.0,0.0,116.90406318753958,297.9040631875396,181.0
15300.0,16561248.7,16561374.611154791,16561544.611154791,0.0,0.0,125.91115479171276,295.91115479171276,170.0
15301.0,16561248.7,16561385.418263523,16561583.418263523,0.0,0.0,136.71826352365315,334.71826352365315,198.0
15302.0,16561248.7,16561396.744938726,16561594.744938726,0.0,0.0,148.04493872635067,346.04493872635067,198.0
15305.0,16561249.55,16561365.364972753,16561601.364972753,0.0,0.0,115.81497275270522,351.8149727527052,236.0
15297.0,16561244.45,16561354.436888477,16561602.403022861,0.0,1.0,109.98688847757876,357.95302286185324,247.96613438427448
15296.0,16561244.45,16561345.10957627,16561610.900742294,0.0,2.0,100.6595762707293,366.4507422950119,265.7911660242826
15307.0,16561257.2,16561368.22105722,16561622.22105722,0.0,0.0,111.02105722017586,365.02105722017586,254.0
15309.0,16561258.05,16561376.649494937,16561628.649494937,0.0,0.0,118.59949493594468,370.5994949359447,252.0
15303.0,16561248.7,16561408.756491285,16561640.756491285,0.0,0.0,160.05649128556252,392.0564912855625,232.0
15306.0,16561257.2,16561421.475651842,16561653.475651842,0.0,0.0,164.27565184235573,396.2756518423557,232.0
15308.0,16561258.05,16561371.755229382,16561656.755229382,0.0,0.0,113.70522938109934,398.70522938109934,285.0
15310.0,16561258.05,16561382.355528189,16561688.355528189,0.0,0.0,124.3055281881243,430.3055281881243,306.0
15312.0,16561258.9,16561479.639697341,16561712.639697341,0.0,0.0,220.73969734087586,453.73969734087586,233.0
15304.0,16561248.7,16561363.0943325,16561719.743419405,2.0,1.0,114.39433250017464,471.043419405818,356.64908690564334
15313.0,16561642.25,16561642.25,16561723.25,0.0,0.0,0.0,81.0,81.0
15311.0,16561258.05,16561385.456250362,16561732.456250362,0.0,0.0,127.40625036135316,474.40625036135316,347.0
15314.0,16561992.45,16561992.45,16562081.45,0.0,0.0,0.0,89.0,89.0
15289.0,16561230.85,16561300.380913896,16562126.354960201,1.0,4.0,69.53091389685869,895.5049602016807,825.974046304822
15315.0,16562068.95,16562126.354960201,16562331.354960201,0.0,0.0,57.40496020205319,262.4049602020532,205.0
15317.0,16562308.65,16562331.919379165,16562410.919379165,0.0,0.0,23.269379165023565,102.26937916502357,79.0
15316.0,16562262.75,16562331.354960201,16562444.354960201,0.0,0.0,68.60496020130813,181.60496020130813,113.0
15001.0,16487744.95,16487744.95,16562444.95,0.0,0.0,0.0,74700.0,74700.0
15290.0,16561230.85,16561642.77372206,16563442.77372206,0.0,0.0,411.92372206039727,2211.9237220603973,1800.0
15319.0,16562853.5,16563442.77372206,16563550.77372206,0.0,0.0,589.2737220600247,697.2737220600247,108.0
15318.0,16562665.65,16563442.77372206,16563555.77372206,0.0,0.0,777.1237220596522,890.1237220596522,113.0
15320.0,16563153.55,16563442.77372206,16563786.77372206,0.0,0.0,289.2237220592797,633.2237220592797,344.0
15321.0,16564456.6,16564456.6,16564653.6,0.0,0.0,0.0,197.0,197.0
15209.0,16552574.45,16552574.45,16566134.45,0.0,0.0,0.0,13560.0,13560.0
15221.0,16553530.7,16553531.61423411,16568735.846722938,9.0,27.0,0.9142341110855341,15205.146722938865,15204.23248882778
15265.0,16557837.65,16558160.353969384,16568960.353969384,0.0,0.0,322.7039693836123,11122.703969383612,10800.0
15140.0,16524112.2,16524112.2,16569367.2,0.0,0.0,0.0,45255.0,45255.0
15139.0,16524107.1,16524107.1,16569747.1,0.0,0.0,0.0,45640.0,45640.0
15141.0,16524112.2,16524112.2,16569883.2,0.0,0.0,0.0,45771.0,45771.0
15326.0,16569786.1,16569786.1,16569913.1,0.0,0.0,0.0,127.0,127.0
15142.0,16524112.2,16524112.2,16570090.2,0.0,0.0,0.0,45978.0,45978.0
15322.0,16568834.95,16568834.95,16570791.476196814,1.0,0.0,0.0,1956.5261968150735,1956.5261968150735
15323.0,16568945.45,16568945.45,16570814.489644887,1.0,0.0,0.0,1869.0396448876709,1869.0396448876709
15325.0,16569030.45,16569030.45,16571222.18265973,1.0,0.0,0.0,2191.7326597310603,2191.7326597310603
15134.0,16508993.25,16508993.25,16571391.25,0.0,0.0,0.0,62398.0,62398.0
15330.0,16570814.6,16570814.6,16571517.875278935,1.0,0.0,0.0,703.2752789352089,703.2752789352089
15333.0,16571583.0,16571583.0,16571733.0,0.0,0.0,0.0,150.0,150.0
15334.0,16571666.3,16571733.0,16571888.0,0.0,0.0,66.69999999925494,221.69999999925494,155.0
15143.0,16524113.05,16524113.05,16571941.05,0.0,0.0,0.0,47828.0,47828.0
15338.0,16571929.8,16571929.8,16572085.8,0.0,0.0,0.0,156.0,156.0
15324.0,16568984.55,16568984.55,16572516.55,0.0,0.0,0.0,3532.0,3532.0
15345.0,16573463.2,16574516.186566178,16574642.186566178,0.0,0.0,1052.9865661785007,1178.9865661785007,126.0
15346.0,16573475.95,16574520.352200534,16574656.352200534,0.0,0.0,1044.4022005349398,1180.4022005349398,136.0
15343.0,16572432.15,16574513.408858415,16574723.415773284,0.0,1.0,2081.258858414367,2291.2657732833177,210.00691486895084
15342.0,16572246.85,16574512.465326093,16574821.35436979,0.0,1.0,2265.61532609351,2574.5043697897345,308.8890436962247
15347.0,16573485.3,16574656.352200534,16574835.352200534,0.0,0.0,1171.0522005334496,1350.0522005334496,179.0
15349.0,16573493.8,16574835.352200534,16574953.352200534,0.0,0.0,1341.5522005334496,1459.5522005334496,118.0
15348.0,16573488.7,16574657.542061742,16575092.171214024,1.0,0.0,1168.8420617431402,1603.47121402435,434.6291522812098
15344.0,16572991.45,16574514.641803492,16575243.934347289,0.0,1.0,1523.1918034926057,2252.484347289428,729.2925437968224
15173.0,16524118.15,16524118.15,16578428.15,0.0,0.0,0.0,54310.0,54310.0
15358.0,16579550.9,16579550.9,16579681.9,0.0,0.0,0.0,131.0,131.0
15174.0,16524118.15,16524118.15,16579726.15,0.0,0.0,0.0,55608.0,55608.0
15175.0,16524118.15,16524118.15,16579726.15,0.0,0.0,0.0,55608.0,55608.0
15356.0,16578644.8,16579684.881404622,16579779.881404622,0.0,0.0,1040.0814046207815,1135.0814046207815,95.0
15355.0,16578622.7,16579682.622435959,16579820.622435959,0.0,0.0,1059.922435959801,1197.922435959801,138.0
15166.0,16524117.3,16524117.3,16579913.3,0.0,0.0,0.0,55796.0,55796.0
15359.0,16579571.3,16579681.9,16579933.9,0.0,0.0,110.59999999962747,362.59999999962747,252.0
15180.0,16524119.0,16524119.0,16579988.0,0.0,0.0,0.0,55869.0,55869.0
15352.0,16578485.85,16579551.21216691,16580009.008585371,1.0,1.0,1065.362166909501,1523.1585853714496,457.79641846194863
15176.0,16524118.15,16524118.15,16580091.15,0.0,0.0,0.0,55973.0,55973.0
15360.0,16579964.85,16579964.85,16580135.85,0.0,0.0,0.0,171.0,171.0
15167.0,16524117.3,16524117.3,16580175.3,0.0,0.0,0.0,56058.0,56058.0
15361.0,16580147.6,16580147.6,16580242.6,0.0,0.0,0.0,95.0,95.0
15177.0,16524118.15,16524118.15,16580397.15,0.0,0.0,0.0,56279.0,56279.0
15362.0,16580355.85,16580355.85,16580428.85,0.0,0.0,0.0,73.0,73.0
15363.0,16580479.95,16580479.95,16580549.95,0.0,0.0,0.0,70.0,70.0
15364.0,16580535.2,16580549.95,16580607.95,0.0,0.0,14.75,72.75,58.0
15186.0,16524119.85,16524119.85,16580902.85,0.0,0.0,0.0,56783.0,56783.0
15181.0,16524119.0,16524119.0,16580962.0,0.0,0.0,0.0,56843.0,56843.0
15182.0,16524119.0,16524119.0,16580962.0,0.0,0.0,0.0,56843.0,56843.0
15183.0,16524119.0,16524119.0,16581097.0,0.0,0.0,0.0,56978.0,56978.0
15187.0,16524119.85,16524119.85,16581529.85,0.0,0.0,0.0,57410.0,57410.0
15184.0,16524119.0,16524119.0,16581591.0,0.0,0.0,0.0,57472.0,57472.0
15188.0,16524119.85,16524119.85,16581836.85,0.0,0.0,0.0,57717.0,57717.0
15365.0,16580588.75,16580607.95,16582275.95,0.0,0.0,19.199999999254942,1687.199999999255,1668.0
15366.0,16581607.9,16581607.9,16583407.9,0.0,0.0,0.0,1800.0,1800.0
15353.0,16578541.95,16579554.277441522,16583434.014900936,0.0,2.0,1012.3274415228516,4892.064900936559,3879.7374594137073
15370.0,16582038.85,16583434.014900936,16583507.014900936,0.0,0.0,1395.1649009361863,1468.1649009361863,73.0
15369.0,16581970.0,16583434.014900936,16583517.014900936,0.0,0.0,1464.0149009358138,1547.0149009358138,83.0
15367.0,16581618.95,16581836.85,16583525.512002822,1.0,0.0,217.90000000037253,1906.5620028227568,1688.6620028223842
15371.0,16583309.6,16583434.014900936,16583540.014900936,0.0,0.0,124.41490093618631,230.4149009361863,106.0
15372.0,16583353.8,16583434.014900936,16583595.014900936,0.0,0.0,80.21490093506873,241.21490093506873,161.0
15029.0,16497259.0,16497259.0,16583659.0,0.0,0.0,0.0,86400.0,86400.0
15373.0,16583446.45,16583507.014900936,16583706.014900936,0.0,0.0,60.56490093655884,259.56490093655884,199.0
15374.0,16583613.05,16583613.05,16583846.05,0.0,0.0,0.0,233.0,233.0
15375.0,16583968.35,16583968.35,16584021.35,0.0,0.0,0.0,53.0,53.0
15376.0,16584012.55,16584021.35,16584420.35,0.0,0.0,8.799999998882413,407.7999999988824,399.0
15357.0,16578658.4,16583968.440617502,16584568.440617502,0.0,0.0,5310.040617501363,5910.040617501363,600.0
15354.0,16578595.5,16579820.622435959,16585519.43957824,8.0,2.0,1225.122435959056,6923.939578240737,5698.817142281681
15127.0,16504454.25,16504454.25,16585608.25,0.0,0.0,0.0,81154.0,81154.0
15274.0,16560986.05,16560986.05,16586019.05,0.0,0.0,0.0,25033.0,25033.0
15377.0,16584344.05,16584420.35,16586038.35,0.0,0.0,76.29999999888241,1694.2999999988824,1618.0
15147.0,16524113.9,16524113.9,16586713.9,0.0,0.0,0.0,62600.0,62600.0
15159.0,16524116.45,16524116.45,16586864.45,0.0,0.0,0.0,62748.0,62748.0
15160.0,16524116.45,16524116.45,16587216.45,0.0,0.0,0.0,63100.0,63100.0
15148.0,16524113.9,16524113.9,16587379.9,0.0,0.0,0.0,63266.0,63266.0
15151.0,16524114.75,16524114.75,16587442.75,0.0,0.0,0.0,63328.0,63328.0
15152.0,16524114.75,16524114.75,16587559.75,0.0,0.0,0.0,63445.0,63445.0
15178.0,16524118.15,16524118.15,16587826.15,0.0,0.0,0.0,63708.0,63708.0
15161.0,16524116.45,16524116.45,16587866.45,0.0,0.0,0.0,63750.0,63750.0
15153.0,16524114.75,16524114.75,16587937.75,0.0,0.0,0.0,63823.0,63823.0
15156.0,16524115.6,16524115.6,16587969.6,0.0,0.0,0.0,63854.0,63854.0
15185.0,16524119.0,16524119.0,16588421.0,0.0,0.0,0.0,64302.0,64302.0
15168.0,16524117.3,16524117.3,16588901.3,0.0,0.0,0.0,64784.0,64784.0
15149.0,16524113.9,16524113.9,16589083.9,0.0,0.0,0.0,64970.0,64970.0
15179.0,16524118.15,16524118.15,16589730.15,0.0,0.0,0.0,65612.0,65612.0
15379.0,16587450.8,16587450.8,16590049.8,0.0,0.0,0.0,2599.0,2599.0
15380.0,16589612.35,16589612.35,16590183.35,0.0,0.0,0.0,571.0,571.0
15378.0,16587297.8,16587297.8,16591906.8,0.0,0.0,0.0,4609.0,4609.0
15212.0,16552772.5,16552772.5,16592259.5,0.0,0.0,0.0,39487.0,39487.0
15211.0,16552681.55,16552681.55,16592688.55,0.0,0.0,0.0,40007.0,40007.0
15331.0,16570833.3,16570833.3,16595130.3,0.0,0.0,0.0,24297.0,24297.0
15350.0,16574512.1,16574512.1,16595600.1,0.0,0.0,0.0,21088.0,21088.0
15382.0,16599256.45,16599256.45,16599435.45,0.0,0.0,0.0,179.0,179.0
15383.0,16599348.25,16599348.25,16599538.25,0.0,0.0,0.0,190.0,190.0
15154.0,16524114.75,16524114.75,16603117.75,0.0,0.0,0.0,79003.0,79003.0
15144.0,16524113.05,16524113.05,16603592.05,0.0,0.0,0.0,79479.0,79479.0
15157.0,16524115.6,16524115.6,16603842.6,0.0,0.0,0.0,79727.0,79727.0
15162.0,16524116.45,16524116.45,16603959.45,0.0,0.0,0.0,79843.0,79843.0
15145.0,16524113.05,16524113.05,16604102.05,0.0,0.0,0.0,79989.0,79989.0
15146.0,16524113.05,16524113.05,16604102.05,0.0,0.0,0.0,79989.0,79989.0
15155.0,16524114.75,16524114.75,16604217.75,0.0,0.0,0.0,80103.0,80103.0
15163.0,16524116.45,16524116.45,16604719.45,0.0,0.0,0.0,80603.0,80603.0
15150.0,16524113.9,16524113.9,16604769.9,0.0,0.0,0.0,80656.0,80656.0
15158.0,16524115.6,16524115.6,16604802.6,0.0,0.0,0.0,80687.0,80687.0
15169.0,16524117.3,16524117.3,16604953.3,0.0,0.0,0.0,80836.0,80836.0
15164.0,16524116.45,16524116.45,16605030.45,0.0,0.0,0.0,80914.0,80914.0
15170.0,16524117.3,16524117.3,16605156.3,0.0,0.0,0.0,81039.0,81039.0
15171.0,16524117.3,16524117.3,16605705.3,0.0,0.0,0.0,81588.0,81588.0
15165.0,16524116.45,16524116.45,16605777.45,0.0,0.0,0.0,81661.0,81661.0
15172.0,16524117.3,16524117.3,16607206.3,0.0,0.0,0.0,83089.0,83089.0
15384.0,16599406.9,16599406.9,16610349.9,0.0,0.0,0.0,10943.0,10943.0
15385.0,16621221.3,16621221.3,16622117.3,0.0,0.0,0.0,896.0,896.0
15386.0,16622373.05,16622373.05,16622533.05,0.0,0.0,0.0,160.0,160.0
15387.0,16622390.9,16622390.9,16622558.9,0.0,0.0,0.0,168.0,168.0
15388.0,16622754.7,16622938.404302018,16623956.404302018,0.0,0.0,183.70430201850832,1201.7043020185083,1018.0
15394.0,16623649.75,16623956.404302018,16624091.404302018,0.0,0.0,306.65430201776326,441.65430201776326,135.0
15392.0,16623274.9,16623956.404302018,16624149.714313269,0.0,1.0,681.5043020173907,874.814313268289,193.31001125089824
15405.0,16624079.0,16624091.404302018,16624196.404302018,0.0,0.0,12.404302017763257,117.40430201776326,105.0
15391.0,16623104.9,16623956.404302018,16624204.186979549,0.0,1.0,851.5043020173907,1099.286979548633,247.78267753124237
15393.0,16623340.35,16623956.404302018,16624236.404302018,0.0,0.0,616.0543020181358,896.0543020181358,280.0
15397.0,16623843.55,16623962.60559989,16624446.998440303,0.0,1.0,119.05559988878667,603.4484403021634,484.3928404133767
15402.0,16623872.45,16624093.53254093,16624529.325841792,0.0,1.0,221.08254093118012,656.8758417926729,435.79330086149275
15407.0,16624403.7,16624447.90770559,16624559.90770559,0.0,0.0,44.20770559087396,156.20770559087396,112.0
15408.0,16624489.55,16624529.325841792,16624644.325841792,0.0,0.0,39.775841791182756,154.77584179118276,115.0
15409.0,16624614.5,16624614.5,16624718.5,0.0,0.0,0.0,104.0,104.0
15399.0,16623843.55,16624446.998440303,16624780.43195429,0.0,0.0,603.4484403021634,936.8819542899728,333.4335139878094
15403.0,16623882.65,16624236.950865276,16624987.281314986,0.0,2.0,354.3008652757853,1104.631314985454,750.3304497096688
15398.0,16623843.55,16624236.404302018,16625184.433426457,2.0,0.0,392.8543020170182,1340.8834264557809,948.0291244387627
15410.0,16624759.85,16624759.85,16625292.336234083,1.0,0.0,0.0,532.4862340837717,532.4862340837717
15412.0,16625415.2,16625415.2,16625482.2,0.0,0.0,0.0,67.0,67.0
15413.0,16625558.85,16625741.302713653,16625828.302713653,0.0,0.0,182.45271365344524,269.45271365344524,87.0
15401.0,16623844.4,16625184.433426457,16625881.433426457,0.0,0.0,1340.0334264561534,2037.0334264561534,697.0
15414.0,16625642.15,16625742.08382651,16625978.08382651,0.0,0.0,99.93382650986314,335.93382650986314,236.0
15411.0,16624836.35,16625881.433426457,16626712.433426457,0.0,0.0,1045.0834264568985,1876.0834264568985,831.0
15400.0,16623843.55,16624780.43195429,16626879.877670098,4.0,0.0,936.8819542899728,3036.327670097351,2099.4457158073783
15416.0,16625915.85,16626712.433426457,16626922.433426457,0.0,0.0,796.5834264568985,1006.5834264568985,210.0
15396.0,16623841.85,16623957.446879355,16627237.691385347,1.0,4.0,115.59687935560942,3395.8413853477687,3280.2445059921592
15419.0,16627825.8,16627825.8,16627956.8,0.0,0.0,0.0,131.0,131.0
15332.0,16570834.15,16570834.15,16629011.350696543,4.0,4.0,0.0,58177.20069654286,58177.20069654286
15415.0,16625740.75,16625740.75,16629390.081385924,1.0,0.0,0.0,3649.3313859235495,3649.3313859235495
15404.0,16623893.7,16627828.417148907,16629628.417148907,0.0,0.0,3934.7171489074826,5734.717148907483,1800.0
15422.0,16629884.5,16629884.5,16629968.5,0.0,0.0,0.0,84.0,84.0
15341.0,16571966.35,16572085.8,16630039.837124815,4.0,4.0,119.45000000111759,58073.48712481558,57954.037124814466
15423.0,16630012.85,16630012.85,16630088.85,0.0,0.0,0.0,76.0,76.0
15337.0,16571913.65,16571913.65,16630101.62529202,6.0,4.0,0.0,58187.975292019546,58187.975292019546
15428.0,16630190.5,16630190.5,16630309.5,0.0,0.0,0.0,119.0,119.0
15429.0,16630264.45,16630264.45,16630348.45,0.0,0.0,0.0,84.0,84.0
15336.0,16571898.35,16571898.35,16630387.656261196,5.0,4.0,0.0,58489.30626119673,58489.30626119673
15389.0,16622938.3,16622938.3,16630564.3,0.0,0.0,0.0,7626.0,7626.0
15432.0,16630691.15,16630987.907429485,16631143.907429485,0.0,0.0,296.75742948427796,452.75742948427796,156.0
15434.0,16630986.95,16630986.95,16631179.429296842,0.0,0.0,0.0,192.47929684258997,192.47929684258997
15433.0,16630934.25,16631143.907429485,16631249.907429485,0.0,0.0,209.6574294846505,315.6574294846505,106.0
15435.0,16631143.35,16631249.907429485,16631365.907429485,0.0,0.0,106.55742948502302,222.55742948502302,116.0
15339.0,16571945.1,16572085.8,16631704.2995983,4.0,4.0,140.7000000011176,59759.1995983012,59618.499598300084
15390.0,16622945.1,16623956.404302018,16631744.404302018,0.0,0.0,1011.3043020181358,8799.304302018136,7788.0
15436.0,16631808.05,16631808.05,16631933.05,0.0,0.0,0.0,125.0,125.0
15437.0,16631967.85,16631967.85,16632039.368101524,1.0,0.0,0.0,71.51810152456164,71.51810152456164
15439.0,16632202.45,16632202.45,16632291.45,0.0,0.0,0.0,89.0,89.0
15440.0,16632296.8,16632296.8,16632654.8,0.0,0.0,0.0,358.0,358.0
15417.0,16626561.85,16626712.433426457,16632912.433426457,0.0,0.0,150.58342645689845,6350.583426456898,6200.0
15418.0,16627018.3,16627018.3,16633886.949563965,1.0,0.0,0.0,6868.649563964456,6868.649563964456
15442.0,16635067.8,16635067.8,16635466.8,0.0,0.0,0.0,399.0,399.0
15441.0,16635003.2,16635003.2,16636557.2,0.0,0.0,0.0,1554.0,1554.0
15443.0,16635687.45,16635687.45,16636710.45,0.0,0.0,0.0,1023.0,1023.0
15445.0,16636638.6,16636638.6,16636747.6,0.0,0.0,0.0,109.0,109.0
15446.0,16636814.55,16636814.55,16636909.55,0.0,0.0,0.0,95.0,95.0
15448.0,16636912.3,16636912.3,16637022.3,0.0,0.0,0.0,110.0,110.0
15447.0,16636853.65,16636913.809314376,16637181.809314376,0.0,0.0,60.15931437537074,328.15931437537074,268.0
15444.0,16635892.3,16636638.691919405,16637254.691919405,0.0,0.0,746.3919194042683,1362.3919194042683,616.0
15451.0,16637084.85,16637181.809314376,16637290.809314376,0.0,0.0,96.9593143761158,205.9593143761158,109.0
15452.0,16637180.9,16637181.809314376,16637290.809314376,0.0,0.0,0.9093143753707409,109.90931437537074,109.0
15449.0,16637010.05,16637183.205417028,16637292.205417028,0.0,0.0,173.1554170269519,282.1554170269519,109.0
15453.0,16637345.8,16637345.8,16637415.8,0.0,0.0,0.0,70.0,70.0
15454.0,16637424.0,16637424.0,16637494.0,0.0,0.0,0.0,70.0,70.0
15455.0,16637510.7,16637510.7,16637579.7,0.0,0.0,0.0,69.0,69.0
15456.0,16637577.85,16637577.85,16637689.85,0.0,0.0,0.0,112.0,112.0
15457.0,16637632.25,16637632.25,16637893.25,0.0,0.0,0.0,261.0,261.0
15450.0,16637020.25,16637022.3,16637987.3,0.0,0.0,2.050000000745058,967.0500000007451,965.0
15460.0,16637889.8,16637889.8,16638510.8,0.0,0.0,0.0,621.0,621.0
15462.0,16638438.9,16638438.9,16638516.9,0.0,0.0,0.0,78.0,78.0
15459.0,16637863.45,16637863.45,16638578.45,0.0,0.0,0.0,715.0,715.0
15461.0,16638256.15,16638439.251822168,16638721.251822168,0.0,0.0,183.10182216763496,465.10182216763496,282.0
15431.0,16630344.35,16630344.35,16638759.022789543,1.0,0.0,0.0,8414.672789543867,8414.672789543867
15464.0,16638573.2,16638721.251822168,16638826.251822168,0.0,0.0,148.05182216875255,253.05182216875255,105.0
15465.0,16638648.0,16638721.251822168,16638904.251822168,0.0,0.0,73.2518221680075,256.2518221680075,183.0
15463.0,16638534.95,16638534.95,16639897.95,0.0,0.0,0.0,1363.0,1363.0
15467.0,16639407.05,16639407.05,16640126.05,0.0,0.0,0.0,719.0,719.0
15468.0,16639532.0,16639532.0,16640157.0,0.0,0.0,0.0,625.0,625.0
15395.0,16623668.45,16623956.404302018,16641689.163234748,1.0,0.0,287.9543020185083,18020.71323474869,17732.758932730183
15470.0,16641913.7,16641913.7,16642044.7,0.0,0.0,0.0,131.0,131.0
15471.0,16642205.25,16642205.25,16642425.25,0.0,0.0,0.0,220.0,220.0
15473.0,16642716.1,16642716.1,16643035.508493641,1.0,0.0,0.0,319.4084936417639,319.4084936417639
15472.0,16642448.35,16642448.35,16643038.35,0.0,0.0,0.0,590.0,590.0
15486.0,16643314.5,16643314.5,16643820.5,0.0,0.0,0.0,506.0,506.0
15487.0,16643544.0,16643820.5,16644023.5,0.0,0.0,276.5,479.5,203.0
15424.0,16630119.95,16630119.95,16645613.95,0.0,0.0,0.0,15494.0,15494.0
15430.0,16630297.6,16630297.6,16645630.6,0.0,0.0,0.0,15333.0,15333.0
15426.0,16630153.95,16630153.95,16645632.95,0.0,0.0,0.0,15479.0,15479.0
15427.0,16630176.05,16630176.05,16645634.05,0.0,0.0,0.0,15458.0,15458.0
15491.0,16644467.1,16645616.724817093,16645973.682974437,0.0,1.0,1149.6248170938343,1506.5829744376242,356.95815734378994
15488.0,16643736.1,16643821.002196465,16646502.99431328,0.0,1.0,84.90219646506011,2766.8943132795393,2681.9921168144792
15492.0,16644467.1,16645689.129996214,16646573.037441852,0.0,1.0,1222.0299962144345,2105.9374418519437,883.9074456375092
15498.0,16645684.3,16645684.3,16646583.3,0.0,0.0,0.0,899.0,899.0
15458.0,16637825.2,16637825.2,16648625.2,0.0,0.0,0.0,10800.0,10800.0
15503.0,16648547.1,16648625.2,16648730.2,0.0,0.0,78.09999999962747,183.09999999962747,105.0
15493.0,16644467.1,16645973.682974437,16648897.40461018,1.0,1.0,1506.5829744376242,4430.304610179737,2923.721635742113
15494.0,16644467.95,16646573.037441852,16649559.738964643,0.0,0.0,2105.0874418523163,5091.788964644074,2986.701522791758
15425.0,16630130.15,16630130.15,16650800.15,0.0,0.0,0.0,20670.0,20670.0
15495.0,16644467.95,16648897.40461018,16651140.041432574,1.0,0.0,4429.45461018011,6672.091432575136,2242.6368223950267
15199.0,16552110.35,16552110.35,16651404.35,0.0,0.0,0.0,99294.0,99294.0
15496.0,16644467.95,16651404.35,16651522.35,0.0,0.0,6936.4000000003725,7054.4000000003725,118.0
15340.0,16571954.45,16572085.8,16653810.8,0.0,0.0,131.35000000149012,81856.35000000149,81725.0
15335.0,16571888.15,16571888.15,16655322.15,0.0,0.0,0.0,83434.0,83434.0
15420.0,16627901.45,16627956.8,16655998.777124152,2.0,1.0,55.350000001490116,28097.327124152333,28041.977124150842
15466.0,16638997.35,16638997.35,16660320.35,0.0,0.0,0.0,21323.0,21323.0
15207.0,16552298.2,16552298.2,16662329.2,0.0,0.0,0.0,110031.0,110031.0
15483.0,16643282.2,16643282.2,16663374.2,0.0,0.0,0.0,20092.0,20092.0
15484.0,16643295.8,16643295.8,16663427.8,0.0,0.0,0.0,20132.0,20132.0
15485.0,16643301.75,16643315.266338682,16663645.266338682,0.0,0.0,13.516338681802154,20343.516338681802,20330.0
15508.0,16659457.7,16662329.733908698,16663767.733908698,0.0,0.0,2872.033908698708,4310.033908698708,1438.0
15505.0,16653733.8,16653733.8,16663840.808463585,0.0,1.0,0.0,10107.008463583887,10107.008463583887
15481.0,16643260.95,16643260.95,16663867.95,0.0,0.0,0.0,20607.0,20607.0
15480.0,16643252.45,16643252.45,16663970.45,0.0,0.0,0.0,20718.0,20718.0
15482.0,16643272.85,16643272.85,16664283.85,0.0,0.0,0.0,21011.0,21011.0
15499.0,16645855.15,16645973.76552313,16673170.458746871,1.0,2.0,118.61552312970161,27315.308746870607,27196.693223740906
15490.0,16644131.35,16645613.95,16673674.017524198,2.0,1.0,1482.5999999996275,29542.66752419807,28060.067524198443
15205.0,16552292.25,16552292.25,16680777.25,0.0,0.0,0.0,128485.0,128485.0
15509.0,16660742.9,16680777.25,16680996.111432899,0.0,0.0,20034.349999999627,20253.211432898417,218.86143289878964
15510.0,16660812.6,16680996.111432899,16681428.816705002,0.0,0.0,20183.511432899162,20616.21670500189,432.7052721027285
15489.0,16643857.65,16645614.481138445,16681614.481138445,0.0,0.0,1756.8311384450644,37756.831138445064,36000.0
15513.0,16660857.65,16681428.816705002,16684415.510204153,0.0,0.0,20571.166705001146,23557.860204152763,2986.6934991516173
15514.0,16660876.35,16684415.510204153,16684848.96523464,0.0,0.0,23539.160204153508,23972.615234639496,433.45503048598766
15201.0,16552169.0,16552169.0,16694822.0,0.0,0.0,0.0,142653.0,142653.0
15381.0,16589995.7,16589995.7,16698295.7,0.0,0.0,0.0,108300.0,108300.0
15512.0,16660827.05,16662329.2,16700013.940755617,2.0,0.0,1502.1499999985099,39186.89075561613,37684.74075561762
15517.0,16661621.8,16662332.4635375,16705699.4635375,0.0,0.0,710.6635374985635,44077.66353749856,43367.0
15518.0,16661628.6,16662335.474151,16705713.474151,0.0,0.0,706.874151000753,44084.87415100075,43378.0
15516.0,16661363.4,16662330.320981223,16705719.320981223,0.0,0.0,966.9209812227637,44355.920981222764,43389.0
15438.0,16632013.75,16632013.75,16708966.75,0.0,0.0,0.0,76953.0,76953.0
15511.0,16660822.8,16708966.75,16710766.75,0.0,0.0,48143.949999999255,49943.949999999255,1800.0
15515.0,16660886.55,16710766.75,16711366.75,0.0,0.0,49880.199999999255,50480.199999999255,600.0
15203.0,16552220.85,16552220.85,16716059.85,0.0,0.0,0.0,163839.0,163839.0
15501.0,16646364.3,16648626.90768913,16720591.333496504,1.0,0.0,2262.6076891291887,74227.03349650279,71964.4258073736
15519.0,16726269.4,16726269.4,16729647.4,0.0,0.0,0.0,3378.0,3378.0
15351.0,16576299.65,16576299.65,16738483.500810618,3.0,4.0,0.0,162183.8508106172,162183.8508106172
15504.0,16648679.7,16648730.2,16741295.159388946,1.0,0.0,50.5,92615.45938894711,92564.95938894711
15507.0,16653924.2,16656000.597311025,16745286.84133138,1.0,3.0,2076.3973110262305,91362.64133138023,89286.244020354
15204.0,16552290.55,16552290.55,16750294.55,0.0,0.0,0.0,198004.0,198004.0
15202.0,16552197.05,16552197.05,16750356.05,0.0,0.0,0.0,198159.0,198159.0
15206.0,16552295.65,16552295.65,16750611.65,0.0,0.0,0.0,198316.0,198316.0
15200.0,16552136.7,16552136.7,16751452.7,0.0,0.0,0.0,199316.0,199316.0
15136.0,16521765.35,16521765.35,16751525.35,0.0,0.0,0.0,229760.0,229760.0
15130.0,16505200.55,16505200.55,16759639.427976957,13.0,24.0,0.0,254438.87797695585,254438.87797695585
15500.0,16646345.6,16646573.037441852,16775620.34855974,2.0,2.0,227.43744185194373,129274.7485597413,129047.31111788936
15523.0,16774468.65,16775620.34855974,16775852.34855974,0.0,0.0,1151.6985597405583,1383.6985597405583,232.0
15477.0,16642858.05,16642858.05,16779231.215599425,2.0,3.0,0.0,136373.1655994244,136373.1655994244
15126.0,16504286.8,16504286.8,16781352.108820487,19.0,35.0,0.0,277065.30882048607,277065.30882048607
15138.0,16522266.85,16522266.85,16781466.85,0.0,0.0,0.0,259200.00000000186,259200.00000000186
15522.0,16774391.3,16774391.3,16784025.21274193,1.0,0.0,0.0,9633.912741929293,9633.912741929293
15328.0,16570434.65,16570434.65,16784279.19730648,5.0,4.0,0.0,213844.5473064799,213844.5473064799
15521.0,16774363.25,16774363.25,16785846.974677578,1.0,0.0,0.0,11483.724677577615,11483.724677577615
15475.0,16642840.2,16642840.2,16788398.31206942,3.0,2.0,0.0,145558.11206942052,145558.11206942052
15478.0,16642868.25,16642868.25,16790086.25,0.0,0.0,0.0,147218.0,147218.0
15327.0,16570417.65,16570417.65,16792641.227735236,8.0,8.0,0.0,222223.57773523591,222223.57773523591
15520.0,16739618.65,16739618.65,16795948.64133412,1.0,0.0,0.0,56329.99133411981,56329.99133411981
15479.0,16642882.7,16642882.7,16801000.7,0.0,0.0,0.0,158118.0,158118.0
15421.0,16628127.55,16629628.417148907,16802428.417148907,0.0,0.0,1500.8671489059925,174300.867148906,172800.0
15502.0,16646376.2,16649559.738964643,16809757.738964643,0.0,0.0,3183.5389646440744,163381.53896464407,160198.0
15506.0,16653829.85,16655998.777124152,16817939.271939572,3.0,0.0,2168.92712415196,164109.42193957232,161940.49481542036
15497.0,16645033.2,16645613.95,16818346.95,0.0,0.0,580.75,173313.75,172733.0
15329.0,16570446.55,16570446.55,16823046.55,0.0,0.0,0.0,252600.0,252600.0
15531.0,16817904.5,16817904.5,16826845.964623466,1.0,0.0,0.0,8941.464623466134,8941.464623466134
15528.0,16809279.55,16809279.55,16828242.979158644,1.0,0.0,0.0,18963.429158642888,18963.429158642888
15527.0,16808905.55,16808905.55,16831824.186773654,1.0,0.0,0.0,22918.63677365333,22918.63677365333
15529.0,16809513.3,16809513.3,16832895.3,0.0,0.0,0.0,23382.0,23382.0
15469.0,16640034.35,16640034.35,16834249.35,0.0,0.0,0.0,194215.00000000186,194215.00000000186
15406.0,16624253.25,16624447.293908361,16835134.29390836,0.0,0.0,194.04390836134553,210881.04390836135,210687.0
15476.0,16642848.7,16642848.7,16838008.7,0.0,0.0,0.0,195160.0,195160.0
15368.0,16581672.5,16581837.093780935,16841037.093780935,0.0,0.0,164.59378093481064,259364.5937809348,259200.0
15530.0,16809742.8,16809742.8,16845058.219892833,1.0,0.0,0.0,35315.41989283264,35315.41989283264
15548.0,16844903.05,16845058.219892833,16845118.219892833,0.0,0.0,155.16989283263683,215.16989283263683,60.0
15543.0,16843955.3,16845063.756187752,16845169.756187752,0.0,0.0,1108.4561877511442,1214.4561877511442,106.0
15544.0,16843969.75,16845066.477318995,16845253.02751889,0.0,1.0,1096.727318994701,1283.277518890798,186.55019989609718
15549.0,16845122.349999998,16845169.756187752,16845270.756187752,0.0,0.0,47.4061877541244,148.4061877541244,101.0
15550.0,16845143.599999998,16845170.92028536,16845279.92028536,0.0,0.0,27.320285361260176,136.32028536126018,109.0
15547.0,16844251.099999998,16845080.019048713,16845444.019048713,0.0,0.0,828.9190487153828,1192.9190487153828,364.0
15551.0,16845164.849999998,16845173.739949014,16845555.903730728,1.0,0.0,8.889949016273022,391.05373072996736,382.16378171369433
15545.0,16844221.349999998,16845070.306934338,16845568.805903293,0.0,1.0,848.9569343402982,1347.4559032954276,498.4989689551294
15552.0,16845249.0,16845279.92028536,16845604.92028536,0.0,0.0,30.920285359025,355.920285359025,325.0
15553.0,16845334.0,16845444.019048713,16845625.401455667,1.0,0.0,110.01904871314764,291.4014556668699,181.38240695372224
15546.0,16844227.3,16845074.603466913,16845705.3148517,0.0,2.0,847.303466912359,1478.0148517005146,630.7113847881556
15556.0,16845675.7,16845755.267479755,16845848.267479755,0.0,0.0,79.56747975572944,172.56747975572944,93.0
15554.0,16845605.15,16845605.15,16846036.754872203,1.0,1.0,0.0,431.60487220436335,431.60487220436335
15555.0,16845635.75,16845635.75,16847151.454701953,2.0,0.0,0.0,1515.7047019526362,1515.7047019526362
15561.0,16847098.599999998,16847151.454701953,16847484.454701953,0.0,0.0,52.854701954871416,385.8547019548714,333.0
15562.0,16847365.5,16847484.454701953,16847735.454701953,0.0,0.0,118.95470195263624,369.95470195263624,251.0
15563.0,16847577.15,16847735.454701953,16847855.454701953,0.0,0.0,158.30470195412636,278.30470195412636,120.0
15564.0,16847703.8,16847735.881485723,16847856.881485723,0.0,0.0,32.08148572221398,153.08148572221398,121.0
15539.0,16841382.349999998,16845058.6964119,16847923.117652033,0.0,1.0,3676.3464119024575,6540.7676520347595,2864.421240132302
15565.0,16848003.0,16848003.0,16848603.0,0.0,0.0,0.0,600.0,600.0
15526.0,16808246.8,16808246.8,16851611.8,0.0,0.0,0.0,43365.0,43365.0
15574.0,16850140.75,16851616.786864284,16851710.786864284,0.0,0.0,1476.036864284426,1570.036864284426,94.0
15558.0,16845887.349999998,16845887.349999998,16851805.074923273,1.0,0.0,0.0,5917.724923275411,5917.724923275411
15580.0,16851048.55,16851639.60737395,16851813.60737395,0.0,0.0,591.0573739483953,765.0573739483953,174.0
15579.0,16851000.099999998,16851634.398808002,16854824.87599691,1.0,0.0,634.2988080047071,3824.775996912271,3190.4771889075637
15571.0,16849347.7,16851613.111081295,16855213.111081295,0.0,0.0,2265.4110812954605,5865.4110812954605,3600.0
15584.0,16855483.0,16855483.0,16856073.0,0.0,0.0,0.0,590.0,590.0
15586.0,16856032.099999998,16856073.305505864,16856566.305505864,0.0,0.0,41.20550586655736,534.2055058665574,493.0
15585.0,16856011.7,16856073.0,16856662.0,0.0,0.0,61.30000000074506,650.3000000007451,589.0
15587.0,16858330.5,16858330.5,16858408.5,0.0,0.0,0.0,78.0,78.0
15588.0,16858426.55,16858426.55,16858535.55,0.0,0.0,0.0,109.0,109.0
15589.0,16858591.45,16858591.45,16860136.45,0.0,0.0,0.0,1545.0,1545.0
15581.0,16851256.8,16851645.53481188,16860471.493255462,1.0,0.0,388.73481187969446,9214.693255461752,8825.958443582058
15591.0,16858801.4,16860471.493255462,16860687.493255462,0.0,0.0,1670.0932554639876,1886.0932554639876,216.0
15593.0,16859985.45,16860471.493255462,16860693.493255462,0.0,0.0,486.04325546324253,708.0432554632425,222.0
15594.0,16860241.3,16860471.493255462,16860788.493255462,0.0,0.0,230.19325546175241,547.1932554617524,317.0
15538.0,16841349.2,16841349.2,16860826.33630731,3.0,1.0,0.0,19477.136307310313,19477.136307310313
15595.0,16860552.4,16860687.493255462,16860889.493255462,0.0,0.0,135.0932554639876,337.0932554639876,202.0
15557.0,16845754.75,16845754.75,16861085.75,0.0,0.0,0.0,15331.0,15331.0
15596.0,16860803.15,16860803.15,16861142.15,0.0,0.0,0.0,339.0,339.0
15592.0,16859050.45,16860471.493255462,16861453.493255462,0.0,0.0,1421.0432554632425,2403.0432554632425,982.0
15590.0,16858666.25,16860471.493255462,16861532.493255462,0.0,0.0,1805.2432554624975,2866.2432554624975,1061.0
15597.0,16861354.8,16861354.8,16861578.8,0.0,0.0,0.0,224.0,224.0
15598.0,16861597.05,16861597.05,16861667.05,0.0,0.0,0.0,70.0,70.0
15599.0,16861723.7,16861723.7,16862063.7,0.0,0.0,0.0,340.0,340.0
15541.0,16842974.4,16845060.102092344,16862398.027677193,1.0,1.0,2085.702092345804,19423.627677194774,17337.92558484897
15600.0,16861963.4,16862398.027677193,16862505.027677193,0.0,0.0,434.62767719477415,541.6276771947742,107.0
15602.0,16862727.55,16862727.55,16862876.55,0.0,0.0,0.0,149.0,149.0
15540.0,16842943.8,16845059.321886122,16862964.259338412,1.0,1.0,2115.5218861214817,20020.45933841169,17904.937452290207
15604.0,16863677.849999998,16863677.849999998,16867035.849999998,0.0,0.0,0.0,3358.0,3358.0
15605.0,16864782.0,16867035.849999998,16867082.849999998,0.0,0.0,2253.849999997765,2300.849999997765,47.0
15612.0,16866514.3,16867035.849999998,16867120.849999998,0.0,0.0,521.5499999970198,606.5499999970198,85.0
15610.0,16866360.45,16867035.849999998,16867124.849999998,0.0,0.0,675.3999999985099,764.3999999985099,89.0
15603.0,16862839.75,16862876.55,16867151.55,0.0,0.0,36.80000000074506,4311.800000000745,4275.0
15609.0,16866171.75,16867035.849999998,16867155.849999998,0.0,0.0,864.0999999977648,984.0999999977648,120.0
15621.0,16867439.099999998,16867439.099999998,16867571.099999998,0.0,0.0,0.0,132.0,132.0
15606.0,16864843.2,16867035.849999998,16867740.6150042,1.0,0.0,2192.64999999851,2897.4150042012334,704.7650042027235
15608.0,16866099.5,16867035.849999998,16868323.849999998,0.0,0.0,936.3499999977648,2224.349999997765,1288.0
15607.0,16865508.75,16867037.665147584,16870555.665147584,0.0,0.0,1528.9151475839317,5046.915147583932,3518.0
15623.0,16868173.5,16870555.665147584,16870639.665147584,0.0,0.0,2382.1651475839317,2466.1651475839317,84.0
15625.0,16868471.849999998,16870556.56996252,16870953.56996252,0.0,0.0,2084.7199625223875,2481.7199625223875,397.0
15474.0,16642832.55,16642832.55,16876402.55,0.0,0.0,0.0,233570.0,233570.0
15613.0,16866536.4,16867042.46534482,16877821.20343897,1.0,0.0,506.0653448216617,11284.803438972682,10778.73809415102
15569.0,16848473.9,16848603.0,16879430.4989932,1.0,4.0,129.10000000149012,30956.59899320081,30827.49899319932
15570.0,16848483.25,16848603.0,16880572.44920251,1.0,2.0,119.75,32089.19920251146,31969.44920251146
15559.0,16845971.5,16846036.754872203,16882036.754872203,0.0,0.0,65.25487220287323,36065.25487220287,36000.0
15611.0,16866494.75,16867039.77354606,16888659.77354606,0.0,0.0,545.0235460586846,22165.023546058685,21620.0
15620.0,16867028.55,16867082.085503016,16888741.085503016,0.0,0.0,53.53550301492214,21712.535503014922,21659.0
15572.0,16850008.15,16851611.8,16894961.8,0.0,0.0,1603.6500000022352,44953.650000002235,43350.0
15573.0,16850043.849999998,16851614.74466225,16894995.74466225,0.0,0.0,1570.8946622535586,44951.89466225356,43381.0
15578.0,16850882.8,16851629.612171628,16895558.40942536,1.0,1.0,746.8121716268361,44675.609425358474,43928.79725373164
15577.0,16850850.5,16851625.758186158,16899469.940850567,2.0,0.0,775.2581861577928,48619.44085056707,47844.18266440928
15619.0,16866825.4,16867074.464299373,16904147.464299373,0.0,0.0,249.0642993748188,37322.06429937482,37073.0
15576.0,16850813.95,16851622.48782484,16904464.248981293,1.0,1.0,808.5378248393536,53650.298981294036,52841.76115645468
15575.0,16850695.8,16851619.43213394,16904953.193105474,1.0,1.0,923.6321339383721,54257.39310547337,53333.760971535
15601.0,16862100.25,16862398.027677193,16917406.027677193,0.0,0.0,297.77767719328403,55305.777677193284,55008.0
15631.0,16916409.3,16917406.027677193,16918443.027677193,0.0,0.0,996.727677192539,2033.727677192539,1037.0
15615.0,16866798.2,16867050.630220428,16918629.95270189,1.0,0.0,252.43022042885423,51831.75270188972,51579.32248146087
15634.0,16918709.4,16918709.4,16918809.4,0.0,0.0,0.0,100.0,100.0
15635.0,16919095.3,16919095.3,16919167.3,0.0,0.0,0.0,72.0,72.0
15632.0,16917106.3,16917408.913853332,16920213.569366824,1.0,0.0,302.61385333165526,3107.269366823137,2804.6555134914815
15645.0,16920061.75,16920213.569366824,16920279.569366824,0.0,0.0,151.81936682388186,217.81936682388186,66.0
15637.0,16919429.349999998,16920213.569366824,16920309.569366824,0.0,0.0,784.219366826117,880.219366826117,96.0
15636.0,16919355.4,16919355.4,16920405.4,0.0,0.0,0.0,1050.0,1050.0
15647.0,16920195.2,16920213.569366824,16920413.569366824,0.0,0.0,18.369366824626923,218.36936682462692,200.0
15628.0,16914822.349999998,16914822.349999998,16920556.349999998,0.0,0.0,0.0,5734.0,5734.0
15638.0,16919644.4,16920213.994256005,16920638.994256005,0.0,0.0,569.5942560061812,994.5942560061812,425.0
15642.0,16919681.8,16920219.960539147,16920728.960539147,0.0,0.0,538.1605391465127,1047.1605391465127,509.0
15649.0,16920540.3,16920540.3,16920751.3,0.0,0.0,0.0,211.0,211.0
15650.0,16920678.849999998,16920678.849999998,16920797.849999998,0.0,0.0,0.0,119.0,119.0
15651.0,16920765.55,16920765.55,16920968.55,0.0,0.0,0.0,203.0,203.0
15652.0,16921035.0,16921035.0,16921242.0,0.0,0.0,0.0,207.0,207.0
15648.0,16920315.9,16920315.9,16921337.9,0.0,0.0,0.0,1022.0,1022.0
15624.0,16868231.3,16870555.665147584,16921612.286184568,2.0,1.0,2324.3651475831866,53380.98618456721,51056.62103698403
15653.0,16921386.05,16921386.05,16921712.05,0.0,0.0,0.0,326.0,326.0
15654.0,16921731.15,16921731.15,16922090.15,0.0,0.0,0.0,359.0,359.0
15568.0,16848445.849999998,16848603.0,16923382.758171458,5.0,2.0,157.15000000223517,74936.90817146003,74779.7581714578
15525.0,16807422.3,16807422.3,16923513.3,0.0,0.0,0.0,116091.0,116091.0
15567.0,16848435.65,16848603.0,16923786.330576494,3.0,2.0,167.35000000149012,75350.68057649583,75183.33057649434
15614.0,16866790.55,16867046.189094618,16924682.613767803,3.0,3.0,255.63909461721778,57892.06376780197,57636.42467318475
15655.0,16921939.4,16923382.758171458,16925374.65975638,1.0,0.0,1443.3581714592874,3435.2597563825548,1991.9015849232674
15658.0,16924609.25,16924682.613767803,16925728.613767803,0.0,0.0,73.3637678027153,1119.3637678027153,1046.0
15662.0,16927183.05,16927183.05,16927496.05,0.0,0.0,0.0,313.0,313.0
15618.0,16866822.0,16867067.513720084,16929251.513720084,0.0,0.0,245.51372008398175,62429.51372008398,62184.0
15616.0,16866810.099999998,16867055.838914264,16929261.838914264,0.0,0.0,245.73891426622868,62451.73891426623,62206.0
15617.0,16866816.9,16867061.300621536,16929267.300621536,0.0,0.0,244.40062153711915,62450.40062153712,62206.0
15666.0,16929197.55,16929251.513720084,16929340.513720084,0.0,0.0,53.963720083236694,142.9637200832367,89.0
15665.0,16928917.05,16929251.513720084,16929343.513720084,0.0,0.0,334.4637200832367,426.4637200832367,92.0
15664.0,16928578.75,16929251.513720084,16929568.513720084,0.0,0.0,672.7637200839818,989.7637200839818,317.0
15663.0,16928002.45,16929251.513720084,16929613.513720084,0.0,0.0,1249.0637200847268,1611.0637200847268,362.0
15667.0,16929914.95,16929914.95,16947914.95,0.0,0.0,0.0,18000.0,18000.0
15748.0,16944244.25,16947914.95,16947961.95,0.0,0.0,3670.699999999255,3717.699999999255,47.0
15747.0,16944144.8,16947914.95,16947992.95,0.0,0.0,3770.14999999851,3848.14999999851,78.0
15678.0,16934337.5,16947929.008631747,16948003.008631747,0.0,0.0,13591.508631747216,13665.508631747216,74.0
15679.0,16934427.599999998,16947932.81884385,16948005.81884385,0.0,0.0,13505.218843851238,13578.218843851238,73.0
15677.0,16934226.15,16947925.718337856,16948016.718337856,0.0,0.0,13699.568337857723,13790.568337857723,91.0
15674.0,16933859.8,16947918.0768895,16948026.0768895,0.0,0.0,14058.276889499277,14166.276889499277,108.0
15685.0,16935475.65,16947965.307420004,16948038.307420004,0.0,0.0,12489.65742000565,12562.65742000565,73.0
15681.0,16934625.65,16947942.375664543,16948039.375664543,0.0,0.0,13316.72566454485,13413.72566454485,97.0
15680.0,16934534.7,16947937.214615013,16948043.214615013,0.0,0.0,13402.514615014195,13508.514615014195,106.0
15669.0,16931966.0,16947914.95,16948051.95,0.0,0.0,15948.949999999255,16085.949999999255,137.0
15683.0,16934725.099999998,16947953.43437748,16948053.43437748,0.0,0.0,13228.334377482533,13328.334377482533,100.0
15682.0,16934716.599999998,16947947.622272808,16948058.622272808,0.0,0.0,13231.02227281034,13342.02227281034,111.0
15686.0,16935603.15,16947971.449980915,16948065.449980915,0.0,0.0,12368.299980916083,12462.299980916083,94.0
15690.0,16935711.099999998,16948002.72643877,16948072.72643877,0.0,0.0,12291.626438770443,12361.626438770443,70.0
15689.0,16935670.3,16947994.29278718,16948075.29278718,0.0,0.0,12323.992787178606,12404.992787178606,81.0
15692.0,16936049.4,16948021.272091914,16948086.272091914,0.0,0.0,11971.872091915458,12036.872091915458,65.0
15684.0,16935404.25,16947959.319744036,16948091.319744036,0.0,0.0,12555.069744035602,12687.069744035602,132.0
15670.0,16932085.849999998,16947914.95,16948091.95,0.0,0.0,15829.10000000149,16006.10000000149,177.0
15691.0,16935867.5,16948011.871193327,16948100.871193327,0.0,0.0,12144.37119332701,12233.37119332701,89.0
15687.0,16935608.25,16947978.339869373,16948134.862583112,0.0,2.0,12370.089869372547,12526.612583111972,156.52271373942494
15698.0,16936828.0,16948084.856892396,16948157.856892396,0.0,0.0,11256.856892395765,11329.856892395765,73.0
15693.0,16936055.349999998,16948031.05131813,16948160.086945772,0.0,1.0,11975.701318133622,12104.736945774406,129.0356276407838
15699.0,16936894.3,16948096.88089572,16948170.88089572,0.0,0.0,11202.580895718187,11276.580895718187,74.0
15695.0,16936176.9,16948051.449460573,16948200.84241341,0.0,1.0,11874.549460574985,12023.942413412035,149.39295283704996
15700.0,16937019.25,16948109.469975654,16948217.469975654,0.0,0.0,11090.219975654036,11198.219975654036,108.0
15706.0,16938732.849999998,16948164.205506455,16948299.205506455,0.0,0.0,9431.355506457388,9566.355506457388,135.0
15715.0,16938858.65,16948209.32293265,16948304.32293265,0.0,0.0,9350.672932650894,9445.672932650894,95.0
15714.0,16938772.8,16948193.88799685,16948304.88799685,0.0,0.0,9421.087996847928,9532.087996847928,111.0
15716.0,16938988.7,16948225.0490785,16948371.0490785,0.0,0.0,9236.349078502506,9382.349078502506,146.0
15707.0,16938739.65,16948178.591489103,16948670.940414287,0.0,1.0,9438.941489104182,9931.29041428864,492.3489251844585
15701.0,16937223.25,16948122.60850985,16948782.60850985,0.0,0.0,10899.358509849757,11559.358509849757,660.0
15713.0,16938768.55,16948299.205506455,16948858.25780715,0.0,4.0,9530.655506454408,10089.707807149738,559.0523006953299
15672.0,16932793.05,16947914.95,16948962.95,0.0,0.0,15121.89999999851,16169.89999999851,1048.0
15673.0,16933032.75,16947916.371190704,16949479.371190704,0.0,0.0,14883.621190704405,16446.621190704405,1563.0
15703.0,16937828.45,16948149.93416551,16949658.456569195,0.0,1.0,10321.484165512025,11830.006569195539,1508.5224036835134
15733.0,16941873.599999998,16948306.63668853,16949922.63668853,0.0,0.0,6433.03668853268,8049.03668853268,1616.0
15720.0,16941289.65,16948017.650124606,16949970.650124606,0.0,0.0,6728.000124607235,8681.000124607235,1953.0
15744.0,16942208.5,16949923.30778159,16950561.30778159,0.0,0.0,7714.807781588286,8352.807781588286,638.0
15743.0,16942204.25,16949922.63668853,16950845.63668853,0.0,0.0,7718.386688530445,8641.386688530445,923.0
15738.0,16942169.4,16948858.25780715,16951310.25780715,0.0,0.0,6688.857807151973,9140.857807151973,2452.0
15742.0,16942200.849999998,16949479.371190704,16951356.371190704,0.0,0.0,7278.5211907066405,9155.52119070664,1877.0
15676.0,16934130.95,16947922.512611475,16951394.512611475,0.0,0.0,13791.562611475587,17263.562611475587,3472.0
15675.0,16933915.05,16947920.034809083,16951907.034809083,0.0,0.0,14004.984809082001,17991.984809082,3987.0
15728.0,16941837.9,16948304.88799685,16952057.88799685,0.0,0.0,6466.987996850163,10219.987996850163,3753.0
15740.0,16942183.849999998,16948858.25780715,16952225.25780715,0.0,0.0,6674.407807152718,10041.407807152718,3367.0
15656.0,16924147.7,16924161.708050106,16952459.708050106,0.0,0.0,14.008050106465816,28312.008050106466,28298.0
15727.0,16941369.55,16948304.88799685,16952656.88799685,0.0,0.0,6935.337996847928,11287.337996847928,4352.0
15705.0,16938728.599999998,16952459.708050106,16952672.06968087,0.0,0.0,13731.108050107956,13943.469680871814,212.36163076385856
15737.0,16942152.4,16948858.25780715,16952782.25780715,0.0,0.0,6705.857807151973,10629.857807151973,3924.0
15745.0,16942214.45,16949970.650124606,16952867.650124606,0.0,0.0,7756.20012460649,10653.20012460649,2897.0
15671.0,16932660.45,16947914.95,16953100.95,0.0,0.0,15254.5,20440.5,5186.0
15731.0,16941862.55,16948305.015427805,16953118.015427805,0.0,0.0,6442.465427804738,11255.465427804738,4813.0
15708.0,16938743.9,16952672.06968087,16953292.82611396,0.0,0.0,13928.16968087107,14548.926113963127,620.7564330920577
15722.0,16941305.8,16948043.214615013,16953513.214615013,0.0,0.0,6737.414615012705,12207.414615012705,5470.0
15709.0,16938749.0,16953292.82611396,16953550.07955707,0.0,0.0,14543.826113961637,14801.079557068646,257.25344310700893
15712.0,16938764.3,16953550.07955707,16953751.02882543,0.0,0.0,14785.7795570679,14986.728825427592,200.9492683596909
15730.0,16941858.3,16948304.88799685,16953774.88799685,0.0,0.0,6446.587996847928,11916.587996847928,5470.0
15726.0,16941363.599999998,16948217.469975654,16953795.469975654,0.0,0.0,6853.869975656271,12431.869975656271,5578.0
15734.0,16941880.4,16948307.782987278,16953812.782987278,0.0,0.0,6427.382987279445,11932.382987279445,5505.0
15723.0,16941311.75,16948043.828967907,16953865.828967907,0.0,0.0,6732.078967906535,12554.078967906535,5822.0
15732.0,16941868.5,16948305.675788213,16953915.675788213,0.0,0.0,6437.175788212568,12047.175788212568,5610.0
15719.0,16941273.5,16948275.19725381,16954024.19725381,0.0,0.0,7001.697253808379,12750.69725380838,5749.0
15729.0,16941852.349999998,16948304.88799685,16954042.88799685,0.0,0.0,6452.537996850908,12190.537996850908,5738.0
15736.0,16941907.599999998,16948858.25780715,16954551.25780715,0.0,0.0,6950.657807152718,12643.657807152718,5693.0
15725.0,16941322.8,16948134.862583112,16954667.862583112,0.0,0.0,6812.062583111227,13345.062583111227,6533.0
15724.0,16941317.7,16948072.72643877,16954834.72643877,0.0,0.0,6755.026438768953,13517.026438768953,6762.0
15721.0,16941293.9,16948021.207118344,16954876.207118344,0.0,0.0,6727.307118345052,13582.307118345052,6855.0
15735.0,16941901.65,16948858.25780715,16955033.25780715,0.0,0.0,6956.607807151973,13131.607807151973,6175.0
15643.0,16919697.099999998,16920222.74776817,16957511.8020512,6.0,1.0,525.6477681733668,37814.7020512037,37289.05428303033
15739.0,16942178.75,16948858.25780715,16957751.25780715,0.0,0.0,6679.507807150483,15572.507807150483,8893.0
15741.0,16942193.2,16948962.95,16957767.95,0.0,0.0,6769.75,15574.75,8805.0
15704.0,16938527.15,16954876.207118344,16957859.01768365,0.0,0.0,16349.057118345052,19331.86768365279,2982.8105653077364
15560.0,16846674.45,16847151.454701953,16958389.886371132,3.0,3.0,477.0047019533813,111715.43637113273,111238.43166917935
15710.0,16938754.099999998,16957859.01768365,16960849.332363226,0.0,0.0,19104.917683653533,22095.232363227755,2990.3146795742214
15711.0,16938760.05,16960849.332363226,16963839.358252615,0.0,0.0,22089.282363224775,25079.30825261399,2990.025889389217
15702.0,16937812.3,16948135.877498727,16966135.877498727,0.0,0.0,10323.577498726547,28323.577498726547,18000.0
15627.0,16868822.05,16870559.415835023,16968394.636650503,1.0,10.0,1737.3658350221813,99572.58665050194,97835.22081547976
15717.0,16939101.75,16948241.343488697,16969799.343488697,0.0,0.0,9139.593488696963,30697.593488696963,21558.0
15749.0,16944382.8,16948016.718337856,16973731.40061002,7.0,1.0,3633.918337855488,29348.600610017776,25714.68227216229
15524.0,16807402.75,16807402.75,16980202.75,0.0,0.0,0.0,172800.0,172800.0
15646.0,16920117.849999998,16920229.363374345,16985952.363374345,0.0,0.0,111.51337434723973,65834.51337434724,65723.0
15752.0,16987575.55,16987575.55,16987658.55,0.0,0.0,0.0,83.0,83.0
15754.0,16988241.099999998,16988241.099999998,16988320.099999998,0.0,0.0,0.0,79.0,79.0
15753.0,16987818.65,16988241.682560552,16988349.682560552,0.0,0.0,423.0325605534017,531.0325605534017,108.0
15746.0,16943095.9,16950845.63668853,16995968.63668853,0.0,0.0,7749.736688531935,52872.736688531935,45123.0
15758.0,16991858.7,16995969.443182092,16996056.443182092,0.0,0.0,4110.743182092905,4197.743182092905,87.0
15764.0,16991871.45,16995981.65821355,16996063.65821355,0.0,0.0,4110.208213549107,4192.208213549107,82.0
15757.0,16991820.45,16995968.99611287,16996082.99611287,0.0,0.0,4148.546112868935,4262.546112868935,114.0
15759.0,16991859.55,16995970.004493326,16996084.004493326,0.0,0.0,4110.454493325204,4224.454493325204,114.0
15760.0,16991859.55,16995970.852534346,16996084.852534346,0.0,0.0,4111.302534345537,4225.302534345537,114.0
15761.0,16991859.55,16995972.2488284,16996086.2488284,0.0,0.0,4112.698828399181,4226.698828399181,114.0
15765.0,16991871.45,16995986.058404915,16996095.058404915,0.0,0.0,4114.60840491578,4223.60840491578,109.0
15766.0,16991872.3,16995991.24449356,16996100.24449356,0.0,0.0,4118.944493558258,4227.944493558258,109.0
15763.0,16991860.4,16995977.98260811,16996102.98260811,0.0,0.0,4117.582608111203,4242.582608111203,125.0
15767.0,16991872.3,16995997.0608341,16996106.0608341,0.0,0.0,4124.760834097862,4233.760834097862,109.0
15797.0,16993313.05,16996063.65821355,16996111.65821355,0.0,0.0,2750.608213547617,2798.608213547617,48.0
15768.0,16991872.3,16996003.10725194,16996112.10725194,0.0,0.0,4130.807251937687,4239.807251937687,109.0
15770.0,16991898.65,16996016.405675977,16996124.405675977,0.0,0.0,4117.755675978959,4225.755675978959,108.0
15771.0,16991898.65,16996023.802866638,16996131.802866638,0.0,0.0,4125.152866639197,4233.152866639197,108.0
15769.0,16991893.55,16996009.48039769,16996134.48039769,0.0,0.0,4115.9303976893425,4240.9303976893425,125.0
15773.0,16991899.5,16996040.63213102,16996148.63213102,0.0,0.0,4141.13213102147,4249.13213102147,108.0
15798.0,16993318.15,16996084.004493326,16996158.004493326,0.0,0.0,2765.854493327439,2839.854493327439,74.0
15799.0,16993318.15,16996100.24449356,16996174.24449356,0.0,0.0,2782.094493560493,2856.094493560493,74.0
15762.0,16991860.4,16995974.97769454,16996177.17596655,0.0,3.0,4114.577694542706,4316.775966551155,202.19827200844884
15784.0,16991942.849999998,16996058.823888354,16996211.823888354,0.0,0.0,4115.973888356239,4268.973888356239,153.0
15800.0,16993319.0,16996106.0608341,16996222.0608341,0.0,0.0,2787.0608340986073,2903.0608340986073,116.0
15785.0,16991942.849999998,16996060.736892413,16996248.736892413,0.0,0.0,4117.886892415583,4305.886892415583,188.0
15795.0,16992749.5,16996178.89120921,16996251.89120921,0.0,0.0,3429.3912092112005,3502.3912092112005,73.0
15787.0,16991943.7,16996086.2488284,16996269.2488284,0.0,0.0,4142.5488284006715,4325.5488284006715,183.0
15786.0,16991943.7,16996084.852534346,16996272.852534346,0.0,0.0,4141.1525343470275,4329.1525343470275,188.0
15776.0,16991914.8,16996056.443182092,16996282.443182092,0.0,0.0,4141.643182091415,4367.643182091415,226.0
15793.0,16992194.45,16996149.7304795,16996289.74873028,0.0,1.0,3955.280479501933,4095.2987302802503,140.01825077831745
15816.0,16993820.5,16996095.058404915,16996292.495305836,0.0,1.0,2274.5584049150348,2471.9953058362007,197.43690092116594
15772.0,16991898.65,16996032.191292237,16996297.37623206,0.0,3.0,4133.5412922389805,4398.726232063025,265.1849398240447
15777.0,16991914.8,16996056.809189405,16996304.809189405,0.0,0.0,4142.009189404547,4390.009189404547,248.0
15812.0,16993811.15,16996107.17547896,16996322.360597733,1.0,1.0,2296.025478962809,2511.2105977348983,215.18511877208948
15778.0,16991914.8,16996057.31152457,16996328.31152457,0.0,0.0,4142.511524569243,4413.511524569243,271.0
15794.0,16992567.599999998,16996177.17596655,16996352.96247583,0.0,0.0,3609.5759665519,3785.3624758310616,175.7865092791617
15774.0,16991899.5,16996102.98260811,16996370.71914639,0.0,1.0,4203.482608109713,4471.219146389514,267.7365382798016
15779.0,16991914.8,16996082.99611287,16996421.14602288,5.0,0.0,4168.196112867445,4506.346022877842,338.14991001039743
15788.0,16991943.7,16996112.10725194,16996443.244742557,0.0,1.0,4168.4072519391775,4499.5447425581515,331.13749061897397
15830.0,16995845.2,16996222.0608341,16996453.99320261,2.0,0.0,376.86083409935236,608.7932026125491,231.9323685131967
15801.0,16993319.0,16996272.852534346,16996465.346100986,0.0,0.0,2953.8525343462825,3146.346100986004,192.4935666397214
15806.0,16993574.0,16996289.74873028,16996480.76990395,0.0,0.0,2715.7487302795053,2906.769903950393,191.02117367088795
15796.0,16992925.45,16996421.14602288,16996494.14602288,0.0,0.0,3495.6960228793323,3568.6960228793323,73.0
15807.0,16993710.849999998,16996322.360597733,16996496.527053036,0.0,0.0,2611.5105977356434,2785.677053038031,174.16645530238748
15815.0,16993816.25,16996480.76990395,16996614.76990395,0.0,0.0,2664.519903950393,2798.519903950393,134.0
15802.0,16993319.0,16996453.99320261,16996646.586202968,0.0,0.0,3134.993202611804,3327.586202967912,192.59300035610795
15789.0,16991943.7,16996251.89120921,16996652.741852228,3.0,0.0,4308.1912092119455,4709.0418522283435,400.85064301639795
15780.0,16991914.8,16996102.98260811,16996654.270983454,0.0,3.0,4188.1826081089675,4739.470983453095,551.2883753441274
15781.0,16991915.65,16996148.63213102,16996760.263394814,0.0,2.0,4232.98213102296,4844.613394815475,611.6312637925148
15808.0,16993800.95,16996352.96247583,16996812.743997272,0.0,0.0,2552.0124758295715,3011.793997272849,459.7815214432776
15821.0,16993840.05,16996646.586202968,16996847.528109193,0.0,0.0,2806.536202967167,3007.478109192103,200.94190622493625
15819.0,16993830.7,16996614.76990395,16996949.778217204,0.0,0.0,2784.0699039511383,3119.07821720466,335.0083132535219
15790.0,16991944.55,16996812.743997272,16996996.875484306,0.0,0.0,4868.193997271359,5052.32548430562,184.13148703426123
15803.0,16993319.0,16996949.778217204,16997142.30719666,0.0,0.0,3630.778217203915,3823.30719666183,192.52897945791483
15782.0,16991915.65,16996652.741852228,16997230.450535268,1.0,0.0,4737.0918522290885,5314.800535269082,577.708683039993
15811.0,16993811.15,16997142.30719666,16997245.30719666,0.0,0.0,3331.15719666332,3434.15719666332,103.0
15833.0,16997222.2,16997230.450535268,16997340.450535268,0.0,0.0,8.250535268336535,118.25053526833653,110.0
15831.0,16997004.599999998,16997245.30719666,16997349.30719666,0.0,0.0,240.70719666406512,344.7071966640651,104.0
15813.0,16993811.15,16997230.450535268,16997419.366926413,0.0,0.0,3419.3005352690816,3608.2169264145195,188.91639114543796
15832.0,16997146.55,16997349.30719666,16997465.30719666,0.0,0.0,202.7571966610849,318.7571966610849,116.0
15817.0,16993820.5,16997419.366926413,16997556.932553742,0.0,0.0,3598.8669264130294,3736.432553742081,137.5656273290515
15809.0,16993800.95,16996996.875484306,16997591.08124569,3.0,0.0,3195.9254843071103,3790.1312456913292,594.2057613842189
15834.0,16997454.25,16997465.30719666,16997600.30719666,0.0,0.0,11.057196661829948,146.05719666182995,135.0
15775.0,16991899.5,16997591.08124569,16997685.08124569,0.0,0.0,5691.581245690584,5785.581245690584,94.0
15835.0,16997597.05,16997600.30719666,16997698.45703767,1.0,0.0,3.2571966610848904,101.40703766793013,98.14984100684524
15837.0,16997691.4,16997698.45703767,16997802.45703767,0.0,0.0,7.0570376701653,111.0570376701653,104.0
15838.0,16997796.8,16997802.45703767,16997956.45703767,0.0,0.0,5.657037667930126,159.65703766793013,154.0
15839.0,16997971.05,16997971.05,16998086.05,0.0,0.0,0.0,115.0,115.0
15630.0,16915570.349999998,16917407.477028396,16999323.477028396,0.0,0.0,1837.1270283982158,83753.12702839822,81916.0
15823.0,16993965.0,16996494.14602288,17000315.14602288,0.0,0.0,2529.1460228785872,6350.146022878587,3821.0
15841.0,16999733.95,17000315.14602288,17000388.14602288,0.0,0.0,581.1960228793323,654.1960228793323,73.0
15842.0,16999854.65,17000315.14602288,17000388.14602288,0.0,0.0,460.49602288007736,533.4960228800774,73.0
15843.0,16999961.75,17000315.14602288,17000416.14602288,0.0,0.0,353.39602287858725,454.39602287858725,101.0
15824.0,16994061.9,16996062.818857994,17000929.006544318,2.0,0.0,2000.9188579954207,6867.10654431954,4866.18768632412
15845.0,17001368.5,17001368.5,17001515.5,0.0,0.0,0.0,147.0,147.0
15633.0,16918145.849999998,16918710.184852455,17001518.184852455,0.0,0.0,564.3348524570465,83372.33485245705,82808.0
15791.0,16991944.55,17001518.184852455,17001904.728058953,0.0,0.0,9573.634852454066,9960.178058952093,386.54320649802685
15847.0,17001838.55,17001905.434694715,17002012.434694715,0.0,0.0,66.88469471409917,173.88469471409917,107.0
15804.0,16993319.849999998,17001904.728058953,17002078.92922434,0.0,0.0,8584.878058955073,8759.079224340618,174.2011653855443
15810.0,16993801.8,17002078.92922434,17002322.670636132,0.0,0.0,8277.129224337637,8520.870636131614,243.74141179397702
15849.0,17002119.9,17002322.991451085,17002393.991451085,0.0,0.0,203.09145108610392,274.0914510861039,71.0
15814.0,16993812.0,17002322.670636132,17002476.85689458,0.0,0.0,8510.67063613236,8664.856894578785,154.1862584464252
15818.0,16993820.5,17002476.85689458,17002667.63159914,0.0,0.0,8656.356894578785,8847.131599139422,190.77470456063747
15820.0,16993831.55,17002667.63159914,17002821.81977291,0.0,0.0,8836.081599138677,8990.269772909582,154.18817377090454
15822.0,16993840.05,17002821.81977291,17003092.604346223,0.0,0.0,8981.769772909582,9252.55434622243,270.7845733128488
15840.0,16999333.599999998,16999333.599999998,17003155.599999998,0.0,0.0,0.0,3822.0,3822.0
15825.0,16994847.3,17003092.604346223,17003316.39302145,0.0,0.0,8245.30434622243,8469.093021448702,223.78867522627115
15756.0,16988878.599999998,16995968.63668853,17003604.63668853,0.0,0.0,7090.03668853268,14726.03668853268,7636.0
15852.0,17003668.599999998,17003668.599999998,17003826.599999998,0.0,0.0,0.0,158.0,158.0
15826.0,16994905.099999998,17003316.39302145,17003961.947528493,1.0,0.0,8411.293021451682,9056.847528494895,645.5545070432127
15853.0,17003877.7,17003877.7,17003993.7,0.0,0.0,0.0,116.0,116.0
15566.0,16848139.849999998,16848603.0,17004067.29315359,6.0,5.0,463.1500000022352,155927.4431535937,155464.29315359145
15854.0,17004043.45,17004043.45,17004178.45,0.0,0.0,0.0,135.0,135.0
15827.0,16995234.9,17003961.947528493,17004336.766020015,0.0,0.0,8727.04752849415,9101.866020016372,374.81849152222276
15829.0,16995341.15,16996181.39026462,17004572.39026462,0.0,0.0,840.2402646206319,9231.240264620632,8391.0
15828.0,16995242.55,17004503.799500726,17004731.799500726,0.0,0.0,9261.249500725418,9489.249500725418,228.0
15846.0,17001812.2,17004731.799500726,17004872.799500726,0.0,0.0,2919.5995007269084,3060.5995007269084,141.0
15856.0,17005383.05,17005383.05,17005483.05,0.0,0.0,0.0,100.0,100.0
15836.0,16997608.95,16997685.08124569,17005749.08124569,0.0,0.0,76.13124569132924,8140.131245691329,8064.0
15857.0,17005779.15,17005779.15,17005875.15,0.0,0.0,0.0,96.0,96.0
15858.0,17006725.2,17006725.2,17006795.2,0.0,0.0,0.0,70.0,70.0
15641.0,16919669.05,16920217.326574203,17006901.197489858,3.0,4.0,548.2765742018819,87232.14748985693,86683.87091565505
15859.0,17006912.2,17006912.2,17007023.2,0.0,0.0,0.0,111.0,111.0
15860.0,17007009.95,17007023.2,17007094.2,0.0,0.0,13.25,84.25,71.0
15862.0,17007124.7,17007124.7,17007213.7,0.0,0.0,0.0,89.0,89.0
15861.0,17007111.099999998,17007125.444337636,17007236.444337636,0.0,0.0,14.34433763846755,125.34433763846755,111.0
15863.0,17007282.8,17007282.8,17007382.8,0.0,0.0,0.0,100.0,100.0
15865.0,17007375.45,17007382.8,17007533.8,0.0,0.0,7.350000001490116,158.35000000149012,151.0
15864.0,17007290.45,17007383.518707104,17007556.518707104,0.0,0.0,93.06870710477233,266.06870710477233,173.0
15866.0,17007539.5,17007539.5,17007650.5,0.0,0.0,0.0,111.0,111.0
15867.0,17007601.55,17007601.55,17007761.55,0.0,0.0,0.0,160.0,160.0
15868.0,17007943.25,17007943.25,17008011.25,0.0,0.0,0.0,68.0,68.0
15869.0,17008022.3,17008022.3,17008136.3,0.0,0.0,0.0,114.0,114.0
15870.0,17008053.75,17008136.933565497,17008318.933565497,0.0,0.0,83.18356549739838,265.1835654973984,182.0
15871.0,17008104.75,17008136.3,17008342.3,0.0,0.0,31.550000000745058,237.55000000074506,206.0
15872.0,17008178.7,17008318.933565497,17008482.933565497,0.0,0.0,140.23356549814343,304.23356549814343,164.0
15874.0,17008532.3,17008532.3,17008697.3,0.0,0.0,0.0,165.0,165.0
15873.0,17008316.4,17008319.539572116,17008723.539572116,0.0,0.0,3.1395721174776554,407.13957211747766,404.0
15851.0,17002784.599999998,17002823.109788526,17008727.109788526,0.0,0.0,38.509788528084755,5942.509788528085,5904.0
15875.0,17008556.099999998,17008697.3,17008865.3,0.0,0.0,141.20000000298023,309.20000000298023,168.0
15850.0,17002765.9,17002822.24814918,17009202.24814918,0.0,0.0,56.34814918041229,6436.348149180412,6380.0
15639.0,16919652.9,16920213.569366824,17009257.277809117,2.0,4.0,560.669366825372,89604.37780911848,89043.70844229311
15783.0,16991915.65,17009584.382832583,17009720.382832583,0.0,0.0,17668.73283258453,17804.73283258453,136.0
15877.0,17009582.9,17009582.9,17009735.9,0.0,0.0,0.0,153.0,153.0
15878.0,17009595.65,17009720.681764174,17009901.681764174,0.0,0.0,125.03176417574286,306.03176417574286,181.0
15883.0,17009931.4,17009944.816922992,17010060.816922992,0.0,0.0,13.416922993957996,129.416922993958,116.0
15882.0,17009853.2,17009942.437224925,17010073.437224925,0.0,0.0,89.23722492530942,220.23722492530942,131.0
15884.0,17009939.05,17009939.05,17010130.05,0.0,0.0,0.0,191.0,191.0
15885.0,17009952.65,17010060.816922992,17010198.816922992,0.0,0.0,108.166922993958,246.166922993958,138.0
15887.0,17010007.9,17010062.775422737,17010371.775422737,0.0,0.0,54.87542273849249,363.8754227384925,309.0
15886.0,17009954.349999998,17010061.396000277,17010394.396000277,0.0,0.0,107.04600027948618,440.0460002794862,333.0
15876.0,17008658.95,17008697.50961328,17010766.50961328,0.0,0.0,38.5596132799983,2107.5596132799983,2069.0
15895.0,17010435.45,17010766.50961328,17011059.93375382,0.0,0.0,331.0596132799983,624.4837538190186,293.4241405390203
15892.0,17010249.3,17010394.396000277,17011234.396000277,0.0,0.0,145.09600027650595,985.096000276506,840.0
15890.0,17010174.5,17010371.775422737,17011856.29093507,0.0,0.0,197.27542273700237,1681.7909350693226,1484.5155123323202
15899.0,17011191.099999998,17011856.29093507,17011959.29093507,0.0,0.0,665.1909350715578,768.1909350715578,103.0
15894.0,17010425.25,17011856.29093507,17011991.29093507,0.0,0.0,1431.0409350693226,1566.0409350693226,135.0
15903.0,17011400.2,17011959.29093507,17012071.29093507,0.0,0.0,559.0909350700676,671.0909350700676,112.0
15792.0,16991944.55,17009720.382832583,17012091.998855222,0.0,5.0,17775.832832582295,20147.44885522127,2371.6160226389766
15904.0,17011689.2,17011991.29093507,17012106.29093507,0.0,0.0,302.09093507006764,417.09093507006764,115.0
15902.0,17011388.3,17011959.29093507,17012125.29093507,0.0,0.0,570.9909350685775,736.9909350685775,166.0
15889.0,17010154.95,17010154.95,17012147.16527718,1.0,0.0,0.0,1992.2152771800756,1992.2152771800756
15888.0,17010043.599999998,17010064.889011987,17012152.91784654,1.0,1.0,21.289011988788843,2109.317846544087,2088.028834555298
15905.0,17011702.8,17012071.29093507,17012248.29093507,0.0,0.0,368.4909350685775,545.4909350685775,177.0
15898.0,17011138.4,17011138.4,17012249.4,0.0,0.0,0.0,1111.0,1111.0
15907.0,17012147.349999998,17012152.91784654,17012311.91784654,0.0,0.0,5.567846544086933,164.56784654408693,159.0
15668.0,16931736.5,16947915.40706161,17012559.40706161,0.0,0.0,16178.90706161037,80822.90706161037,64644.0
15805.0,16993319.849999998,17012091.998855222,17013639.880491592,3.0,0.0,18772.14885522425,20320.030491594225,1547.8816363699734
15911.0,17012900.45,17013639.880491592,17013692.880491592,0.0,0.0,739.430491592735,792.430491592735,53.0
15909.0,17012589.349999998,17012589.349999998,17013739.349999998,0.0,0.0,0.0,1150.0,1150.0
15910.0,17012898.75,17013639.880491592,17013807.880491592,0.0,0.0,741.13049159199,909.13049159199,168.0
15912.0,17013124.849999998,17013639.880491592,17013814.880491592,0.0,0.0,515.0304915942252,690.0304915942252,175.0
15914.0,17013503.099999998,17013695.82871505,17013846.82871505,0.0,0.0,192.72871505096555,343.72871505096555,151.0
15913.0,17013137.599999998,17013692.880491592,17013856.880491592,0.0,0.0,555.2804915942252,719.2804915942252,164.0
15915.0,17013517.55,17013807.880491592,17013947.880491592,0.0,0.0,290.33049159124494,430.33049159124494,140.0
15917.0,17013688.4,17013739.349999998,17013949.861434158,1.0,0.0,50.94999999925494,261.4614341594279,210.51143416017294
15921.0,17013855.0,17013855.0,17013993.0,0.0,0.0,0.0,138.0,138.0
15920.0,17013844.8,17013844.8,17014004.8,0.0,0.0,0.0,160.0,160.0
15922.0,17013933.2,17013933.2,17014299.2,0.0,0.0,0.0,366.0,366.0
15891.0,17010216.15,17010373.119443506,17014469.119443506,0.0,0.0,156.96944350749254,4252.9694435074925,4096.0
15923.0,17014223.9,17014223.9,17014730.5018806,1.0,0.0,0.0,506.6018806025386,506.6018806025386
15893.0,17010268.849999998,17011234.396000277,17015290.396000277,0.0,0.0,965.5460002794862,5021.546000279486,4056.0
15939.0,17015125.75,17015291.1733514,17015408.1733514,0.0,0.0,165.4233513996005,282.4233513996005,117.0
15940.0,17015126.599999998,17015408.1733514,17015525.1733514,0.0,0.0,281.5733514018357,398.5733514018357,117.0
15926.0,17014967.65,17015290.396000277,17015582.396000277,0.0,0.0,322.7460002787411,614.7460002787411,292.0
15848.0,17001864.9,17001906.345525086,17015609.345525086,0.0,0.0,41.44552508741617,13744.445525087416,13703.0
15941.0,17015127.45,17015525.1733514,17015642.1733514,0.0,0.0,397.72335140034556,514.7233514003456,117.0
15925.0,17014946.4,17014946.4,17015743.4,0.0,0.0,0.0,797.0,797.0
15929.0,17015015.25,17015642.1733514,17015839.525757395,0.0,0.0,626.9233513996005,824.275757394731,197.35240599513054
15930.0,17015016.099999998,17015839.525757395,17016017.009699583,0.0,0.0,823.4257573969662,1000.9096995852888,177.48394218832254
15928.0,17015003.349999998,17015290.396000277,17016069.136309177,1.0,0.0,287.0460002794862,1065.7863091789186,778.7403088994324
15931.0,17015016.099999998,17016017.009699583,17016219.603626687,0.0,0.0,1000.9096995852888,1203.5036266893148,202.59392710402608
15932.0,17015016.95,17016219.603626687,17016415.366732273,0.0,0.0,1202.6536266878247,1398.4167322739959,195.76310558617115
15949.0,17015805.75,17015805.75,17016513.75,0.0,0.0,0.0,708.0,708.0
15933.0,17015017.8,17016415.366732273,17016611.380249612,0.0,0.0,1397.5667322725058,1593.5802496112883,196.01351733878255
15942.0,17015128.3,17016611.380249612,17016728.380249612,0.0,0.0,1483.0802496112883,1600.0802496112883,117.0
15943.0,17015128.3,17016728.380249612,17016845.380249612,0.0,0.0,1600.0802496112883,1717.0802496112883,117.0
15951.0,17016372.7,17016845.380249612,17016978.380249612,0.0,0.0,472.6802496127784,605.6802496127784,133.0
15952.0,17016373.55,17016978.380249612,17017111.380249612,0.0,0.0,604.8302496112883,737.8302496112883,133.0
15953.0,17016374.4,17017111.380249612,17017244.380249612,0.0,0.0,736.9802496135235,869.9802496135235,133.0
15954.0,17016374.4,17017244.380249612,17017377.380249612,0.0,0.0,869.9802496135235,1002.9802496135235,133.0
15955.0,17016375.25,17017377.380249612,17017510.380249612,0.0,0.0,1002.1302496120334,1135.1302496120334,133.0
15956.0,17016376.099999998,17017510.380249612,17017643.380249612,0.0,0.0,1134.2802496142685,1267.2802496142685,133.0
15622.0,16867558.95,16870555.665147584,17017682.665147584,0.0,0.0,2996.7151475846767,150123.71514758468,147127.0
15855.0,17004502.45,17004502.45,17025339.45,0.0,0.0,0.0,20837.0,20837.0
15644.0,16919971.65,16920225.919982035,17026196.919982035,0.0,0.0,254.26998203620315,106225.2699820362,105971.0
15640.0,16919660.55,16920215.44424252,17026706.44424252,0.0,0.0,554.8942425176501,107045.89424251765,106491.0
15924.0,17014903.9,17026706.44424252,17026804.44424252,0.0,0.0,11802.544242519885,11900.544242519885,98.0
15927.0,17014975.3,17026706.895562153,17026812.895562153,0.0,0.0,11731.595562152565,11837.595562152565,106.0
15934.0,17015040.75,17026812.895562153,17026918.895562153,0.0,0.0,11772.14556215331,11878.14556215331,106.0
15935.0,17015041.599999998,17026918.895562153,17027024.895562153,0.0,0.0,11877.295562155545,11983.295562155545,106.0
15936.0,17015042.45,17027024.895562153,17027131.895562153,0.0,0.0,11982.445562154055,12089.445562154055,107.0
15937.0,17015043.3,17027131.895562153,17027209.895562153,0.0,0.0,12088.595562152565,12166.595562152565,78.0
15938.0,17015044.15,17027209.895562153,17027316.895562153,0.0,0.0,12165.7455621548,12272.7455621548,107.0
15944.0,17015664.65,17027316.895562153,17027431.895562153,0.0,0.0,11652.2455621548,11767.2455621548,115.0
15945.0,17015666.349999998,17027431.895562153,17027568.895562153,0.0,0.0,11765.545562155545,11902.545562155545,137.0
15946.0,17015668.9,17027568.895562153,17027702.895562153,0.0,0.0,11899.9955621548,12033.9955621548,134.0
15947.0,17015670.599999998,17027702.895562153,17027795.895562153,0.0,0.0,12032.295562155545,12125.295562155545,93.0
15948.0,17015673.15,17027795.895562153,17027918.895562153,0.0,0.0,12122.7455621548,12245.7455621548,123.0
15958.0,17030713.05,17030713.05,17030839.05,0.0,0.0,0.0,126.0,126.0
15959.0,17030922.15,17030922.15,17031029.15,0.0,0.0,0.0,107.0,107.0
15960.0,17031014.8,17031029.15,17031161.15,0.0,0.0,14.349999997764826,146.34999999776483,132.0
15961.0,17031014.8,17031029.430500954,17031161.430500954,0.0,0.0,14.630500953644514,146.6305009536445,132.0
15962.0,17031015.65,17031030.438349012,17031162.438349012,0.0,0.0,14.788349013775587,146.7883490137756,132.0
15963.0,17031015.65,17031032.09121835,17031164.09121835,0.0,0.0,16.441218350082636,148.44121835008264,132.0
15967.0,17031015.65,17031164.09121835,17031258.09121835,0.0,0.0,148.44121835008264,242.44121835008264,94.0
15964.0,17031015.65,17031161.15,17031293.15,0.0,0.0,145.5,277.5,132.0
15965.0,17031015.65,17031161.430500954,17031293.430500954,0.0,0.0,145.7805009558797,277.7805009558797,132.0
15966.0,17031015.65,17031162.438349012,17031294.438349012,0.0,0.0,146.7883490137756,278.7883490137756,132.0
15969.0,17031017.349999998,17031293.15,17031387.15,0.0,0.0,275.80000000074506,369.80000000074506,94.0
15968.0,17031015.65,17031258.09121835,17031405.09121835,0.0,0.0,242.44121835008264,389.44121835008264,147.0
15970.0,17031549.45,17031549.45,17031681.45,0.0,0.0,0.0,132.0,132.0
15971.0,17031549.45,17031549.45,17031681.45,0.0,0.0,0.0,132.0,132.0
15972.0,17031549.45,17031549.45,17031681.45,0.0,0.0,0.0,132.0,132.0
15973.0,17031549.45,17031549.45,17031681.45,0.0,0.0,0.0,132.0,132.0
15977.0,17031550.3,17031681.45,17031775.45,0.0,0.0,131.14999999850988,225.14999999850988,94.0
15718.0,16939170.599999998,16948258.169650994,17031781.169650994,0.0,0.0,9087.569650996476,92610.56965099648,83523.0
15974.0,17031549.45,17031681.45,17031813.45,0.0,0.0,132.0,264.0,132.0
15975.0,17031549.45,17031681.45,17031813.45,0.0,0.0,132.0,264.0,132.0
15976.0,17031550.3,17031681.45,17031813.45,0.0,0.0,131.14999999850988,263.1499999985099,132.0
15978.0,17031550.3,17031775.45,17031869.45,0.0,0.0,225.14999999850988,319.1499999985099,94.0
15979.0,17031550.3,17031813.45,17031907.45,0.0,0.0,263.1499999985099,357.1499999985099,94.0
15980.0,17031550.3,17031813.45,17031907.45,0.0,0.0,263.1499999985099,357.1499999985099,94.0
15981.0,17031550.3,17031813.45,17031907.45,0.0,0.0,263.1499999985099,357.1499999985099,94.0
15983.0,17031551.15,17031907.45,17032001.45,0.0,0.0,356.30000000074506,450.30000000074506,94.0
15982.0,17031550.3,17031869.45,17032005.45,0.0,0.0,319.1499999985099,455.1499999985099,136.0
15984.0,17031551.15,17031907.45,17032040.45,0.0,0.0,356.30000000074506,489.30000000074506,133.0
15985.0,17031551.15,17031907.45,17032040.45,0.0,0.0,356.30000000074506,489.30000000074506,133.0
15986.0,17031551.15,17032001.45,17032134.45,0.0,0.0,450.30000000074506,583.3000000007451,133.0
15987.0,17031551.15,17032005.45,17032138.45,0.0,0.0,454.30000000074506,587.3000000007451,133.0
15988.0,17031551.15,17032040.45,17032173.45,0.0,0.0,489.30000000074506,622.3000000007451,133.0
15989.0,17031551.15,17032040.45,17032173.45,0.0,0.0,489.30000000074506,622.3000000007451,133.0
15916.0,17013632.3,17013639.880491592,17045146.880491592,0.0,0.0,7.580491591244936,31514.580491591245,31507.0
15950.0,17015912.849999998,17016611.380249612,17052565.380249612,0.0,0.0,698.5302496142685,36652.53024961427,35954.0
15957.0,17016903.95,17016979.023437794,17052933.023437794,0.0,0.0,75.07343779504299,36029.07343779504,35954.0
15990.0,17063353.9,17063353.9,17063497.9,0.0,0.0,0.0,144.0,144.0
15991.0,17063645.45,17063645.45,17063681.45,0.0,0.0,0.0,36.0,36.0
15582.0,16854077.099999998,16854077.099999998,17067412.445927553,5.0,8.0,0.0,213335.3459275551,213335.3459275551
15992.0,17063682.849999998,17067412.445927553,17067485.445927553,0.0,0.0,3729.595927555114,3802.595927555114,73.0
15994.0,17063939.55,17067413.257685997,17067531.257685997,0.0,0.0,3473.707685995847,3591.707685995847,118.0
15995.0,17063940.4,17067414.356558107,17067542.356558107,0.0,0.0,3473.95655810833,3601.95655810833,128.0
15993.0,17063859.65,17067412.669870067,17067557.669870067,0.0,0.0,3553.019870068878,3698.019870068878,145.0
15996.0,17063940.4,17067415.65556651,17067574.65556651,0.0,0.0,3475.255566511303,3634.255566511303,159.0
15997.0,17063940.4,17067485.445927553,17067644.445927553,0.0,0.0,3545.045927554369,3704.045927554369,159.0
16000.0,17063941.25,17067557.669870067,17067685.669870067,0.0,0.0,3616.419870067388,3744.419870067388,128.0
15998.0,17063940.4,17067531.257685997,17067690.257685997,0.0,0.0,3590.857685998082,3749.857685998082,159.0
15999.0,17063940.4,17067542.356558107,17067701.356558107,0.0,0.0,3601.95655810833,3760.95655810833,159.0
15535.0,16818322.7,16818322.7,17071072.617184486,8.0,11.0,0.0,252749.91718448699,252749.91718448699
15542.0,16843089.15,16845061.39511418,17075866.879633248,4.0,8.0,1972.2451141811907,232777.72963324934,230805.48451906815
15536.0,16818458.7,16826845.964623466,17078816.38286257,5.0,20.0,8387.26462346688,260357.68286257237,251970.4182391055
15881.0,17009725.7,17013639.880491592,17088058.880491592,0.0,0.0,3914.180491592735,78333.18049159274,74419.0
15844.0,17001260.55,17088058.880491592,17088177.880491592,0.0,0.0,86798.33049159124,86917.33049159124,119.0
15626.0,16868800.8,16870555.665147584,17092678.21144921,1.0,10.0,1754.8651475831866,223877.41144920886,222122.54630162567
15657.0,16924161.3,16924161.3,17096909.3,0.0,0.0,0.0,172748.0,172748.0
15919.0,17013718.15,17013993.0,17097951.0,0.0,0.0,274.8500000014901,84232.85000000149,83958.0
15901.0,17011215.75,17012147.246334042,17099055.246334042,0.0,0.0,931.4963340424001,87839.4963340424,86908.0
15897.0,17010969.25,17012147.16527718,17099317.16527718,0.0,0.0,1177.9152771793306,88347.91527717933,87170.0
15906.0,17011922.95,17012106.29093507,17100598.29093507,0.0,0.0,183.34093507006764,88675.34093507007,88492.0
15908.0,17012313.099999998,17012313.099999998,17101865.099999998,0.0,0.0,0.0,89552.0,89552.0
15880.0,17009636.45,17013639.880491592,17114360.322515983,9.0,9.0,4003.430491592735,104723.87251598388,100720.44202439114
15583.0,16854086.45,16854824.87599691,17118198.50211571,6.0,11.0,738.4259969107807,264112.0521157123,263373.62611880153
15751.0,16946376.05,16951356.371190704,17124156.371190704,0.0,0.0,4980.32119070366,177780.32119070366,172800.0
15629.0,16915504.05,16917406.330025427,17129198.330025427,0.0,0.0,1902.2800254262984,213694.2800254263,211792.0
15750.0,16946282.55,16968394.636650503,17129923.636650503,0.0,0.0,22112.086650501937,183641.08665050194,161529.0
15918.0,17013708.8,17025339.45,17135807.45,0.0,0.0,11630.64999999851,122098.64999999851,110468.0
15879.0,17009613.5,17009940.466579642,17148697.671429712,2.0,8.0,326.9665796421468,139084.17142971233,138757.20485007018
15755.0,16988509.7,16988509.7,17161309.7,0.0,0.0,0.0,172800.0,172800.0
15537.0,16818597.25,16826845.964623466,17163133.746278934,6.0,6.0,8248.714623466134,344536.4962789342,336287.78165546805
15900.0,17011194.5,17014469.119443506,17170720.119443506,0.0,0.0,3274.6194435060024,159525.619443506,156251.0
15896.0,17010952.25,17013694.130264945,17173204.130264945,0.0,0.0,2741.8802649453282,162251.88026494533,159510.0
15659.0,16925084.4,16925374.65975638,17177374.65975638,0.0,0.0,290.25975638255477,252290.25975638255,252000.0
15660.0,16925112.45,16925374.65975638,17177374.65975638,0.0,0.0,262.2097563818097,252262.2097563818,252000.0
15661.0,16925120.099999998,16925374.65975638,17177374.65975638,0.0,0.0,254.55975638329983,252254.5597563833,252000.0
15533.0,16818062.599999998,16818062.599999998,17194281.067685645,11.0,12.0,0.0,376218.4676856473,376218.4676856473
15532.0,16818020.95,16818020.95,17196670.79196491,3.0,11.0,0.0,378649.84196491167,378649.84196491167
15688.0,16935647.349999998,16947986.244369596,17200586.244369596,0.0,0.0,12338.894369598478,264938.8943695985,252600.0
15694.0,16936165.0,16948041.10857334,17200641.10857334,0.0,0.0,11876.10857333988,264476.1085733399,252600.0
15697.0,16936214.3,16948073.271057222,17200673.271057222,0.0,0.0,11858.971057221293,264458.9710572213,252600.0
15534.0,16818094.05,16818094.05,17203733.309967462,3.0,8.0,0.0,385639.2599674612,385639.2599674612
15696.0,16936193.05,16948062.28125348,17264125.900859773,6.0,7.0,11869.231253478676,327932.8508597724,316063.61960629374
